	flight_date	flight_number	tail_number	aircraft_type_code	aircraft_model	size_code	origin_airport	scheduled_departure_date	off_block_date	take_off_date	destination_airport	landing_date	on_block_date	scheduled_arrival_date	service_type	aircraft_owner_code	registered_delay_date	delay_minutes	delay_code	delay_sub_code	origin_air_temperature	origin_wind_direction	origin_wind_speed	origin_visibility	origin_wind_gust	origin_cloud_coverage_lvl_1	origin_cloud_coverage_lvl_2	origin_cloud_coverage_lvl_3	origin_cloud_height_lvl_1	origin_cloud_height_lvl_2	origin_cloud_height_lvl_3	origin_ice_accretion_1h	origin_ice_accretion_3h	origin_ice_accretion_6h	origin_peak_wind_gust	origin_peak_wind_direction	destination_air_temperature	destination_wind_direction	destination_wind_speed	destination_visibility	destination_wind_gust	destination_cloud_coverage_lvl_1	destination_cloud_coverage_lvl_2	destination_cloud_coverage_lvl_3	destination_cloud_height_lvl_1	destination_cloud_height_lvl_2	destination_cloud_height_lvl_3	destination_ice_accretion_1h	destination_ice_accretion_3h	destination_ice_accretion_6h	destination_peak_wind_gust	destination_peak_wind_direction
465000	2018-03-27 00:00:00	658.0	CSTTN	319	AIRBUS A319-111	NB	OPO	2018-03-27 11:15:00	2018-03-27 11:24:00	2018-03-27 11:31:00	AMS	2018-03-27 13:47:00	2018-03-27 13:57:00	2018-03-27 14:00:00	J	TP	2018-03-27 12:04:16	4.0	16.0	D	14.0	300.0	6.0	6.21		FEW	BKN	M	1500.0	2400.0							8.0	160.0	12.0	6.21		FEW	SCT	BKN	2000.0	3200.0	4000.0					
465001	2018-03-27 00:00:00	561.0	CSTNK	320	AIRBUS A320-211	NB	HAM	2018-03-27 11:20:00	2018-03-27 12:07:00	2018-03-27 12:21:00	LIS	2018-03-27 15:27:00	2018-03-27 15:32:00	2018-03-27 14:50:00	J	TP	2018-03-27 13:42:39	14.0	18.0	A	8.0	180.0	7.0	6.21		SCT	BKN	BKN	3500.0	7000.0	25000.0						21.0	340.0	12.0	6.21		M	M	M								
465002	2018-03-27 00:00:00	1102.0	CSDJH	AT7	ATR 72	WI	LIS	2018-03-27 11:20:00	2018-03-27 11:44:00	2018-03-27 11:55:00	SVQ	2018-03-27 12:41:00	2018-03-27 12:46:00	2018-03-27 12:35:00	J	WI	2018-03-27 11:55:59	24.0	31.0	A	18.0	330.0	7.0	6.21		FEW	M	M	2000.0								20.0	90.0	4.0	6.21		M	M	M								
465003	2018-03-27 00:00:00	1140.0	CSDJF	AT7	ATR 72	WI	LIS	2018-03-27 11:20:00	2018-03-27 11:27:00	2018-03-27 11:36:00	VGO	2018-03-27 12:37:00	2018-03-27 12:40:00	2018-03-27 12:40:00	J	WI	2018-03-27 11:45:59	7.0	93.0	O	18.0	330.0	7.0	6.21		FEW	M	M	2000.0								14.0	260.0	7.0	6.21		BKN	M	M	1800.0							
465004	2018-03-27 00:00:00	1271.0	CSTNN	320	AIRBUS A320-211	NB	VIE	2018-03-27 11:20:00	2018-03-27 11:45:00	2018-03-27 11:54:00	LIS	2018-03-27 15:01:00	2018-03-27 15:09:00	2018-03-27 14:55:00	J	TP	2018-03-28 10:04:59	8.0	85.0	C	9.0	350.0	7.0	6.21		FEW	BKN	M	3400.0	4800.0							21.0	330.0	11.0	6.21		M	M	M								
465005	2018-03-27 00:00:00	2615.0	CSTKR	763	BOEING 767-300/300ER		LIS	2018-03-27 11:20:00	2018-03-27 13:03:00	2018-03-27 13:14:00	CCS	2018-03-27 21:35:00	2018-03-27 21:45:00	2018-03-27 19:45:00	J	YU	2018-03-27 13:18:59	103.0	93.0	R	19.0	80.0	5.0	6.21		FEW	M	M	2500.0								26.0	70.0	3.0	6.21		OVC	M	M	1600.0							
465006	2018-03-27 00:00:00	573.0	CSTNM	320	AIRBUS A320-211	NB	FRA	2018-03-27 11:25:00	2018-03-27 11:56:00	2018-03-27 12:13:00	LIS	2018-03-27 14:52:00	2018-03-27 14:56:00	2018-03-27 14:35:00	J	TP	2018-03-28 10:06:59	24.0	38.0	0	10.0	190.0	11.0	6.21		FEW	BKN	BKN	3500.0	4800.0	8000.0						21.0	330.0	11.0	6.21		M	M	M								
465007	2018-03-27 00:00:00	836.0	CSTTV	319	AIRBUS A319-111	NB	LIS	2018-03-27 11:25:00	2018-03-27 11:25:00	2018-03-27 11:34:00	FCO	2018-03-27 14:15:00	2018-03-27 14:24:00	2018-03-27 14:15:00	J	TP					18.0	330.0	7.0	6.21		FEW	M	M	2000.0								15.0	280.0	9.0	6.21		M	M	M								
465008	2018-03-27 00:00:00	442.0	CSTTK	319	AIRBUS A319-111	NB	LIS	2018-03-27 11:30:00	2018-03-27 11:42:00	2018-03-27 11:52:00	ORY	2018-03-27 14:06:00	2018-03-27 14:11:00	2018-03-27 13:55:00	J	TP	2018-03-27 11:53:59	12.0	67.0	0	18.0	330.0	7.0	6.21		FEW	M	M	2000.0								12.0	230.0	8.0	6.21		SCT	BKN	M	600.0	3300.0						
465009	2018-03-27 00:00:00	931.0	CSTTO	319	AIRBUS A319-111	NB	ZRH	2018-03-27 11:30:00	2018-03-27 11:32:00	2018-03-27 11:41:00	LIS	2018-03-27 14:03:00	2018-03-27 14:07:00	2018-03-27 14:20:00	J	TP	2018-03-27 11:54:10	2.0	89.0	0	9.0	160.0	8.0	6.21		FEW	SCT	BKN	2500.0	3600.0	7500.0						21.0	340.0	11.0	6.21		M	M	M								
465010	2018-03-27 00:00:00	1937.0	CSDJC	AT7	ATR 72	WI	OPO	2018-03-27 11:30:00	2018-03-27 11:35:00	2018-03-27 11:38:00	LIS	2018-03-27 12:27:00	2018-03-27 12:30:00	2018-03-27 12:30:00	J	WI	2018-03-27 12:19:18	5.0	93.0	R	14.0	300.0	6.0	6.21		FEW	BKN	M	1500.0	2400.0							18.0	100.0	6.0	6.21		FEW	M	M	2000.0							
465011	2018-03-27 00:00:00	557.0	CSTNY	320	AIRBUS A320-211	NB	MUC	2018-03-27 11:35:00	2018-03-27 11:43:00	2018-03-27 11:53:00	LIS	2018-03-27 14:37:00	2018-03-27 14:41:00	2018-03-27 14:50:00	J	TP	2018-03-28 02:55:59	3.0	16.0	H	8.0	250.0	6.0	6.21		SCT	M	M	3800.0								21.0	340.0	12.0	6.21		M	M	M								
465012	2018-03-27 00:00:00	826.0	CSTTR	319	AIRBUS A319-111	NB	LIS	2018-03-27 11:35:00	2018-03-27 11:33:00	2018-03-27 11:40:00	MXP	2018-03-27 13:53:00	2018-03-27 13:59:00	2018-03-27 14:10:00	J	TP					18.0	330.0	7.0	6.21		FEW	M	M	2000.0								16.0	210.0	6.0	6.21		M	M	M								
465013	2018-03-27 00:00:00	839.0	CSTTP	319	AIRBUS A319-111	NB	FCO	2018-03-27 11:35:00	2018-03-27 12:15:00	2018-03-27 12:33:00	LIS	2018-03-27 15:08:00	2018-03-27 15:12:00	2018-03-27 14:45:00	J	TP	2018-03-28 10:15:59	7.0	89.0	0	15.0	260.0	10.0	6.21		M	M	M									21.0	330.0	11.0	6.21		M	M	M								
465014	2018-03-27 00:00:00	939.0	CSTTE	319	AIRBUS A319-111	NB	GVA	2018-03-27 11:40:00	2018-03-27 11:41:00	2018-03-27 11:52:00	OPO	2018-03-27 13:49:00	2018-03-27 13:53:00	2018-03-27 13:55:00	J	TP	2018-03-27 12:05:18	1.0	89.0	0	10.0	240.0	7.0	6.21		SCT	BKN	BKN	5000.0	6000.0	7000.0						14.0	300.0	7.0	6.21		FEW	M	M	1800.0							
465015	2018-03-27 00:00:00	663.0	CSTTF	319	AIRBUS A319-111	NB	AMS	2018-03-27 11:45:00	2018-03-27 12:26:00	2018-03-27 12:38:00	LIS	2018-03-27 15:15:00	2018-03-27 15:20:00	2018-03-27 14:45:00	J	TP	2018-03-28 02:58:59	16.0	16.0	A	9.0	170.0	10.0	6.21		FEW	SCT	M	3200.0	3800.0							21.0	340.0	12.0	6.21		M	M	M								
465016	2018-03-27 00:00:00	692.0	CSTNW	320	AIRBUS A320-211	NB	LIS	2018-03-27 11:50:00	2018-03-27 11:49:00	2018-03-27 12:01:00	LUX	2018-03-27 14:25:00	2018-03-27 14:30:00	2018-03-27 14:30:00	J	TP					19.0	20.0	6.0	6.21		FEW	M	M	2000.0								5.0	190.0	9.0	2.8		FEW	SCT	BKN	800.0	1200.0	1600.0					
465017	2018-03-27 00:00:00	201.0	CSTOP	332	AIRBUS A330-200	WB	LIS	2018-03-27 11:55:00	2018-03-27 11:53:00	2018-03-27 12:05:00	EWR	2018-03-27 19:38:00	2018-03-27 19:43:00	2018-03-27 19:50:00	J	TP					19.0	20.0	6.0	6.21		FEW	M	M	2000.0									160.0	5.0	10.0		M	M	M								
465018	2018-03-27 00:00:00	342.0	CSTNG	320	AIRBUS A320-211	NB	LIS	2018-03-27 11:55:00	2018-03-27 12:01:00	2018-03-27 12:12:00	LGW	2018-03-27 14:21:00	2018-03-27 14:31:00	2018-03-27 14:35:00	J	TP	2018-03-27 12:19:59	6.0	89.0	0	19.0	20.0	6.0	6.21		FEW	M	M	2000.0								15.0	260.0	14.0	6.21		FEW	SCT	M	2400.0	3000.0						
465019	2018-03-27 00:00:00	1938.0	CSDJG	AT7	ATR 72	WI	LIS	2018-03-27 12:00:00	2018-03-27 12:18:00	2018-03-27 12:28:00	OPO	2018-03-27 13:10:00	2018-03-27 13:15:00	2018-03-27 13:00:00	J	WI	2018-03-27 12:42:59	4.0	89.0	0	18.0	100.0	6.0	6.21		FEW	M	M	2000.0								14.0	310.0	7.0	6.21		FEW	M	M	1600.0							
465020	2018-03-27 00:00:00	439.0	CSTTH	319	AIRBUS A319-111	NB	ORY	2018-03-27 12:10:00	2018-03-27 12:21:00	2018-03-27 12:29:00	LIS	2018-03-27 14:35:00	2018-03-27 14:39:00	2018-03-27 14:40:00	J	TP	2018-03-28 10:15:59	6.0	89.0	0	9.0	200.0	8.0	1.86		BKN	M	M	400.0								21.0	340.0	12.0	6.21		M	M	M								
465021	2018-03-27 00:00:00	466.0	CSTTZ	E95	EMBRAER 195	PGA	LIS	2018-03-27 12:10:00	2018-03-27 12:04:00	2018-03-27 12:22:00	BOD	2018-03-27 13:49:00	2018-03-27 13:55:00	2018-03-27 13:55:00	J	NI					19.0	20.0	6.0	6.21		FEW	M	M	2000.0								12.0	270.0	15.0	3.11		OVC	///	M	700.0							
465022	2018-03-27 00:00:00	1682.0	CSTNQ	320	AIRBUS A320-211	NB	FNC	2018-03-27 12:10:00	2018-03-27 12:10:00	2018-03-27 12:16:00	LIS	2018-03-27 13:41:00	2018-03-27 13:45:00	2018-03-27 13:50:00	J	TP					18.0	20.0	17.0	6.21	27.0	SCT	M	M	1500.0								21.0	340.0	11.0	6.21		M	M	M								
465023	2018-03-27 00:00:00	1028.0	CSTTL	319	AIRBUS A319-111	NB	LIS	2018-03-27 12:20:00	2018-03-27 12:30:00	2018-03-27 12:42:00	MAD	2018-03-27 13:36:00	2018-03-27 13:43:00	2018-03-27 13:35:00	J	TP	2018-03-27 12:48:59	10.0	93.0	M	18.0	100.0	6.0	6.21		FEW	M	M	2000.0								19.0	170.0	3.0	6.21		M	M	M								
465024	2018-03-27 00:00:00	1861.0	CSTTQ	319	AIRBUS A319-111	NB	OPO	2018-03-27 12:20:00	2018-03-27 12:50:00	2018-03-27 13:00:00	PDL	2018-03-27 15:07:00	2018-03-27 15:10:00	2018-03-27 14:45:00	J	TP	2018-03-27 13:09:23	5.0	89.0	0	14.0	310.0	7.0	6.21		FEW	M	M	1600.0								18.0	210.0	7.0	6.21		FEW	M	M	2000.0							
465025	2018-03-27 00:00:00	522.0	CSTPU	E90	EMBRAER 190	PGA	LIS	2018-03-27 12:25:00	2018-03-27 12:22:00	2018-03-27 12:30:00	STR	2018-03-27 15:04:00	2018-03-27 15:09:00	2018-03-27 15:15:00	J	NI					18.0	100.0	6.0	6.21		FEW	M	M	2000.0								11.0	230.0	6.0	6.21		M	M	M								
465026	2018-03-27 00:00:00	764.0	CSTJF	321	AIRBUS A321-211	NB	LIS	2018-03-27 12:25:00	2018-03-27 12:30:00	2018-03-27 12:38:00	OSL	2018-03-27 16:17:00	2018-03-27 16:22:00	2018-03-27 16:25:00	J	TP	2018-03-27 12:46:59	5.0	19.0	B	18.0	100.0	6.0	6.21		FEW	M	M	2000.0								1.0	0.0	0.0	6.21		M	M	M								
465027	2018-03-27 00:00:00	926.0	CSTJE	321	AIRBUS A321-211	NB	LIS	2018-03-27 12:30:00	2018-03-27 12:57:00	2018-03-27 13:10:00	ZRH	2018-03-27 15:27:00	2018-03-27 15:35:00	2018-03-27 15:10:00	J	TP	2018-03-27 13:18:59	27.0	64.0	0	19.0	80.0	5.0	6.21		FEW	M	M	2500.0								10.0	200.0	5.0	6.21		FEW	SCT	BKN	5000.0	7000.0	9000.0					
465028	2018-03-27 00:00:00	1039.0	CSTTG	319	AIRBUS A319-111	NB	BCN	2018-03-27 12:30:00	2018-03-27 12:27:00	2018-03-27 12:38:00	LIS	2018-03-27 14:12:00	2018-03-27 14:16:00	2018-03-27 14:25:00	J	TP					13.0	200.0	9.0	6.21		FEW	M	M	4000.0								21.0	340.0	12.0	6.21		M	M	M								
465029	2018-03-27 00:00:00	1681.0	CSTNI	320	AIRBUS A320-211	NB	LIS	2018-03-27 12:30:00	2018-03-27 12:29:00	2018-03-27 12:36:00	FNC	2018-03-27 14:02:00	2018-03-27 14:06:00	2018-03-27 14:15:00	J	TP					18.0	100.0	6.0	6.21		FEW	M	M	2000.0								19.0	10.0	18.0	6.21		FEW	M	M	1500.0							
465030	2018-03-27 00:00:00	1906.0	CSTNP	320	AIRBUS A320-211	NB	FAO	2018-03-27 12:30:00	2018-03-27 12:20:00	2018-03-27 12:28:00	LIS	2018-03-27 12:59:00	2018-03-27 13:02:00	2018-03-27 13:15:00	J	TP					19.0	220.0	6.0	6.21		M	M	M									19.0	80.0	5.0	6.21		FEW	M	M	2500.0							
465031	2018-03-27 00:00:00	1939.0	CSDJA	AT7	ATR 72	WI	OPO	2018-03-27 12:30:00	2018-03-27 12:33:00	2018-03-27 12:42:00	LIS	2018-03-27 13:32:00	2018-03-27 13:36:00	2018-03-27 13:30:00	J	WI	2018-03-27 12:57:16	3.0	89.0	0	14.0	310.0	7.0	6.21		FEW	SCT	M	1500.0	2300.0							21.0	340.0	11.0	6.21		M	M	M								
465032	2018-03-27 00:00:00	359.0	CSTNL	320	AIRBUS A320-211	NB	LHR	2018-03-27 12:45:00	2018-03-27 13:17:00	2018-03-27 13:33:00	LIS	2018-03-27 15:43:00	2018-03-27 15:46:00	2018-03-27 15:30:00	J	TP	2018-03-27 15:29:44	5.0	49.0	0	13.0	290.0	8.0	6.21		SCT	BKN	BKN	1700.0	2700.0	3300.0						21.0	330.0	11.0	6.21		M	M	M								
465033	2018-03-27 00:00:00	402.0	CSTPR	E90	EMBRAER 190	PGA	LIS	2018-03-27 12:45:00	2018-03-27 12:45:00	2018-03-27 12:58:00	MRS	2018-03-27 14:52:00	2018-03-27 14:56:00	2018-03-27 15:00:00	J	NI					18.0	100.0	6.0	6.21		FEW	M	M	2000.0								13.0	270.0	14.0	6.21		M	M	M								
465034	2018-03-27 00:00:00	924.0	CSTPQ	E90	EMBRAER 190	PGA	OPO	2018-03-27 12:45:00	2018-03-27 12:43:00	2018-03-27 12:49:00	ZRH	2018-03-27 15:00:00	2018-03-27 15:07:00	2018-03-27 15:15:00	J	NI					14.0	310.0	7.0	6.21		FEW	SCT	M	1500.0	2300.0							10.0	200.0	5.0	6.21		FEW	SCT	BKN	5000.0	7000.0	9000.0					
465035	2018-03-27 00:00:00	1119.0	CSTPV	E90	EMBRAER 190	PGA	LPA	2018-03-27 12:45:00	2018-03-27 12:51:00	2018-03-27 13:05:00	LIS	2018-03-27 14:48:00	2018-03-27 14:53:00	2018-03-27 15:00:00	J	NI	2018-03-28 10:16:59	6.0	14.0	B	21.0	30.0	21.0	6.21		FEW	M	M	3000.0								21.0	330.0	11.0	6.21		M	M	M								
465036	2018-03-27 00:00:00	783.0	CSTNU	320	AIRBUS A320-211	NB	ARN	2018-03-27 12:50:00	2018-03-27 12:57:00	2018-03-27 13:08:00	LIS	2018-03-27 17:09:00	2018-03-27 17:12:00	2018-03-27 17:15:00	J	TP	2018-03-28 10:17:59	1.0	87.0	0	0.0	320.0	8.0	6.21		M	M	M									20.0	330.0	10.0	6.21		M	M	M								
465037	2018-03-27 00:00:00	1946.0	CSDJD	AT7	ATR 72	WI	LIS	2018-03-27 13:00:00	2018-03-27 13:04:00	2018-03-27 13:16:00	OPO	2018-03-27 13:59:00	2018-03-27 14:03:00	2018-03-27 14:00:00	J	WI	2018-03-27 13:17:59	4.0	89.0	0	19.0	80.0	5.0	6.21		FEW	M	M	2500.0								14.0	300.0	7.0	6.21		FEW	M	M	1800.0							
465038	2018-03-27 00:00:00	1300.0	CSTNT	320	AIRBUS A320-211	NB	LIS	2018-03-27 13:05:00	2018-03-27 13:18:00	2018-03-27 13:32:00	PRG	2018-03-27 16:33:00	2018-03-27 16:37:00	2018-03-27 16:20:00	J	TP	2018-03-27 13:33:59	3.0	81.0	0	21.0	340.0	11.0	6.21		M	M	M									5.0	160.0	6.0	6.21		FEW	SCT	M	2200.0	4000.0						
465039	2018-03-27 00:00:00	484.0	CSTTW	E95	EMBRAER 195	PGA	LIS	2018-03-27 13:10:00	2018-03-27 13:10:00	2018-03-27 13:24:00	NCE	2018-03-27 15:27:00	2018-03-27 15:30:00	2018-03-27 15:35:00	J	NI					19.0	80.0	5.0	6.21		FEW	M	M	2500.0								15.0	170.0	6.0	6.21		FEW	M	M	3300.0							
465040	2018-03-27 00:00:00	948.0	CSTNH	320	AIRBUS A320-211	NB	LIS	2018-03-27 13:10:00	2018-03-27 13:23:00	2018-03-27 13:37:00	GVA	2018-03-27 15:39:00	2018-03-27 15:43:00	2018-03-27 15:30:00	J	TP	2018-03-27 13:43:59	3.0	89.0	0	21.0	340.0	11.0	6.21		M	M	M									7.0	240.0	11.0	6.21		BKN	OVC	M	3500.0	5000.0						
465041	2018-03-27 00:00:00	1265.0	CSTTB	319	AIRBUS A319-111	NB	WAW	2018-03-27 13:10:00	2018-03-27 13:21:00	2018-03-27 13:32:00	LIS	2018-03-27 17:22:00	2018-03-27 17:26:00	2018-03-27 17:25:00	J	TP	2018-03-27 13:34:26	11.0	81.0	0	3.0	330.0	9.0	6.21		BKN	M	M	2300.0								20.0	330.0	10.0	6.21		M	M	M								
465042	2018-03-27 00:00:00	1105.0	CSDJH	AT7	ATR 72	WI	SVQ	2018-03-27 13:15:00	2018-03-27 13:16:00	2018-03-27 13:26:00	LIS	2018-03-27 14:26:00	2018-03-27 14:29:00	2018-03-27 14:25:00	J	WI	2018-03-27 13:30:33	1.0	93.0	R	21.0	230.0	2.0	6.21		M	M	M									21.0	340.0	12.0	6.21		M	M	M								
465043	2018-03-27 00:00:00	1434.0	CSTTY	E95	EMBRAER 195	PGA	LIS	2018-03-27 13:15:00	2018-03-27 13:46:00	2018-03-27 13:57:00	CMN	2018-03-27 14:56:00	2018-03-27 15:01:00	2018-03-27 14:55:00	J	NI	2018-03-27 14:00:59	3.0	19.0	B	21.0	340.0	11.0	6.21		M	M	M									21.0	20.0	12.0	6.21		M	M	M								
465044	2018-03-27 00:00:00	1868.0	CSTNR	320	AIRBUS A320-211	NB	PDL	2018-03-27 13:15:00	2018-03-27 13:19:00	2018-03-27 13:28:00	LIS	2018-03-27 15:22:00	2018-03-27 15:28:00	2018-03-27 15:30:00	J	TP	2018-03-27 13:49:30	4.0	89.0	0	18.0	230.0	7.0	6.21		FEW	SCT	M	1800.0	3500.0							21.0	340.0	12.0	6.21		M	M	M								
465045	2018-03-27 00:00:00	472.0	CSTPS	E90	EMBRAER 190	PGA	LIS	2018-03-27 13:20:00	2018-03-27 13:28:00	2018-03-27 13:42:00	LYS	2018-03-27 15:37:00	2018-03-27 15:43:00	2018-03-27 15:35:00	J	NI	2018-03-27 13:46:59	8.0	81.0	0	21.0	340.0	11.0	6.21		M	M	M									9.0	170.0	10.0	6.21		BKN	OVC	M	2800.0	3900.0						
465046	2018-03-27 00:00:00	586.0	CSTPW	E90	EMBRAER 190	PGA	LIS	2018-03-27 13:20:00	2018-03-27 13:23:00	2018-03-27 13:40:00	CGN	2018-03-27 16:07:00	2018-03-27 16:11:00	2018-03-27 16:10:00	J	NI	2018-03-27 13:42:59	3.0	89.0	0	21.0	340.0	11.0	6.21		M	M	M									7.0	160.0	6.0	6.21		FEW	BKN	M	2000.0	2700.0						
465047	2018-03-27 00:00:00	1141.0	CSDJF	AT7	ATR 72	WI	VGO	2018-03-27 13:20:00	2018-03-27 13:09:00	2018-03-27 13:16:00	LIS	2018-03-27 14:15:00	2018-03-27 14:21:00	2018-03-27 14:40:00	J	WI					13.0	280.0	7.0	6.21		BKN	M	M	1900.0								21.0	340.0	12.0	6.21		M	M	M								
465048	2018-03-27 00:00:00	324.0	CSTTX	E95	EMBRAER 195	PGA	LIS	2018-03-27 13:25:00	2018-03-27 13:50:00	2018-03-27 13:59:00	MAN	2018-03-27 16:24:00	2018-03-27 16:29:00	2018-03-27 16:15:00	J	NI	2018-03-27 14:04:59	5.0	35.0	A	21.0	340.0	11.0	6.21		M	M	M									9.0	270.0	14.0	6.21		FEW	SCT	M	2000.0	3500.0						
465049	2018-03-27 00:00:00	1274.0	CSTOH	332	AIRBUS A330-200	WB	LIS	2018-03-27 13:25:00	2018-03-27 13:35:00	2018-03-27 13:47:00	VIE	2018-03-27 16:50:00	2018-03-27 16:55:00	2018-03-27 16:45:00	J	TP	2018-03-27 13:55:59	10.0	81.0	0	21.0	340.0	11.0	6.21		M	M	M									4.0	250.0	7.0	6.21		FEW	OVC	M	4600.0	5400.0						
465050	2018-03-27 00:00:00	643.0	CSTTI	319	AIRBUS A319-111	NB	BRU	2018-03-27 13:30:00	2018-03-27 13:46:00	2018-03-27 13:54:00	LIS	2018-03-27 16:21:00	2018-03-27 16:26:00	2018-03-27 16:20:00	J	TP	2018-03-29 15:27:59	2.0	89.0	0	7.0	180.0	12.0	6.21		BKN	M	M	1300.0								20.0	340.0	10.0	6.21		M	M	M								
465051	2018-03-27 00:00:00	1123.0	CSDJB	AT7	ATR 72	WI	ALC	2018-03-27 13:30:00	2018-03-27 13:30:00	2018-03-27 13:37:00	LIS	2018-03-27 15:50:00	2018-03-27 15:54:00	2018-03-27 16:00:00	J	WI					23.0	180.0	9.0	6.21		FEW	M	M	5000.0								21.0	330.0	11.0	6.21		M	M	M								
465052	2018-03-27 00:00:00	1947.0	CSDJG	AT7	ATR 72	WI	OPO	2018-03-27 13:30:00	2018-03-27 13:44:00	2018-03-27 13:54:00	LIS	2018-03-27 14:43:00	2018-03-27 14:47:00	2018-03-27 14:30:00	J	WI	2018-03-27 13:58:44	14.0	93.0	M	14.0	310.0	7.0	6.21		FEW	M	M	1800.0								21.0	330.0	11.0	6.21		M	M	M								
465053	2018-03-27 00:00:00	576.0	FHBIS	320	AIRBUS A320-211	NB	LIS	2018-03-27 13:45:00	2018-03-27 14:00:00	2018-03-27 14:11:00	FRA	2018-03-27 16:47:00	2018-03-27 16:58:00	2018-03-27 16:50:00	J	TP	2018-03-27 14:56:59	15.0	43.0	C	21.0	340.0	11.0	6.21		M	M	M									8.0	210.0	10.0	6.21		FEW	SCT	BKN	1900.0	3200.0	4500.0					
465054	2018-03-27 00:00:00	871.0	CSTTC	319	AIRBUS A319-111	NB	BLQ	2018-03-27 13:45:00	2018-03-27 14:15:00	2018-03-27 14:25:00	LIS	2018-03-27 16:57:00	2018-03-27 17:01:00	2018-03-27 16:45:00	J	TP	2018-03-27 14:38:39	23.0	19.0	0	18.0	20.0	5.0	6.21		FEW	M	M	5000.0								20.0	330.0	10.0	6.21		M	M	M								
465055	2018-03-27 00:00:00	353.0	CSTPT	E90	EMBRAER 190	PGA	LCY	2018-03-27 13:50:00	2018-03-27 14:01:00	2018-03-27 14:08:00	OPO	2018-03-27 16:09:00	2018-03-27 16:14:00	2018-03-27 16:10:00	J	NI	2018-03-27 14:23:41	10.0	87.0	0	13.0	260.0	7.0	6.21		SCT	BKN	M	1900.0	2400.0							14.0	320.0	9.0	6.21		FEW	M	M	2000.0							
465056	2018-03-27 00:00:00	432.0	CSTTD	319	AIRBUS A319-111	NB	LIS	2018-03-27 13:55:00	2018-03-27 13:53:00	2018-03-27 14:05:00	ORY	2018-03-27 16:15:00	2018-03-27 16:24:00	2018-03-27 16:20:00	J	TP					21.0	340.0	11.0	6.21		M	M	M									13.0	270.0	14.0	6.21		SCT	BKN	M	2500.0	6000.0						
465057	2018-03-27 00:00:00	554.0	CSTMW	320	AIRBUS A320-211	NB	LIS	2018-03-27 13:55:00	2018-03-27 14:14:00	2018-03-27 14:24:00	MUC	2018-03-27 17:03:00	2018-03-27 17:12:00	2018-03-27 16:55:00	J	TP	2018-03-27 14:40:59	3.0	89.0	0	21.0	340.0	11.0	6.21		M	M	M									7.0	170.0	6.0	6.21		M	M	M								
465058	2018-03-27 00:00:00	662.0	FHBAL	319	AIRBUS A319-111	NB	LIS	2018-03-27 13:55:00	2018-03-27 14:05:00	2018-03-27 14:13:00	AMS	2018-03-27 16:52:00	2018-03-27 16:59:00	2018-03-27 16:50:00	J	TP	2018-03-27 14:15:59	10.0	15.0	D	21.0	340.0	11.0	6.21		M	M	M									7.0	140.0	10.0	6.21		FEW	SCT	BKN	1200.0	2400.0	3200.0					
465059	2018-03-27 00:00:00	1952.0	CSDJC	AT7	ATR 72	WI	LIS	2018-03-27 14:00:00	2018-03-27 14:09:00	2018-03-27 14:19:00	OPO	2018-03-27 15:01:00	2018-03-27 15:05:00	2018-03-27 15:00:00	J	WI	2018-03-27 14:21:59	9.0	89.0	0	21.0	340.0	11.0	6.21		M	M	M									14.0	300.0	8.0	6.21		FEW	M	M	1800.0							
465060	2018-03-27 00:00:00	356.0	CSTNP	320	AIRBUS A320-211	NB	LIS	2018-03-27 14:05:00	2018-03-27 14:17:00	2018-03-27 14:29:00	LHR	2018-03-27 16:44:00	2018-03-27 16:53:00	2018-03-27 16:45:00	J	TP	2018-03-27 14:35:59	12.0	89.0	0	21.0	340.0	12.0	6.21		M	M	M									13.0	300.0	12.0	6.21		BKN	OVC	M	3400.0	4500.0						
465061	2018-03-27 00:00:00	496.0	CSTPP	E90	EMBRAER 190	PGA	LIS	2018-03-27 14:15:00	2018-03-27 14:19:00	2018-03-27 14:27:00	TLS	2018-03-27 15:52:00	2018-03-27 15:57:00	2018-03-27 16:05:00	J	NI	2018-03-27 14:33:59	4.0	89.0	0	21.0	340.0	12.0	6.21		M	M	M									12.0	260.0	15.0	6.21		BKN	OVC	///	900.0	1400.0						
465062	2018-03-27 00:00:00	1027.0	CSTTL	319	AIRBUS A319-111	NB	MAD	2018-03-27 14:30:00	2018-03-27 14:30:00	2018-03-27 14:43:00	LIS	2018-03-27 15:34:00	2018-03-27 15:39:00	2018-03-27 15:50:00	J	TP					21.0	200.0	2.0	6.21		M	M	M									21.0	340.0	12.0	6.21		M	M	M								
465063	2018-03-27 00:00:00	1949.0	CSDJD	AT7	ATR 72	WI	OPO	2018-03-27 14:30:00	2018-03-27 14:30:00	2018-03-27 14:43:00	LIS	2018-03-27 15:32:00	2018-03-27 15:37:00	2018-03-27 15:30:00	J	WI					14.0	300.0	7.0	6.21		FEW	M	M	2000.0								21.0	340.0	12.0	6.21		M	M	M								
465064	2018-03-27 00:00:00	467.0	CSTTZ	E95	EMBRAER 195	PGA	BOD	2018-03-27 14:35:00	2018-03-27 14:34:00	2018-03-27 14:45:00	LIS	2018-03-27 16:17:00	2018-03-27 16:21:00	2018-03-27 16:30:00	J	NI					12.0	270.0	17.0	3.73		OVC	///	M	700.0								20.0	340.0	10.0	6.21		M	M	M								
465065	2018-03-27 00:00:00	842.0	OYRUE	M83	McDonnell Douglas MD-83		LIS	2018-03-27 14:35:00	2018-03-27 15:04:00	2018-03-27 15:18:00	FCO	2018-03-27 17:54:00	2018-03-27 18:03:00	2018-03-27 17:25:00	J	TP	2018-03-27 15:41:59	29.0	16.0	D	21.0	330.0	11.0	6.21		M	M	M									12.0	280.0	3.0	6.21		M	M	M								
465066	2018-03-27 00:00:00	441.0	CSTTK	319	AIRBUS A319-111	NB	ORY	2018-03-27 14:40:00	2018-03-27 14:57:00	2018-03-27 15:04:00	LIS	2018-03-27 17:11:00	2018-03-27 17:16:00	2018-03-27 17:10:00	J	TP	2018-03-27 15:25:49	1.0	89.0	0	13.0	270.0	10.0	6.21		SCT	BKN	M	1300.0	4300.0							20.0	330.0	10.0	6.21		M	M	M								
465067	2018-03-27 00:00:00	659.0	CSTTN	319	AIRBUS A319-111	NB	AMS	2018-03-27 14:45:00	2018-03-27 14:47:00	2018-03-27 15:00:00	OPO	2018-03-27 17:15:00	2018-03-27 17:22:00	2018-03-27 17:30:00	J	TP	2018-04-03 09:50:59	2.0	89.0	0	7.0	150.0	12.0	4.35		FEW	SCT	BKN	1500.0	1800.0	2200.0						13.0	320.0	7.0	6.21		M	M	M								
465068	2018-03-27 00:00:00	824.0	INEOZ	738	BOEING 737-800		LIS	2018-03-27 14:50:00	2018-03-27 16:32:00	2018-03-27 16:43:00	MXP	2018-03-27 18:56:00	2018-03-27 19:03:00	2018-03-27 17:25:00	J	TP	2018-03-28 10:21:59	102.0	64.0	0	20.0	340.0	10.0	6.21		M	M	M									14.0		2.0	6.21		M	M	M								
465069	2018-03-27 00:00:00	213.0	CSTOG	332	AIRBUS A330-200	WB	OPO	2018-03-27 14:55:00	2018-03-27 15:10:00	2018-03-27 15:22:00	EWR	2018-03-27 22:54:00	2018-03-27 23:00:00	2018-03-27 22:45:00	J	TP	2018-03-27 15:28:40	15.0	55.0	0	14.0	300.0	8.0	6.21		FEW	M	M	1800.0									130.0	6.0	10.0		OVC	M	M	12000.0							
465070	2018-03-27 00:00:00	644.0	CSTQD	320	AIRBUS A320-211	NB	LIS	2018-03-27 14:55:00	2018-03-27 14:49:00	2018-03-27 15:01:00	BRU	2018-03-27 17:24:00	2018-03-27 17:28:00	2018-03-27 17:35:00	J	TP					21.0	330.0	11.0	6.21		M	M	M									7.0	190.0	7.0	2.49		SCT	BKN	M	500.0	700.0						
465071	2018-03-27 00:00:00	823.0	CSTTR	319	AIRBUS A319-111	NB	MXP	2018-03-27 15:00:00	2018-03-27 14:47:00	2018-03-27 14:59:00	LIS	2018-03-27 17:30:00	2018-03-27 17:34:00	2018-03-27 17:45:00	J	TP					17.0	240.0	8.0	6.21		M	M	M									20.0	330.0	10.0	6.21		M	M	M								
465072	2018-03-27 00:00:00	1676.0	CSTNI	320	AIRBUS A320-211	NB	FNC	2018-03-27 15:00:00	2018-03-27 14:47:00	2018-03-27 14:53:00	LIS	2018-03-27 16:10:00	2018-03-27 16:15:00	2018-03-27 16:35:00	J	TP					19.0	20.0	19.0	6.21		FEW	M	M	1500.0								21.0	330.0	11.0	6.21		M	M	M								
465073	2018-03-27 00:00:00	1960.0	CSDJA	AT7	ATR 72	WI	LIS	2018-03-27 15:00:00	2018-03-27 15:00:00	2018-03-27 15:13:00	OPO	2018-03-27 15:54:00	2018-03-27 15:59:00	2018-03-27 16:00:00	J	WI					21.0	330.0	11.0	6.21		M	M	M									14.0	320.0	9.0	6.21		FEW	M	M	2000.0							
465074	2018-03-27 00:00:00	456.0	CSTTA	319	AIRBUS A319-111	NB	OPO	2018-03-27 15:05:00	2018-03-27 15:03:00	2018-03-27 15:12:00	ORY	2018-03-27 16:53:00	2018-03-27 16:58:00	2018-03-27 17:10:00	J	TP					14.0	300.0	8.0	6.21		FEW	M	M	1800.0								13.0	280.0	15.0	6.21		FEW	SCT	BKN	2500.0	3600.0	6600.0					
465075	2018-03-27 00:00:00	833.0	CSTTV	319	AIRBUS A319-111	NB	FCO	2018-03-27 15:05:00	2018-03-27 15:17:00	2018-03-27 15:33:00	LIS	2018-03-27 18:15:00	2018-03-27 18:23:00	2018-03-27 18:10:00	J	TP	2018-03-27 15:44:45	8.0	89.0	0	14.0	270.0	10.0	6.21		M	M	M									19.0	310.0	6.0	6.21		M	M	M								
465076	2018-03-27 00:00:00	1066.0	CSDJH	AT7	ATR 72	WI	LIS	2018-03-27 15:05:00	2018-03-27 15:09:00	2018-03-27 15:21:00	BIO	2018-03-27 17:06:00	2018-03-27 17:10:00	2018-03-27 17:10:00	J	WI	2018-03-27 15:22:59	4.0	93.0	D	21.0	330.0	11.0	6.21		M	M	M									14.0	320.0	9.0	6.21		BKN	M	M	2800.0							
465077	2018-03-27 00:00:00	1687.0	CSTNQ	320	AIRBUS A320-211	NB	LIS	2018-03-27 15:05:00	2018-03-27 15:15:00	2018-03-27 15:33:00	FNC	2018-03-27 16:56:00	2018-03-27 17:00:00	2018-03-27 16:50:00	J	TP	2018-03-29 15:18:59	7.0	89.0	0	21.0	330.0	11.0	6.21		M	M	M									18.0	30.0	19.0	6.21		FEW	M	M	1500.0							
465078	2018-03-27 00:00:00	364.0	CSTTG	319	AIRBUS A319-111	NB	LIS	2018-03-27 15:10:00	2018-03-27 15:14:00	2018-03-27 15:30:00	LHR	2018-03-27 17:45:00	2018-03-27 17:58:00	2018-03-27 17:50:00	J	TP	2018-03-27 15:36:59	4.0	89.0	0	21.0	330.0	11.0	6.21		M	M	M									12.0	300.0	14.0	6.21		SCT	OVC	M	3400.0	4500.0						
465079	2018-03-27 00:00:00	691.0	CSTNW	320	AIRBUS A320-211	NB	LUX	2018-03-27 15:15:00	2018-03-27 15:24:00	2018-03-27 15:35:00	LIS	2018-03-27 18:03:00	2018-03-27 18:09:00	2018-03-27 18:05:00	J	TP	2018-03-27 15:42:39	9.0	15.0	D	5.0	180.0	12.0	2.17		SCT	BKN	BKN	500.0	800.0	1500.0						20.0	320.0	7.0	6.21		M	M	M								
465080	2018-03-27 00:00:00	942.0	CSTTE	319	AIRBUS A319-111	NB	OPO	2018-03-27 15:15:00	2018-03-27 15:15:00	2018-03-27 15:25:00	GVA	2018-03-27 17:17:00	2018-03-27 17:20:00	2018-03-27 17:20:00	J	TP					14.0	300.0	8.0	6.21		FEW	M	M	1800.0								6.0	250.0	8.0	4.35		FEW	BKN	OVC	1500.0	3000.0	4500.0					
465081	2018-03-27 00:00:00	1529.0	CSTNS	320	AIRBUS A320-211	NB	ACC	2018-03-27 15:15:00	2018-03-27 15:48:00	2018-03-27 15:58:00	TMS	2018-03-27 17:20:00	2018-03-27 17:26:00	2018-03-27 16:55:00	J	TP	2018-03-29 15:32:59	6.0	99.0	0	30.0	190.0	15.0	6.21		BKN	M	M	1800.0								30.0	360.0	4.0	6.21		FEW	BKN	M	2000.0	4000.0						
465082	2018-03-27 00:00:00	1024.0	CSTTJ	319	AIRBUS A319-111	NB	LIS	2018-03-27 15:20:00	2018-03-27 15:30:00	2018-03-27 15:40:00	MAD	2018-03-27 16:29:00	2018-03-27 16:34:00	2018-03-27 16:35:00	J	TP	2018-03-27 15:48:59	8.0	89.0	0	21.0	340.0	12.0	6.21		M	M	M									21.0	250.0	8.0	6.21		M	M	M								
465083	2018-03-27 00:00:00	1092.0	CSDJF	AT7	ATR 72	WI	LIS	2018-03-27 15:20:00	2018-03-27 15:34:00	2018-03-27 15:54:00	VLC	2018-03-27 17:34:00	2018-03-27 17:39:00	2018-03-27 17:25:00	J	WI	2018-03-27 15:55:59	14.0	89.0	0	21.0	340.0	12.0	6.21		M	M	M									21.0	110.0	5.0	6.21		M	M	M								
465084	2018-03-27 00:00:00	341.0	CSTNG	320	AIRBUS A320-211	NB	LGW	2018-03-27 15:25:00	2018-03-27 15:54:00	2018-03-27 16:04:00	LIS	2018-03-27 18:21:00	2018-03-27 18:26:00	2018-03-27 17:55:00	J	TP	2018-04-04 11:40:59	14.0	13.0	0	14.0	260.0	15.0	6.21		SCT	M	M	3800.0								19.0	310.0	6.0	6.21		M	M	M								
465085	2018-03-27 00:00:00	1903.0	CSTTH	319	AIRBUS A319-111	NB	LIS	2018-03-27 15:25:00	2018-03-27 15:38:00	2018-03-27 15:56:00	FAO	2018-03-27 16:20:00	2018-03-27 16:25:00	2018-03-27 16:10:00	J	TP	2018-03-27 15:57:59	8.0	89.0	0	21.0	340.0	12.0	6.21		M	M	M									18.0	250.0	9.0	6.21		M	M	M								
465086	2018-03-27 00:00:00	1036.0	CSTNM	320	AIRBUS A320-211	NB	LIS	2018-03-27 15:30:00	2018-03-27 15:55:00	2018-03-27 16:07:00	BCN	2018-03-27 17:34:00	2018-03-27 17:38:00	2018-03-27 17:20:00	J	TP	2018-03-27 16:09:59	14.0	41.0	A	21.0	330.0	11.0	6.21		M	M	M									15.0	220.0	14.0	6.21		FEW	M	M	4000.0							
465087	2018-03-27 00:00:00	1951.0	CSDJC	AT7	ATR 72	WI	OPO	2018-03-27 15:30:00	2018-03-27 15:34:00	2018-03-27 15:43:00	LIS	2018-03-27 16:31:00	2018-03-27 16:34:00	2018-03-27 16:30:00	J	WI	2018-03-27 15:45:48	4.0	93.0	R	14.0	310.0	8.0	6.21		FEW	M	M	1800.0								20.0	340.0	10.0	6.21		M	M	M								
465088	2018-03-27 00:00:00	1443.0	CSTTY	E95	EMBRAER 195	PGA	CMN	2018-03-27 15:35:00	2018-03-27 15:44:00	2018-03-27 15:55:00	LIS	2018-03-27 16:50:00	2018-03-27 16:53:00	2018-03-27 17:15:00	J	NI	2018-03-27 16:08:52	3.0	89.0	0	21.0	10.0	13.0	6.21		M	M	M									20.0	330.0	10.0	6.21		M	M	M								
465089	2018-03-27 00:00:00	1866.0	CSTTQ	319	AIRBUS A319-111	NB	PDL	2018-03-27 15:35:00	2018-03-27 16:10:00	2018-03-27 16:16:00	OPO	2018-03-27 18:16:00	2018-03-27 18:25:00	2018-03-27 17:50:00	J	TP	2018-03-29 15:16:59	15.0	19.0	A	17.0	250.0	9.0	6.21		FEW	M	M	2000.0								12.0	310.0	7.0	6.21		M	M	M								
465090	2018-03-27 00:00:00	346.0	CSTPV	E90	EMBRAER 190	PGA	LIS	2018-03-27 15:40:00	2018-03-27 15:50:00	2018-03-27 16:03:00	LCY	2018-03-27 18:26:00	2018-03-27 18:29:00	2018-03-27 18:20:00	J	NI	2018-03-27 16:22:59	10.0	89.0	0	21.0	330.0	11.0	6.21		M	M	M									12.0	280.0	14.0	6.21		NCD	M	M								
465091	2018-03-27 00:00:00	401.0	CSTPR	E90	EMBRAER 190	PGA	MRS	2018-03-27 15:40:00	2018-03-27 15:33:00	2018-03-27 15:45:00	LIS	2018-03-27 17:42:00	2018-03-27 17:47:00	2018-03-27 18:05:00	J	NI					13.0	270.0	14.0	6.21		M	M	M									20.0	320.0	7.0	6.21		M	M	M								
465092	2018-03-27 00:00:00	438.0	CSTNY	320	AIRBUS A320-211	NB	LIS	2018-03-27 15:40:00	2018-03-27 15:48:00	2018-03-27 16:01:00	ORY	2018-03-27 18:01:00	2018-03-27 18:07:00	2018-03-27 18:05:00	J	TP	2018-03-27 16:08:59	8.0	89.0	0	21.0	330.0	11.0	6.21		M	M	M									12.0	270.0	11.0	6.21		FEW	BKN	M	2600.0	6000.0						
465093	2018-03-27 00:00:00	22.0	CSTOE	332	AIRBUS A330-200	WB	LIS	2018-03-27 15:45:00	2018-03-27 16:03:00	2018-03-27 16:19:00	SSA	2018-03-28 00:32:00	2018-03-28 00:41:00	2018-03-28 00:20:00	J	TP	2018-03-27 16:25:59	6.0	89.0	0	21.0	330.0	11.0	6.21		M	M	M									27.0	140.0	6.0	6.21		SCT	M	M	1700.0							
465094	2018-03-27 00:00:00	523.0	CSTPU	E90	EMBRAER 190	PGA	STR	2018-03-27 15:55:00	2018-03-27 16:26:00	2018-03-27 16:38:00	LIS	2018-03-27 19:12:00	2018-03-27 19:17:00	2018-03-27 19:05:00	J	NI	2018-03-28 10:23:59	31.0	14.0	B	10.0	180.0	7.0	6.21		M	M	M									16.0	310.0	9.0	6.21		M	M	M								
465095	2018-03-27 00:00:00	921.0	CSTPQ	E90	EMBRAER 190	PGA	ZRH	2018-03-27 16:00:00	2018-03-27 15:54:00	2018-03-27 16:08:00	OPO	2018-03-27 18:22:00	2018-03-27 18:27:00	2018-03-27 18:35:00	J	NI					9.0	210.0	7.0	6.21		FEW	BKN	BKN	5000.0	7000.0	9000.0						12.0	310.0	7.0	6.21		M	M	M								
465096	2018-03-27 00:00:00	927.0	CSTJE	321	AIRBUS A321-211	NB	ZRH	2018-03-27 16:00:00	2018-03-27 16:34:00	2018-03-27 16:46:00	LIS	2018-03-27 19:17:00	2018-03-27 19:23:00	2018-03-27 18:50:00	J	TP	2018-03-27 17:58:04	9.0	16.0	H	8.0	220.0	8.0	6.21		FEW	SCT	BKN	3500.0	4500.0	6800.0						16.0	310.0	9.0	6.21		M	M	M								
465097	2018-03-27 00:00:00	1962.0	CSDJE	AT7	ATR 72	WI	LIS	2018-03-27 16:00:00	2018-03-27 16:07:00	2018-03-27 16:24:00	OPO	2018-03-27 17:04:00	2018-03-27 17:08:00	2018-03-27 17:00:00	J	WI	2018-03-27 16:26:59	7.0	89.0	0	21.0	330.0	11.0	6.21		M	M	M									13.0	320.0	7.0	6.21		M	M	M								
465098	2018-03-27 00:00:00	35.0	CSTOV	333	AIRBUS A330-300	WB	LIS	2018-03-27 16:05:00	2018-03-27 16:48:00	2018-03-27 17:00:00	FOR	2018-03-28 00:05:00	2018-03-28 00:12:00	2018-03-27 23:40:00	J	TP	2018-03-27 17:16:59	43.0	64.0	0	20.0	330.0	10.0	6.21		M	M	M									28.0	60.0	5.0	6.21		FEW	SCT	M	1700.0	10000.0						
465099	2018-03-27 00:00:00	47.0	CSTOQ	332	AIRBUS A330-200	WB	LIS	2018-03-27 16:05:00	2018-03-27 18:10:00	2018-03-27 18:20:00	BEL	2018-03-28 01:44:00	2018-03-28 01:59:00	2018-03-28 00:10:00	J	TP	2018-03-27 18:38:59	35.0	37.0	C	20.0	320.0	7.0	6.21		M	M	M									25.0	80.0	4.0	6.21		SCT	SCT	M	3000.0	10000.0						
465100	2018-03-27 00:00:00	209.0	CSTOM	332	AIRBUS A330-200	WB	LIS	2018-03-27 16:10:00	2018-03-27 16:21:00	2018-03-27 16:34:00	JFK	2018-03-27 23:59:00	2018-03-28 00:11:00	2018-03-28 00:00:00	J	TP	2018-03-27 16:44:59	11.0	16.0	D	20.0	340.0	10.0	6.21		M	M	M										220.0	6.0	10.0		BKN	M	M	11000.0							
465101	2018-03-27 00:00:00	477.0	CSTPS	E90	EMBRAER 190	PGA	LYS	2018-03-27 16:15:00	2018-03-27 16:26:00	2018-03-27 16:38:00	LIS	2018-03-27 18:45:00	2018-03-27 18:50:00	2018-03-27 18:45:00	J	NI	2018-03-29 15:24:59	3.0	89.0	0	8.0	170.0	9.0	2.49		BKN	OVC	M	2000.0	2300.0							17.0	320.0	7.0	6.21		M	M	M								
465102	2018-03-27 00:00:00	487.0	CSTTW	E95	EMBRAER 195	PGA	NCE	2018-03-27 16:15:00	2018-03-27 16:10:00	2018-03-27 16:22:00	LIS	2018-03-27 18:34:00	2018-03-27 18:37:00	2018-03-27 18:50:00	J	NI					14.0	180.0	6.0	6.21		FEW	M	M	3300.0								19.0	310.0	6.0	6.21		M	M	M								
465103	2018-03-27 00:00:00	947.0	CSTNH	320	AIRBUS A320-211	NB	GVA	2018-03-27 16:20:00	2018-03-27 16:38:00	2018-03-27 16:49:00	LIS	2018-03-27 19:00:00	2018-03-27 19:04:00	2018-03-27 18:55:00	J	TP	2018-03-27 17:18:50	10.0	15.0	D	6.0	260.0	8.0	4.35		BKN	OVC	M	3000.0	4500.0							17.0	320.0	7.0	6.21		M	M	M								
465104	2018-03-27 00:00:00	1689.0	CSTTO	319	AIRBUS A319-111	NB	LIS	2018-03-27 16:30:00	2018-03-27 16:30:00	2018-03-27 16:39:00	FNC	2018-03-27 18:08:00	2018-03-27 18:11:00	2018-03-27 18:15:00	J	TP					20.0	340.0	10.0	6.21		M	M	M									18.0	20.0	16.0	6.21		FEW	M	M	1500.0							
465105	2018-03-27 00:00:00	1953.0	CSDJA	AT7	ATR 72	WI	OPO	2018-03-27 16:30:00	2018-03-27 16:30:00	2018-03-27 16:35:00	LIS	2018-03-27 17:28:00	2018-03-27 17:31:00	2018-03-27 17:30:00	J	WI					13.0	320.0	7.0	6.21		M	M	M									20.0	330.0	10.0	6.21		M	M	M								
465106	2018-03-27 00:00:00	1112.0	CSDJD	AT7	ATR 72	WI	LIS	2018-03-27 16:40:00	2018-03-27 16:40:00	2018-03-27 16:53:00	OVD	2018-03-27 18:22:00	2018-03-27 18:27:00	2018-03-27 18:30:00	J	WI					20.0	340.0	10.0	6.21		M	M	M									12.0	310.0	13.0	6.21		M	M	M								
465107	2018-03-27 00:00:00	493.0	CSTPP	E90	EMBRAER 190	PGA	TLS	2018-03-27 16:45:00	2018-03-27 16:37:00	2018-03-27 16:55:00	LIS	2018-03-27 18:30:00	2018-03-27 18:36:00	2018-03-27 18:45:00	J	NI					12.0	260.0	13.0	6.21		OVC	M	M	1000.0								19.0	310.0	6.0	6.21		M	M	M								
465108	2018-03-27 00:00:00	338.0	CSTPT	E90	EMBRAER 190	PGA	OPO	2018-03-27 16:50:00	2018-03-27 17:00:00	2018-03-27 17:09:00	LGW	2018-03-27 19:02:00	2018-03-27 19:10:00	2018-03-27 19:05:00	J	NI	2018-03-27 17:18:50	6.0	36.0	A	13.0	320.0	7.0	6.21		M	M	M									11.0	290.0	10.0	6.21		BKN	M	M	3700.0							
465109	2018-03-27 00:00:00	589.0	CSTPW	E90	EMBRAER 190	PGA	CGN	2018-03-27 16:50:00	2018-03-27 17:02:00	2018-03-27 17:11:00	LIS	2018-03-27 19:52:00	2018-03-27 19:57:00	2018-03-27 20:00:00	J	NI	2018-03-29 15:25:59	11.0	3.0	C	7.0	170.0	8.0	6.21		FEW	BKN	M	1800.0	2700.0							15.0	320.0	9.0	6.21		M	M	M								
465110	2018-03-27 00:00:00	816.0	CSTTU	319	AIRBUS A319-111	NB	OPO	2018-03-27 16:55:00	2018-03-27 16:48:00	2018-03-27 16:56:00	MXP	2018-03-27 18:54:00	2018-03-27 18:58:00	2018-03-27 19:30:00	J	TP					13.0	320.0	7.0	6.21		M	M	M									14.0		2.0	6.21		M	M	M								
465111	2018-03-27 00:00:00	1904.0	CSTTH	319	AIRBUS A319-111	NB	FAO	2018-03-27 16:55:00	2018-03-27 16:58:00	2018-03-27 17:06:00	LIS	2018-03-27 17:32:00	2018-03-27 17:37:00	2018-03-27 17:40:00	J	TP	2018-03-28 10:26:59	3.0	93.0	0	18.0	240.0	8.0	6.21		M	M	M									20.0	330.0	10.0	6.21		M	M	M								
465112	2018-03-27 00:00:00	321.0	CSTTX	E95	EMBRAER 195	PGA	MAN	2018-03-27 17:00:00	2018-03-27 17:15:00	2018-03-27 17:29:00	LIS	2018-03-27 19:49:00	2018-03-27 19:54:00	2018-03-27 19:45:00	J	NI	2018-03-28 10:27:59	1.0	89.0	0	9.0	280.0	12.0	6.21		FEW	M	M	2500.0								15.0	320.0	9.0	6.21		M	M	M								
465113	2018-03-27 00:00:00	1964.0	CSDJC	AT7	ATR 72	WI	LIS	2018-03-27 17:00:00	2018-03-27 17:10:00	2018-03-27 17:19:00	OPO	2018-03-27 18:00:00	2018-03-27 18:05:00	2018-03-27 18:00:00	J	WI	2018-03-27 17:21:59	6.0	89.0	0	20.0	330.0	10.0	6.21		M	M	M									13.0	310.0	7.0	6.21		M	M	M								
465114	2018-03-27 00:00:00	431.0	CSTTD	319	AIRBUS A319-111	NB	ORY	2018-03-27 17:05:00	2018-03-27 17:19:00	2018-03-27 17:28:00	LIS	2018-03-27 19:35:00	2018-03-27 19:39:00	2018-03-27 19:35:00	J	TP	2018-03-27 18:25:02	10.0	87.0	0	12.0	280.0	14.0	6.21		FEW	BKN	M	2600.0	4000.0							16.0	310.0	9.0	6.21		M	M	M								
465115	2018-03-27 00:00:00	532.0	CSTTF	319	AIRBUS A319-111	NB	LIS	2018-03-27 17:05:00	2018-03-27 17:06:00	2018-03-27 17:23:00	TXL	2018-03-27 20:22:00	2018-03-27 20:27:00	2018-03-27 20:30:00	J	TP	2018-03-27 17:24:59	1.0	82.0	0	20.0	330.0	10.0	6.21		M	M	M									3.0	110.0	7.0	6.21		M	M	M								
465116	2018-03-27 00:00:00	1305.0	CSTNT	320	AIRBUS A320-211	NB	PRG	2018-03-27 17:05:00	2018-03-27 17:26:00	2018-03-27 17:36:00	LIS	2018-03-27 20:48:00	2018-03-27 20:54:00	2018-03-27 20:35:00	J	TP	2018-03-27 17:52:58	4.0	82.0	0	4.0	150.0	4.0	6.21		FEW	SCT	M	2000.0	4000.0							14.0	310.0	11.0	6.21		M	M	M								
465117	2018-03-27 00:00:00	448.0	CSTTP	319	AIRBUS A319-111	NB	LIS	2018-03-27 17:10:00	2018-03-27 17:06:00	2018-03-27 17:15:00	ORY	2018-03-27 19:24:00	2018-03-27 19:27:00	2018-03-27 19:35:00	J	TP					20.0	330.0	10.0	6.21		M	M	M									12.0	280.0	12.0	6.21		SCT	BKN	M	2600.0	5000.0						
465118	2018-03-27 00:00:00	763.0	CSTJF	321	AIRBUS A321-211	NB	OSL	2018-03-27 17:10:00	2018-03-27 17:39:00	2018-03-27 17:50:00	LIS	2018-03-27 21:39:00	2018-03-27 21:43:00	2018-03-27 21:15:00	J	TP	2018-03-28 10:27:59	14.0	68.0	B	-1.0		2.0	6.21		M	M	M									13.0	310.0	10.0	6.21		M	M	M								
465119	2018-03-27 00:00:00	572.0	CSTTL	319	AIRBUS A319-111	NB	LIS	2018-03-27 17:20:00	2018-03-27 17:18:00	2018-03-27 17:29:00	FRA	2018-03-27 20:05:00	2018-03-27 20:14:00	2018-03-27 20:20:00	J	TP					20.0	330.0	10.0	6.21		M	M	M									6.0	180.0	7.0	3.11		FEW	OVC	M	1900.0	2500.0						
465120	2018-03-27 00:00:00	752.0	CSTNJ	320	AIRBUS A320-211	NB	LIS	2018-03-27 17:20:00	2018-03-27 17:23:00	2018-03-27 17:36:00	CPH	2018-03-27 20:49:00	2018-03-27 20:49:00	2018-03-27 20:50:00	J	TP	2018-03-27 17:38:59	1.0	89.0	0	20.0	330.0	10.0	6.21		M	M	M									-1.0	90.0	15.0	3.73		FEW	BKN	M	800.0	1400.0						
465121	2018-03-27 00:00:00	1029.0	CSTTJ	319	AIRBUS A319-111	NB	MAD	2018-03-27 17:20:00	2018-03-27 17:16:00	2018-03-27 17:28:00	LIS	2018-03-27 18:27:00	2018-03-27 18:31:00	2018-03-27 18:40:00	J	TP					21.0	270.0	9.0	6.21		M	M	M									19.0	310.0	6.0	6.21		M	M	M								
465122	2018-03-27 00:00:00	1955.0	CSDJE	AT7	ATR 72	WI	OPO	2018-03-27 17:30:00	2018-03-27 17:30:00	2018-03-27 17:38:00	LIS	2018-03-27 18:25:00	2018-03-27 18:28:00	2018-03-27 18:30:00	J	WI					13.0	320.0	7.0	6.21		M	M	M									19.0	310.0	6.0	6.21		M	M	M								
465123	2018-03-27 00:00:00	579.0	FHBIS	320	AIRBUS A320-211	NB	FRA	2018-03-27 17:35:00	2018-03-27 17:56:00	2018-03-27 18:10:00	LIS	2018-03-27 20:56:00	2018-03-27 21:00:00	2018-03-27 20:45:00	J	TP	2018-03-27 18:15:02	13.0	89.0	0	7.0	200.0	5.0	4.35		FEW	SCT	OVC	1900.0	3200.0	4000.0						14.0	310.0	11.0	6.21		M	M	M								
465124	2018-03-27 00:00:00	668.0	CSTTI	319	AIRBUS A319-111	NB	LIS	2018-03-27 17:35:00	2018-03-27 17:34:00	2018-03-27 17:44:00	AMS	2018-03-27 20:16:00	2018-03-27 20:24:00	2018-03-27 20:30:00	J	TP					20.0	330.0	10.0	6.21		M	M	M									7.0	140.0	6.0	4.35		SCT	OVC	M	500.0	900.0						
465125	2018-03-27 00:00:00	1686.0	CSTNQ	320	AIRBUS A320-211	NB	FNC	2018-03-27 17:35:00	2018-03-27 17:40:00	2018-03-27 17:47:00	LIS	2018-03-27 19:08:00	2018-03-27 19:12:00	2018-03-27 19:10:00	J	TP	2018-03-27 17:56:00	5.0	93.0	R	18.0	20.0	16.0	6.21		FEW	M	M	1500.0								17.0	320.0	7.0	6.21		M	M	M								
465126	2018-03-27 00:00:00	551.0	CSTMW	320	AIRBUS A320-211	NB	MUC	2018-03-27 17:40:00	2018-03-27 18:08:00	2018-03-27 18:17:00	LIS	2018-03-27 20:58:00	2018-03-27 21:02:00	2018-03-27 20:55:00	J	TP	2018-03-27 18:18:54	6.0	16.0	H	6.0	140.0	4.0	6.21		M	M	M									14.0	310.0	11.0	6.21		M	M	M								
465127	2018-03-27 00:00:00	661.0	FHBAL	319	AIRBUS A319-111	NB	AMS	2018-03-27 17:40:00	2018-03-27 17:57:00	2018-03-27 18:06:00	LIS	2018-03-27 20:51:00	2018-03-27 20:58:00	2018-03-27 20:45:00	J	TP	2018-03-28 02:57:59	17.0	89.0	0	7.0	140.0	9.0	6.21		FEW	BKN	BKN	1000.0	1200.0	1700.0						14.0	310.0	11.0	6.21		M	M	M								
465128	2018-03-27 00:00:00	369.0	CSTNP	320	AIRBUS A320-211	NB	LHR	2018-03-27 17:45:00	2018-03-27 17:56:00	2018-03-27 18:08:00	LIS	2018-03-27 20:19:00	2018-03-27 20:23:00	2018-03-27 20:25:00	J	TP	2018-03-27 18:28:04	11.0	31.0	B	12.0	300.0	14.0	6.21		SCT	OVC	M	3400.0	4500.0							14.0	310.0	10.0	6.21		M	M	M								
465129	2018-03-27 00:00:00	1273.0	CSTOH	332	AIRBUS A330-200	WB	VIE	2018-03-27 17:45:00	2018-03-27 18:13:00	2018-03-27 18:24:00	LIS	2018-03-27 21:32:00	2018-03-27 21:39:00	2018-03-27 21:15:00	J	TP	2018-03-27 18:34:55	10.0	62.0	0	5.0	230.0	7.0	6.21		FEW	BKN	M	3400.0	6000.0							13.0	310.0	10.0	6.21		M	M	M								
465130	2018-03-27 00:00:00	1067.0	CSDJH	AT7	ATR 72	WI	BIO	2018-03-27 17:50:00	2018-03-27 17:50:00	2018-03-27 17:55:00	LIS	2018-03-27 19:41:00	2018-03-27 19:46:00	2018-03-27 20:00:00	J	WI					14.0	320.0	8.0	6.21		SCT	M	M	2800.0								15.0	320.0	9.0	6.21		M	M	M								
465131	2018-03-27 00:00:00	457.0	CSTTA	319	AIRBUS A319-111	NB	ORY	2018-03-27 17:55:00	2018-03-27 18:01:00	2018-03-27 18:10:00	OPO	2018-03-27 19:58:00	2018-03-27 20:04:00	2018-03-27 20:00:00	J	TP	2018-03-27 18:43:05	6.0	21.0	B	12.0	270.0	11.0	6.21		FEW	BKN	M	2600.0	6000.0							11.0	320.0	4.0	6.21		FEW	M	M	1300.0							
465132	2018-03-27 00:00:00	524.0	CSTTY	E95	EMBRAER 195	PGA	LIS	2018-03-27 18:00:00	2018-03-27 17:47:00	2018-03-27 18:05:00	STR	2018-03-27 20:35:00	2018-03-27 20:38:00	2018-03-27 20:50:00	J	NI					20.0	320.0	7.0	6.21		M	M	M									7.0	210.0	4.0	6.21		FEW	SCT	BKN	2800.0	3300.0	4000.0					
465133	2018-03-27 00:00:00	928.0	CSTTK	319	AIRBUS A319-111	NB	LIS	2018-03-27 18:00:00	2018-03-27 18:04:00	2018-03-27 18:14:00	ZRH	2018-03-27 20:35:00	2018-03-27 20:39:00	2018-03-27 20:40:00	J	TP	2018-03-27 18:17:59	4.0	89.0	0	20.0	320.0	7.0	6.21		M	M	M									5.0	190.0	8.0	3.73		FEW	BKN	BKN	1000.0	1800.0	3500.0					
465134	2018-03-27 00:00:00	1018.0	CSTTC	319	AIRBUS A319-111	NB	LIS	2018-03-27 18:00:00	2018-03-27 17:58:00	2018-03-27 18:10:00	MAD	2018-03-27 18:58:00	2018-03-27 19:02:00	2018-03-27 19:20:00	J	TP					20.0	320.0	7.0	6.21		M	M	M									17.0	10.0	5.0	6.21		M	M	M								
465135	2018-03-27 00:00:00	1046.0	CSTNK	320	AIRBUS A320-211	NB	LIS	2018-03-27 18:00:00	2018-03-27 18:17:00	2018-03-27 18:31:00	BCN	2018-03-27 19:56:00	2018-03-27 20:00:00	2018-03-27 19:50:00	J	TP	2018-03-27 18:50:59	7.0	16.0	B	19.0	310.0	6.0	6.21		M	M	M									14.0	150.0	4.0	6.21		FEW	M	M	4000.0							
465136	2018-03-27 00:00:00	1966.0	CSDJA	AT7	ATR 72	WI	LIS	2018-03-27 18:00:00	2018-03-27 17:57:00	2018-03-27 18:06:00	OPO	2018-03-27 18:49:00	2018-03-27 18:54:00	2018-03-27 19:00:00	J	WI					20.0	320.0	7.0	6.21		M	M	M									11.0	330.0	6.0	6.21		FEW	M	M	1600.0							
465137	2018-03-27 00:00:00	937.0	CSTTE	319	AIRBUS A319-111	NB	GVA	2018-03-27 18:05:00	2018-03-27 18:10:00	2018-03-27 18:22:00	OPO	2018-03-27 20:16:00	2018-03-27 20:20:00	2018-03-27 20:20:00	J	TP	2018-03-27 18:22:57	5.0	15.0	D	6.0	250.0	9.0	5.59		FEW	BKN	OVC	1500.0	3000.0	4500.0						10.0	320.0	4.0	6.21		BKN	M	M	1400.0							
465138	2018-03-27 00:00:00	1045.0	CSTNM	320	AIRBUS A320-211	NB	BCN	2018-03-27 18:05:00	2018-03-27 18:23:00	2018-03-27 18:32:00	LIS	2018-03-27 19:59:00	2018-03-27 20:05:00	2018-03-27 20:00:00	J	TP	2018-03-27 18:41:03	18.0	93.0	E	14.0	220.0	5.0	6.21		FEW	M	M	4000.0								15.0	320.0	9.0	6.21		M	M	M								
465139	2018-03-27 00:00:00	1093.0	CSDJF	AT7	ATR 72	WI	VLC	2018-03-27 18:05:00	2018-03-27 18:15:00	2018-03-27 18:28:00	LIS	2018-03-27 20:31:00	2018-03-27 20:34:00	2018-03-27 20:20:00	J	WI	2018-03-27 18:29:53	10.0	93.0	0	20.0	120.0	5.0	6.21		M	M	M									14.0	310.0	10.0	6.21		M	M	M								
465140	2018-03-27 00:00:00	358.0	CSTNU	320	AIRBUS A320-211	NB	LIS	2018-03-27 18:10:00	2018-03-27 18:11:00	2018-03-27 18:26:00	LHR	2018-03-27 20:38:00	2018-03-27 20:45:00	2018-03-27 20:45:00	J	TP	2018-03-27 18:39:59	1.0	89.0	0	20.0	320.0	7.0	6.21		M	M	M									9.0	270.0	9.0	6.21		NCD	M	M								
465141	2018-03-27 00:00:00	829.0	INEOZ	738	BOEING 737-800		MXP	2018-03-27 18:15:00	2018-03-27 19:50:00	2018-03-27 20:03:00	LIS	2018-03-27 22:30:00	2018-03-27 22:35:00	2018-03-27 21:10:00	J	TP	2018-03-28 10:28:59	2.0	63.0	D	13.0	10.0	7.0	6.21		FEW	M	M	7000.0								12.0	310.0	12.0	6.21		M	M	M								
465142	2018-03-27 00:00:00	843.0	OYRUE	M83	McDonnell Douglas MD-83		FCO	2018-03-27 18:15:00	2018-03-27 19:02:00	2018-03-27 19:13:00	LIS	2018-03-27 21:55:00	2018-03-27 22:00:00	2018-03-27 21:20:00	J	TP	2018-03-27 19:34:05	14.0	89.0	0	11.0	250.0	2.0	6.21		M	M	M									12.0	300.0	11.0	6.21		M	M	M								
465143	2018-03-27 00:00:00	649.0	CSTQD	320	AIRBUS A320-211	NB	BRU	2018-03-27 18:25:00	2018-03-27 18:29:00	2018-03-27 18:39:00	LIS	2018-03-27 21:05:00	2018-03-27 21:10:00	2018-03-27 21:15:00	J	TP	2018-03-27 18:43:04	4.0	89.0	0	8.0	230.0	6.0	6.21		SCT	BKN	M	500.0	600.0							14.0	310.0	11.0	6.21		M	M	M								
465144	2018-03-27 00:00:00	1677.0	CSTTH	319	AIRBUS A319-111	NB	LIS	2018-03-27 18:25:00	2018-03-27 18:27:00	2018-03-27 18:35:00	FNC	2018-03-27 20:04:00	2018-03-27 20:08:00	2018-03-27 20:10:00	J	TP	2018-03-27 18:37:59	2.0	32.0	A	19.0	310.0	6.0	6.21		M	M	M									16.0	30.0	15.0	6.21		FEW	M	M	1500.0							
465145	2018-03-27 00:00:00	82.0	CSTOC	343	AIRBUS A340-312	WB	GRU	2018-03-27 18:30:00	2018-03-27 18:35:00	2018-03-27 18:49:00	LIS	2018-03-28 03:54:00	2018-03-28 03:59:00	2018-03-28 04:20:00	J	TP	2018-03-27 19:27:09	5.0	89.0	0	27.0	130.0	4.0	6.21		SCT	FEW	BKN	3300.0	4000.0	10000.0						9.0		4.0	6.21		M	M	M								
465146	2018-03-27 00:00:00	1479.0	CSTNR	320	AIRBUS A320-211	NB	LIS	2018-03-27 18:30:00	2018-03-27 18:44:00	2018-03-27 18:52:00	OXB	2018-03-27 23:07:00	2018-03-27 23:11:00	2018-03-27 22:50:00	J	TP	2018-03-27 19:00:59	4.0	89.0	0	19.0	310.0	6.0	6.21		M	M	M									26.0	260.0	6.0	3.73		NSC	M	M								
465147	2018-03-27 00:00:00	1957.0	CSDJC	AT7	ATR 72	WI	OPO	2018-03-27 18:30:00	2018-03-27 18:43:00	2018-03-27 18:53:00	LIS	2018-03-27 19:38:00	2018-03-27 19:41:00	2018-03-27 19:30:00	J	WI	2018-03-27 18:56:56	8.0	16.0	H	12.0	310.0	7.0	6.21		M	M	M									16.0	310.0	9.0	6.21		M	M	M								
465148	2018-03-27 00:00:00	1034.0	CSTTQ	319	AIRBUS A319-111	NB	OPO	2018-03-27 18:35:00	2018-03-27 19:25:00	2018-03-27 19:31:00	BCN	2018-03-27 20:56:00	2018-03-27 21:05:00	2018-03-27 20:20:00	J	TP	2018-03-29 15:15:59	15.0	83.0	0	11.0	330.0	5.0	6.21		FEW	M	M	1500.0								14.0	50.0	1.0	6.21		FEW	M	M	4000.0							
465149	2018-03-27 00:00:00	74.0	CSTFM	772	BOEING 777-200		GIG	2018-03-27 18:40:00	2018-03-27 19:00:00	2018-03-27 19:22:00	LIS	2018-03-28 03:46:00	2018-03-28 03:51:00	2018-03-28 04:20:00	J	TP	2018-03-27 20:02:01	20.0	63.0	D	31.0	130.0	10.0	6.21		FEW	M	M	3000.0								9.0		4.0	6.21		M	M	M								
465150	2018-03-27 00:00:00	446.0	CSTNI	320	AIRBUS A320-211	NB	LIS	2018-03-27 18:40:00	2018-03-27 18:41:00	2018-03-27 18:49:00	ORY	2018-03-27 20:50:00	2018-03-27 20:57:00	2018-03-27 21:05:00	J	TP	2018-03-27 18:50:59	1.0	85.0	C	19.0	310.0	6.0	6.21		M	M	M									10.0	290.0	16.0	6.21		SCT	BKN	M	3000.0	3300.0						
465151	2018-03-27 00:00:00	838.0	CSTNN	320	AIRBUS A320-211	NB	LIS	2018-03-27 18:45:00	2018-03-27 18:45:00	2018-03-27 19:09:00	FCO	2018-03-27 21:34:00	2018-03-27 21:41:00	2018-03-27 21:35:00	J	TP					19.0	310.0	6.0	6.21		M	M	M									10.0		3.0	6.21		FEW	SCT	M	2000.0	2500.0						
465152	2018-03-27 00:00:00	347.0	CSTPV	E90	EMBRAER 190	PGA	LCY	2018-03-27 18:50:00	2018-03-27 19:30:00	2018-03-27 19:39:00	LIS	2018-03-27 22:06:00	2018-03-27 22:15:00	2018-03-27 21:25:00	J	NI	2018-03-27 20:10:15	31.0	16.0	0	11.0	290.0	11.0	6.21		NCD	M	M									12.0	300.0	11.0	6.21		M	M	M								
465153	2018-03-27 00:00:00	367.0	CSTTG	319	AIRBUS A319-111	NB	LHR	2018-03-27 18:50:00	2018-03-27 18:59:00	2018-03-27 19:13:00	LIS	2018-03-27 21:28:00	2018-03-27 21:33:00	2018-03-27 21:30:00	J	TP	2018-03-27 19:32:01	9.0	89.0	0	11.0	290.0	9.0	6.21		NCD	M	M									13.0	310.0	10.0	6.21		M	M	M								
465154	2018-03-27 00:00:00	458.0	CSTTN	319	AIRBUS A319-111	NB	OPO	2018-03-27 18:50:00	2018-03-27 18:56:00	2018-03-27 19:02:00	ORY	2018-03-27 20:48:00	2018-03-27 20:53:00	2018-03-27 20:55:00	J	TP	2018-03-27 19:10:02	6.0	91.0	0	11.0	330.0	6.0	6.21		FEW	M	M	1600.0								10.0	290.0	16.0	6.21		SCT	BKN	M	3000.0	3300.0						
465155	2018-03-27 00:00:00	449.0	CSTNY	320	AIRBUS A320-211	NB	ORY	2018-03-27 18:55:00	2018-03-27 19:01:00	2018-03-27 19:13:00	LIS	2018-03-27 21:21:00	2018-03-27 21:27:00	2018-03-27 21:20:00	J	TP	2018-03-28 10:28:59	6.0	13.0	0	12.0	270.0	14.0	6.21		FEW	BKN	M	2600.0	5000.0							13.0	310.0	10.0	6.21		M	M	M								
465156	2018-03-27 00:00:00	642.0	CSTNW	320	AIRBUS A320-211	NB	LIS	2018-03-27 18:55:00	2018-03-27 19:17:00	2018-03-27 19:28:00	BRU	2018-03-27 21:52:00	2018-03-27 21:56:00	2018-03-27 21:35:00	J	TP	2018-03-27 19:30:59	7.0	89.0	0	16.0	310.0	9.0	6.21		M	M	M									9.0	250.0	8.0	4.35		SCT	BKN	M	700.0	1900.0						
465157	2018-03-27 00:00:00	584.0	CSTPR	E90	EMBRAER 190	PGA	LIS	2018-03-27 19:00:00	2018-03-27 18:56:00	2018-03-27 19:11:00	CGN	2018-03-27 21:48:00	2018-03-27 21:53:00	2018-03-27 21:50:00	J	NI					17.0	320.0	7.0	6.21		M	M	M									6.0	140.0	6.0	3.73		FEW	OVC	M	1300.0	1600.0						
465158	2018-03-27 00:00:00	1714.0	CSTTO	319	AIRBUS A319-111	NB	FNC	2018-03-27 19:00:00	2018-03-27 18:52:00	2018-03-27 18:59:00	OPO	2018-03-27 20:32:00	2018-03-27 20:38:00	2018-03-27 20:50:00	J	TP					17.0	20.0	13.0	6.21		FEW	M	M	1500.0								10.0	320.0	4.0	6.21		BKN	M	M	1400.0							
465159	2018-03-27 00:00:00	1970.0	CSDJE	AT7	ATR 72	WI	LIS	2018-03-27 19:00:00	2018-03-27 19:02:00	2018-03-27 19:14:00	OPO	2018-03-27 19:53:00	2018-03-27 19:57:00	2018-03-27 20:00:00	J	WI	2018-03-27 19:15:59	2.0	89.0	0	17.0	320.0	7.0	6.21		M	M	M									11.0	320.0	4.0	6.21		FEW	M	M	1300.0							
465160	2018-03-27 00:00:00	1060.0	CSDJB	AT7	ATR 72	WI	LIS	2018-03-27 19:05:00	2018-03-27 19:02:00	2018-03-27 19:16:00	BIO	2018-03-27 20:56:00	2018-03-27 21:01:00	2018-03-27 21:10:00	J	WI					17.0	320.0	7.0	6.21		M	M	M									13.0		1.0	6.21		BKN	M	M	2200.0							
465161	2018-03-27 00:00:00	1113.0	CSDJD	AT7	ATR 72	WI	OVD	2018-03-27 19:10:00	2018-03-27 19:03:00	2018-03-27 19:08:00	LIS	2018-03-27 20:44:00	2018-03-27 20:49:00	2018-03-27 20:55:00	J	WI					11.0	300.0	10.0	6.21		M	M	M									14.0	310.0	11.0	6.21		M	M	M								
465162	2018-03-27 00:00:00	1006.0	CSTPQ	E90	EMBRAER 190	PGA	OPO	2018-03-27 19:15:00	2018-03-27 19:12:00	2018-03-27 19:19:00	MAD	2018-03-27 20:06:00	2018-03-27 20:10:00	2018-03-27 20:25:00	J	NI					11.0	330.0	6.0	6.21		FEW	M	M	1600.0								16.0	320.0	6.0	6.21		M	M	M								
465163	2018-03-27 00:00:00	362.0	CSTTJ	319	AIRBUS A319-111	NB	LIS	2018-03-27 19:20:00	2018-03-27 19:18:00	2018-03-27 19:30:00	LHR	2018-03-27 21:40:00	2018-03-27 21:50:00	2018-03-27 21:55:00	J	TP					16.0	310.0	9.0	6.21		M	M	M									8.0	270.0	7.0	6.21		NCD	M	M								
465164	2018-03-27 00:00:00	1959.0	CSDJA	AT7	ATR 72	WI	OPO	2018-03-27 19:30:00	2018-03-27 19:27:00	2018-03-27 19:37:00	LIS	2018-03-27 20:27:00	2018-03-27 20:30:00	2018-03-27 20:30:00	J	WI					11.0	330.0	5.0	6.21		FEW	M	M	1500.0								14.0	310.0	10.0	6.21		M	M	M								
465165	2018-03-27 00:00:00	1528.0	CSTNS	320	AIRBUS A320-211	NB	TMS	2018-03-27 19:35:00	2018-03-27 19:44:00	2018-03-27 19:50:00	ACC	2018-03-27 21:12:00	2018-03-27 21:18:00	2018-03-27 21:15:00	J	TP	2018-03-28 10:29:59	9.0	15.0	0	28.0	220.0	3.0	6.21		FEW	BKN	M	2000.0	4000.0							28.0	200.0	11.0	6.21		BKN	BKN	M	1600.0	3700.0						
465166	2018-03-27 00:00:00	337.0	CSTPT	E90	EMBRAER 190	PGA	LGW	2018-03-27 19:55:00	2018-03-27 19:54:00	2018-03-27 20:06:00	OPO	2018-03-27 22:04:00	2018-03-27 22:08:00	2018-03-27 22:15:00	J	NI					10.0	270.0	8.0	6.21		FEW	BKN	M	2400.0	4200.0							11.0	330.0	4.0	6.21		BKN	M	M	1500.0							
465167	2018-03-27 00:00:00	828.0	CSTNH	320	AIRBUS A320-211	NB	LIS	2018-03-27 19:55:00	2018-03-27 19:54:00	2018-03-27 20:02:00	MXP	2018-03-27 22:11:00	2018-03-27 22:17:00	2018-03-27 22:30:00	J	TP					15.0	320.0	9.0	6.21		M	M	M									7.0		2.0	6.21		M	M	M								
465168	2018-03-27 00:00:00	58.0	CSTOU	333	AIRBUS A330-300	WB	BSB	2018-03-27 20:00:00	2018-03-27 20:03:00	2018-03-27 20:11:00	LIS	2018-03-28 04:48:00	2018-03-28 04:54:00	2018-03-28 05:00:00	J	TP	2018-03-27 20:28:08	2.0	89.0	0	27.0	80.0	11.0	6.21		SCT	M	M	4000.0								9.0		5.0	6.21		FEW	M	M	1200.0							
465169	2018-03-27 00:00:00	1533.0	CSTNT	320	AIRBUS A320-211	NB	LIS	2018-03-27 20:00:00	2018-03-27 23:05:00	2018-03-27 23:16:00	RAI	2018-03-28 03:23:00	2018-03-28 03:25:00	2018-03-28 00:15:00	J	TP	2018-04-02 08:23:59	58.0	16.0	A	11.0	310.0	14.0	6.21		M	M	M									20.0	30.0	9.0	6.21		FEW	M	M	1500.0							
465170	2018-03-27 00:00:00	494.0	CSTPS	E90	EMBRAER 190	PGA	LIS	2018-03-27 20:05:00	2018-03-27 20:08:00	2018-03-27 20:20:00	TLS	2018-03-27 21:46:00	2018-03-27 21:52:00	2018-03-27 21:55:00	J	NI	2018-03-27 20:22:59	3.0	89.0	0	15.0	320.0	9.0	6.21		M	M	M									11.0	260.0	17.0	6.21		BKN	OVC	M	1200.0	5400.0						
465171	2018-03-27 00:00:00	1021.0	CSTTC	319	AIRBUS A319-111	NB	MAD	2018-03-27 20:05:00	2018-03-27 20:04:00	2018-03-27 20:18:00	LIS	2018-03-27 21:11:00	2018-03-27 21:14:00	2018-03-27 21:25:00	J	TP					16.0	320.0	6.0	6.21		M	M	M									14.0	310.0	11.0	6.21		M	M	M								
465172	2018-03-27 00:00:00	1090.0	CSDJC	AT7	ATR 72	WI	LIS	2018-03-27 20:10:00	2018-03-27 20:20:00	2018-03-27 20:36:00	VLC	2018-03-27 22:22:00	2018-03-27 22:24:00	2018-03-27 22:15:00	J	WI	2018-03-27 20:37:59	10.0	93.0	M	14.0	310.0	10.0	6.21		M	M	M									14.0	280.0	4.0	6.21		M	M	M								
465173	2018-03-27 00:00:00	224.0	CSTOX	333	AIRBUS A330-300	WB	MIA	2018-03-27 20:15:00	2018-03-27 20:28:00	2018-03-27 20:40:00	LIS	2018-03-28 04:25:00	2018-03-28 04:30:00	2018-03-28 04:20:00	J	TP	2018-04-04 11:29:59	4.0	89.0	0		80.0	15.0	10.0		BKN	M	M	4700.0								9.0	60.0	5.0	6.21		FEW	M	M	1200.0							
465174	2018-03-27 00:00:00	1968.0	CSTPP	E90	EMBRAER 190	PGA	LIS	2018-03-27 20:15:00	2018-03-27 20:13:00	2018-03-27 20:24:00	OPO	2018-03-27 20:57:00	2018-03-27 21:02:00	2018-03-27 21:10:00	J	NI					15.0	320.0	9.0	6.21		M	M	M									10.0	320.0	4.0	6.21		BKN	M	M	1400.0							
465175	2018-03-27 00:00:00	817.0	CSTTU	319	AIRBUS A319-111	NB	MXP	2018-03-27 20:20:00	2018-03-27 20:08:00	2018-03-27 20:17:00	OPO	2018-03-27 22:27:00	2018-03-27 22:31:00	2018-03-27 23:05:00	J	TP					12.0	20.0	5.0	6.21		M	M	M									11.0	330.0	4.0	6.21		BKN	M	M	1500.0							
465176	2018-03-27 00:00:00	1048.0	CSTTR	319	AIRBUS A319-111	NB	LIS	2018-03-27 20:30:00	2018-03-27 20:34:00	2018-03-27 20:47:00	BCN	2018-03-27 22:11:00	2018-03-27 22:18:00	2018-03-27 22:20:00	J	TP	2018-03-27 20:49:59	4.0	95.0	A	14.0	310.0	10.0	6.21		M	M	M									13.0	100.0	3.0	6.21		FEW	M	M	4000.0							
465177	2018-03-27 00:00:00	1971.0	CSDJE	AT7	ATR 72	WI	OPO	2018-03-27 20:30:00	2018-03-27 20:29:00	2018-03-27 20:36:00	LIS	2018-03-27 21:19:00	2018-03-27 21:24:00	2018-03-27 21:30:00	J	WI					10.0	320.0	4.0	6.21		BKN	M	M	1400.0								13.0	310.0	10.0	6.21		M	M	M								
465178	2018-03-27 00:00:00	1022.0	CSTTD	319	AIRBUS A319-111	NB	LIS	2018-03-27 20:35:00	2018-03-27 20:32:00	2018-03-27 20:42:00	MAD	2018-03-27 21:38:00	2018-03-27 21:51:00	2018-03-27 21:50:00	J	TP					14.0	310.0	10.0	6.21		M	M	M									14.0	170.0	3.0	6.21		M	M	M								
465179	2018-03-27 00:00:00	1047.0	CSTNK	320	AIRBUS A320-211	NB	BCN	2018-03-27 20:35:00	2018-03-27 20:50:00	2018-03-27 21:08:00	LIS	2018-03-27 22:40:00	2018-03-27 22:46:00	2018-03-27 22:30:00	J	TP	2018-03-27 21:16:33	5.0	89.0	0	14.0	50.0	1.0	6.21		FEW	M	M	4000.0								11.0	310.0	14.0	6.21		M	M	M								
465180	2018-03-27 00:00:00	478.0	CSTTZ	E95	EMBRAER 195	PGA	LIS	2018-03-27 20:40:00	2018-03-27 20:38:00	2018-03-27 20:54:00	LYS	2018-03-27 22:49:00	2018-03-27 22:52:00	2018-03-27 22:55:00	J	NI					14.0	310.0	10.0	6.21		M	M	M									8.0	180.0	9.0	4.97		SCT	BKN	M	3000.0	5600.0						
465181	2018-03-27 00:00:00	1136.0	CSDJG	AT7	ATR 72	WI	LIS	2018-03-27 20:40:00	2018-03-27 20:39:00	2018-03-27 20:52:00	AGP	2018-03-27 21:52:00	2018-03-27 21:57:00	2018-03-27 22:10:00	J	WI					14.0	310.0	10.0	6.21		M	M	M									12.0	320.0	3.0	6.21		M	M	M								
465182	2018-03-27 00:00:00	1691.0	CSTNQ	320	AIRBUS A320-211	NB	LIS	2018-03-27 20:50:00	2018-03-27 20:50:00	2018-03-27 21:03:00	FNC	2018-03-27 22:32:00	2018-03-27 22:34:00	2018-03-27 22:35:00	J	TP					14.0	310.0	11.0	6.21		M	M	M									16.0	20.0	13.0	6.21		FEW	M	M	1500.0							
465183	2018-03-27 00:00:00	1713.0	CSTTA	319	AIRBUS A319-111	NB	OPO	2018-03-27 20:50:00	2018-03-27 20:53:00	2018-03-27 21:02:00	FNC	2018-03-27 22:48:00	2018-03-27 22:51:00	2018-03-27 22:50:00	J	TP	2018-03-27 21:04:15	3.0	89.0	0	10.0	320.0	4.0	6.21		BKN	M	M	1400.0								16.0	10.0	12.0	6.21		FEW	M	M	1500.0							
465184	2018-03-27 00:00:00	1688.0	CSTTH	319	AIRBUS A319-111	NB	FNC	2018-03-27 20:55:00	2018-03-27 20:47:00	2018-03-27 20:56:00	LIS	2018-03-27 22:18:00	2018-03-27 22:24:00	2018-03-27 22:30:00	J	TP					16.0	30.0	16.0	6.21		FEW	M	M	1500.0								12.0	310.0	12.0	6.21		M	M	M								
465185	2018-03-27 00:00:00	1009.0	CSTPQ	E90	EMBRAER 190	PGA	MAD	2018-03-27 21:05:00	2018-03-27 20:55:00	2018-03-27 21:10:00	OPO	2018-03-27 21:58:00	2018-03-27 22:04:00	2018-03-27 22:20:00	J	NI					15.0		2.0	6.21		M	M	M									11.0	330.0	4.0	6.21		BKN	M	M	1500.0							
465186	2018-03-27 00:00:00	1031.0	CSTTQ	319	AIRBUS A319-111	NB	BCN	2018-03-27 21:05:00	2018-03-27 21:45:00	2018-03-27 21:54:00	OPO	2018-03-27 23:27:00	2018-03-27 23:35:00	2018-03-27 22:55:00	J	TP	2018-03-27 21:59:27	40.0	93.0	R	14.0		1.0	6.21		FEW	M	M	4000.0								11.0	330.0	2.0	6.21		BKN	M	M	1500.0							
465187	2018-03-27 00:00:00	1104.0	CSDJF	AT7	ATR 72	WI	LIS	2018-03-27 21:05:00	2018-03-27 21:10:00	2018-03-27 21:21:00	SVQ	2018-03-27 22:06:00	2018-03-27 22:10:00	2018-03-27 22:15:00	J	WI	2018-03-27 21:20:59	5.0	93.0	O	14.0	310.0	11.0	6.21		M	M	M									15.0	0.0	0.0	6.21		M	M	M								
465188	2018-03-27 00:00:00	1865.0	CSTNP	320	AIRBUS A320-211	NB	LIS	2018-03-27 21:30:00	2018-03-27 21:55:00	2018-03-27 22:11:00	PDL	2018-03-28 00:15:00	2018-03-28 00:18:00	2018-03-27 23:55:00	J	TP	2018-04-02 08:22:59	8.0	49.0	0	12.0	300.0	11.0	6.21		M	M	M									15.0	320.0	3.0	6.21		FEW	M	M	1600.0							
465189	2018-03-27 00:00:00	1958.0	CSTNG	320	AIRBUS A320-211	NB	LIS	2018-03-27 21:30:00	2018-03-27 22:05:00	2018-03-27 22:17:00	OPO	2018-03-27 22:47:00	2018-03-27 22:52:00	2018-03-27 22:25:00	J	TP	2018-03-27 22:20:59	20.0	89.0	0	12.0	300.0	11.0	6.21		M	M	M									11.0	330.0	4.0	6.21		BKN	M	M	1500.0							
465190	2018-03-27 00:00:00	202.0	CSTOP	332	AIRBUS A330-200	WB	EWR	2018-03-27 21:45:00	2018-03-27 21:48:00	2018-03-27 22:16:00	LIS	2018-03-28 04:27:00	2018-03-28 04:32:00	2018-03-28 04:35:00	J	TP	2018-03-27 22:32:32	3.0	89.0	0		130.0	4.0	10.0		OVC	M	M	12000.0								9.0	60.0	5.0	6.21		FEW	M	M	1200.0							
465191	2018-03-27 00:00:00	2614.0	CSTKR	763	BOEING 767-300/300ER		CCS	2018-03-27 21:50:00	2018-03-27 23:03:00	2018-03-27 23:21:00	CUR	2018-03-27 23:58:00	2018-03-28 00:05:00	2018-03-27 22:55:00	J	YU	2018-03-27 23:36:04	73.0	93.0	0	26.0	70.0	3.0	6.21		OVC	M	M	1600.0								27.0	80.0	11.0	6.21		FEW	M	M	1800.0							
465192	2018-03-27 00:00:00	1909.0	CSTJG	321	AIRBUS A321-211	NB	LIS	2018-03-27 22:05:00	2018-03-27 22:29:00	2018-03-27 22:38:00	FAO	2018-03-27 23:05:00	2018-03-27 23:10:00	2018-03-27 22:50:00	J	TP	2018-03-27 22:41:59	24.0	91.0	0	12.0	310.0	12.0	6.21		M	M	M									18.0	350.0	6.0	6.21		M	M	M								
465193	2018-03-27 00:00:00	1693.0	CSTTC	319	AIRBUS A319-111	NB	LIS	2018-03-27 22:10:00	2018-03-27 22:15:00	2018-03-27 22:24:00	FNC	2018-03-27 23:50:00	2018-03-27 23:53:00	2018-03-27 23:55:00	J	TP	2018-03-27 22:26:59	5.0	91.0	0	12.0	300.0	11.0	6.21		M	M	M									16.0	10.0	12.0	6.21		FEW	M	M	1500.0							
465194	2018-03-27 00:00:00	1528.0	CSTNS	320	AIRBUS A320-211	NB	ACC	2018-03-27 22:15:00	2018-03-27 22:27:00	2018-03-27 22:37:00	LIS	2018-03-28 03:34:00	2018-03-28 03:39:00	2018-03-28 03:45:00	J	TP	2018-04-03 09:52:59	3.0	93.0	A	29.0	210.0	11.0	6.21		FEW	SCT	M	1700.0	2300.0							9.0		3.0	6.21		M	M	M								
465195	2018-03-27 00:00:00	1928.0	CSTNM	320	AIRBUS A320-211	NB	LIS	2018-03-27 22:15:00	2018-03-27 22:32:00	2018-03-27 22:43:00	OPO	2018-03-27 23:13:00	2018-03-27 23:19:00	2018-03-27 23:10:00	J	TP	2018-03-27 22:46:59	17.0	95.0	A	12.0	310.0	12.0	6.21		M	M	M									11.0	330.0	2.0	6.21		BKN	M	M	1500.0							
465196	2018-03-27 00:00:00	87.0	CSTOI	332	AIRBUS A330-200	WB	LIS	2018-03-27 22:20:00	2018-03-27 22:36:00	2018-03-27 22:48:00	GRU	2018-03-28 08:56:00	2018-03-28 09:08:00	2018-03-28 08:20:00	J	TP	2018-03-27 22:51:59	16.0	91.0	0	12.0	310.0	12.0	6.21		M	M	M									20.0	70.0	3.0	4.97		BKN	M	M	1000.0							
465197	2018-03-27 00:00:00	75.0	CSTOF	332	AIRBUS A330-200	WB	LIS	2018-03-27 22:25:00	2018-03-27 22:27:00	2018-03-27 22:41:00	GIG	2018-03-28 08:25:00	2018-03-28 08:30:00	2018-03-28 08:20:00	J	TP	2018-03-27 22:45:59	2.0	89.0	0	12.0	310.0	12.0	6.21		M	M	M									24.0	70.0	3.0	6.21		FEW	M	M	1500.0							
465198	2018-03-27 00:00:00	792.0	CSTMW	320	AIRBUS A320-211	NB	LIS	2018-03-27 22:25:00	2018-03-27 22:25:00	2018-03-27 22:33:00	HEL	2018-03-28 02:52:00	2018-03-28 02:58:00	2018-03-28 03:00:00	J	TP					12.0	310.0	12.0	6.21		M	M	M									-10.0	290.0	5.0	6.21		M	M	M								
465199	2018-03-27 00:00:00	289.0	CSTOB	343	AIRBUS A340-312	WB	LIS	2018-03-27 22:35:00	2018-03-27 22:41:00	2018-03-27 22:54:00	LAD	2018-03-28 05:52:00	2018-03-28 06:07:00	2018-03-28 06:05:00	J	TP	2018-03-27 22:58:59	6.0	89.0	0	12.0	310.0	12.0	6.21		M	M	M									27.0	160.0	4.0	4.35		FEW	SCT	BKN	2000.0	2400.0	8000.0					
465200	2018-03-27 00:00:00	13.0	CSTOH	332	AIRBUS A330-200	WB	LIS	2018-03-27 22:40:00	2018-03-27 23:13:00	2018-03-27 23:25:00	REC	2018-03-28 06:53:00	2018-03-28 06:57:00	2018-03-28 06:20:00	J	TP	2018-03-27 23:27:59	4.0	89.0	0	11.0	310.0	14.0	6.21		M	M	M									27.0	100.0	9.0	6.21		SCT	M	M	1800.0							
465201	2018-03-27 00:00:00	218.0	CSTOO	332	AIRBUS A330-200	WB	BOS	2018-03-27 22:40:00	2018-03-27 22:43:00	2018-03-27 22:56:00	LIS	2018-03-28 04:46:00	2018-03-28 04:50:00	2018-03-28 05:05:00	J	TP	2018-03-28 10:32:59	3.0	89.0	0		70.0	6.0	10.0		M	M	M									9.0		5.0	6.21		FEW	M	M	1200.0							
465202	2018-03-27 00:00:00	9313.0	INEOZ	738	BOEING 737-800		LIS	2018-03-27 22:50:00	2018-03-27 23:18:00	2018-03-27 23:27:00	VRN	2018-03-28 01:51:00	2018-03-28 01:58:00	2018-03-28 01:40:00	P	NO	2018-03-27 23:29:59	28.0	93.0	J	11.0	310.0	14.0	6.21		M	M	M									4.0	360.0	4.0	2.49		NSC	M	M								
465203	2018-03-27 00:00:00	1476.0	CSTNR	320	AIRBUS A320-211	NB	OXB	2018-03-27 23:50:00	2018-03-28 00:50:00	2018-03-28 00:58:00	LIS	2018-03-28 04:43:00	2018-03-28 04:47:00	2018-03-28 04:00:00	J	TP	2018-03-28 01:28:59	39.0	85.0	D	26.0	240.0	3.0	3.73		NSC	M	M									9.0		5.0	6.21		FEW	M	M	1200.0							
465204	2018-03-27 00:00:00	2614.0	CSTKR	763	BOEING 767-300/300ER		CUR	2018-03-27 23:55:00	2018-03-28 01:05:00	2018-03-28 01:15:00	LIS	2018-03-28 08:43:00	2018-03-28 08:51:00	2018-03-28 07:55:00	J	YU	2018-03-28 01:29:15	70.0	93.0	0	27.0	90.0	10.0	6.21		FEW	M	M	1800.0								12.0	350.0	12.0	6.21		FEW	M	M	1500.0							
465205	2018-03-28 00:00:00	214.0	CSTOG	332	AIRBUS A330-200	WB	EWR	2018-03-28 00:15:00	2018-03-28 00:59:00	2018-03-28 01:13:00	OPO	2018-03-28 07:17:00	2018-03-28 07:20:00	2018-03-28 07:00:00	J	TP	2018-04-04 13:19:59	29.0	19.0	B		180.0	6.0	10.0		FEW	SCT	OVC	7500.0	8500.0	10000.0						11.0	180.0	9.0	5.59		SCT	BKN	M	1200.0	2500.0						
465206	2018-03-28 00:00:00	88.0	CSTOK	332	AIRBUS A330-200	WB	GRU	2018-03-28 00:40:00	2018-03-28 00:45:00	2018-03-28 01:01:00	LIS	2018-03-28 09:54:00	2018-03-28 10:00:00	2018-03-28 10:30:00	J	TP	2018-03-28 01:17:04	5.0	89.0	0	21.0	0.0	0.0	6.21		SCT	M	M	1900.0								14.0	340.0	9.0	6.21		FEW	M	M	1800.0							
465207	2018-03-28 00:00:00	1532.0	CSTNT	320	AIRBUS A320-211	NB	RAI	2018-03-28 01:05:00	2018-03-28 04:35:00	2018-03-28 04:46:00	LIS	2018-03-28 08:18:00	2018-03-28 08:25:00	2018-03-28 05:05:00	J	TP	2018-04-05 11:38:59	63.0	93.0	R	20.0	30.0	12.0	6.21		FEW	M	M	1500.0								11.0	340.0	9.0	6.21		FEW	M	M	1300.0							
465208	2018-03-28 00:00:00	48.0	CSTOQ	332	AIRBUS A330-200	WB	BEL	2018-03-28 01:40:00	2018-03-28 03:59:00	2018-03-28 04:12:00	LIS	2018-03-28 11:26:00	2018-03-28 11:31:00	2018-03-28 09:10:00	J	TP	2018-04-04 13:16:59	4.0	93.0	R	25.0	150.0	7.0	6.21		FEW	SCT	M	1000.0	2500.0							15.0	330.0	10.0	6.21		FEW	M	M	2500.0							
465209	2018-03-28 00:00:00	36.0	CSTOV	333	AIRBUS A330-300	WB	FOR	2018-03-28 02:05:00	2018-03-28 02:24:00	2018-03-28 02:33:00	LIS	2018-03-28 08:58:00	2018-03-28 09:03:00	2018-03-28 09:10:00	J	TP	2018-03-28 02:49:24	19.0	15.0	A	28.0	80.0	4.0	6.21		BKN	M	M	1500.0								12.0	350.0	12.0	6.21		FEW	M	M	1500.0							
465210	2018-03-28 00:00:00	21.0	CSTOE	332	AIRBUS A330-200	WB	SSA	2018-03-28 02:20:00	2018-03-28 02:47:00	2018-03-28 03:00:00	LIS	2018-03-28 10:19:00	2018-03-28 10:24:00	2018-03-28 10:25:00	J	TP	2018-03-28 03:14:26	27.0	3.0	C	27.0	130.0	6.0	6.21		SCT	M	M	1700.0								14.0	330.0	10.0	6.21		FEW	M	M	2000.0							
465211	2018-03-28 00:00:00	208.0	CSTOM	332	AIRBUS A330-200	WB	JFK	2018-03-28 03:25:00	2018-03-28 04:24:00	2018-03-28 04:41:00	LIS	2018-03-28 10:46:00	2018-03-28 10:50:00	2018-03-28 10:15:00	J	TP	2018-03-28 05:03:24	29.0	31.0	E		240.0	5.0	10.0		OVC	M	M	4900.0								15.0	330.0	8.0	6.21		FEW	M	M	2500.0							
465212	2018-03-28 00:00:00	473.0	CSTTZ	E95	EMBRAER 195	PGA	LYS	2018-03-28 04:00:00	2018-03-28 03:58:00	2018-03-28 04:15:00	LIS	2018-03-28 06:24:00	2018-03-28 06:27:00	2018-03-28 06:30:00	J	NI					9.0	170.0	5.0	6.21		BKN	BKN	M	4600.0	11000.0							8.0		2.0	6.21		FEW	M	M	800.0							
465213	2018-03-28 00:00:00	527.0	CSTTY	E95	EMBRAER 195	PGA	STR	2018-03-28 04:00:00	2018-03-28 04:11:00	2018-03-28 04:23:00	LIS	2018-03-28 07:04:00	2018-03-28 07:10:00	2018-03-28 07:10:00	J	NI	2018-03-28 09:05:59	11.0	31.0	D	7.0	240.0	7.0	6.21		FEW	BKN	M	2400.0	3500.0							9.0	360.0	6.0	6.21		FEW	M	M	1000.0							
465214	2018-03-28 00:00:00	531.0	CSTTF	319	AIRBUS A319-111	NB	TXL	2018-03-28 04:00:00	2018-03-28 04:00:00	2018-03-28 04:11:00	LIS	2018-03-28 07:35:00	2018-03-28 07:39:00	2018-03-28 07:40:00	J	TP					2.0	90.0	7.0	6.21		BKN	BKN	M	3800.0	7200.0							10.0	360.0	5.0	6.21		FEW	M	M	1000.0							
465215	2018-03-28 00:00:00	753.0	CSTNJ	320	AIRBUS A320-211	NB	CPH	2018-03-28 04:00:00	2018-03-28 04:32:00	2018-03-28 05:07:00	LIS	2018-03-28 08:54:00	2018-03-28 08:57:00	2018-03-28 07:45:00	J	TP	2018-03-28 05:16:24	7.0	89.0	A	-2.0	100.0	15.0	6.21		BKN	M	M	1500.0								12.0	350.0	12.0	6.21		FEW	M	M	1500.0							
465216	2018-03-28 00:00:00	791.0	CSTMW	320	AIRBUS A320-211	NB	HEL	2018-03-28 04:00:00	2018-03-28 04:09:00	2018-03-28 04:19:00	LIS	2018-03-28 09:04:00	2018-03-28 09:08:00	2018-03-28 08:55:00	J	TP	2018-03-28 04:50:19	9.0	55.0	0	-9.0		2.0	6.21		M	M	M									12.0	350.0	12.0	6.21		FEW	M	M	1500.0							
465217	2018-03-28 00:00:00	821.0	CSTNH	320	AIRBUS A320-211	NB	MXP	2018-03-28 04:05:00	2018-03-28 03:59:00	2018-03-28 04:08:00	LIS	2018-03-28 06:32:00	2018-03-28 06:36:00	2018-03-28 07:00:00	J	TP					6.0	30.0	3.0	6.21		SCT	M	M	2000.0								8.0		2.0	6.21		FEW	M	M	800.0							
465218	2018-03-28 00:00:00	499.0	CSTPS	E90	EMBRAER 190	PGA	TLS	2018-03-28 04:15:00	2018-03-28 04:12:00	2018-03-28 04:24:00	LIS	2018-03-28 06:06:00	2018-03-28 06:11:00	2018-03-28 06:15:00	J	NI					11.0	270.0	10.0	6.21		FEW	BKN	M	1400.0	2700.0							9.0		4.0	6.21		FEW	M	M	1200.0							
465219	2018-03-28 00:00:00	571.0	CSTTL	319	AIRBUS A319-111	NB	FRA	2018-03-28 04:15:00	2018-03-28 04:18:00	2018-03-28 04:30:00	LIS	2018-03-28 07:28:00	2018-03-28 07:31:00	2018-03-28 07:25:00	J	TP	2018-03-28 04:36:21	3.0	89.0	0	7.0	210.0	4.0	2.98		FEW	SCT	BKN	400.0	1000.0	1800.0						10.0	360.0	5.0	6.21		FEW	M	M	1000.0							
465220	2018-03-28 00:00:00	837.0	CSTNN	320	AIRBUS A320-211	NB	FCO	2018-03-28 04:15:00	2018-03-28 04:14:00	2018-03-28 04:27:00	LIS	2018-03-28 07:17:00	2018-03-28 07:22:00	2018-03-28 07:20:00	J	TP					8.0	90.0	5.0	6.21		FEW	SCT	M	2500.0	3500.0							10.0	360.0	5.0	6.21		FEW	M	M	1000.0							
465221	2018-03-28 00:00:00	1943.0	CSTPQ	E90	EMBRAER 190	PGA	OPO	2018-03-28 04:15:00	2018-03-28 04:14:00	2018-03-28 04:24:00	LIS	2018-03-28 04:57:00	2018-03-28 05:03:00	2018-03-28 05:10:00	J	NI					11.0	130.0	5.0	6.21		BKN	M	M	3000.0								9.0		5.0	6.21		FEW	M	M	1200.0							
465222	2018-03-28 00:00:00	641.0	CSTNW	320	AIRBUS A320-211	NB	BRU	2018-03-28 04:20:00	2018-03-28 04:22:00	2018-03-28 04:32:00	LIS	2018-03-28 07:20:00	2018-03-28 07:24:00	2018-03-28 07:10:00	J	TP	2018-03-28 08:31:59	2.0	89.0	0	8.0	250.0	8.0	6.21		SCT	BKN	M	1200.0	4000.0							10.0	360.0	5.0	6.21		FEW	M	M	1000.0							
465223	2018-03-28 00:00:00	929.0	CSTTK	319	AIRBUS A319-111	NB	ZRH	2018-03-28 04:20:00	2018-03-28 04:20:00	2018-03-28 04:31:00	LIS	2018-03-28 07:12:00	2018-03-28 07:16:00	2018-03-28 07:10:00	J	TP					7.0	240.0	12.0	3.73		FEW	BKN	M	1000.0	3000.0							10.0	360.0	5.0	6.21		FEW	M	M	1000.0							
465224	2018-03-28 00:00:00	1095.0	CSDJC	AT7	ATR 72	WI	VLC	2018-03-28 04:20:00	2018-03-28 04:20:00	2018-03-28 04:29:00	LIS	2018-03-28 06:28:00	2018-03-28 06:34:00	2018-03-28 06:35:00	J	WI					10.0	260.0	4.0	6.21		M	M	M									8.0		2.0	6.21		FEW	M	M	800.0							
465225	2018-03-28 00:00:00	587.0	CSTPR	E90	EMBRAER 190	PGA	CGN	2018-03-28 04:25:00	2018-03-28 04:44:00	2018-03-28 04:57:00	LIS	2018-03-28 07:46:00	2018-03-28 07:49:00	2018-03-28 07:35:00	J	NI	2018-03-28 05:13:34	8.0	87.0	0	8.0	270.0	7.0	1.55		FEW	BKN	OVC	200.0	400.0	800.0						10.0	340.0	6.0	6.21		FEW	M	M	1200.0							
465226	2018-03-28 00:00:00	447.0	CSTNI	320	AIRBUS A320-211	NB	ORY	2018-03-28 04:30:00	2018-03-28 04:28:00	2018-03-28 04:41:00	LIS	2018-03-28 06:55:00	2018-03-28 07:00:00	2018-03-28 07:00:00	J	TP					7.0	210.0	6.0	6.21		SCT	BKN	M	4000.0	9300.0							9.0	360.0	6.0	6.21		FEW	M	M	1000.0							
465227	2018-03-28 00:00:00	1049.0	CSTTR	319	AIRBUS A319-111	NB	BCN	2018-03-28 04:40:00	2018-03-28 04:42:00	2018-03-28 05:01:00	LIS	2018-03-28 06:35:00	2018-03-28 06:41:00	2018-03-28 06:35:00	J	TP	2018-03-28 06:00:53	2.0	89.0	0	11.0	310.0	9.0	6.21		FEW	M	M	4000.0								8.0		2.0	6.21		FEW	M	M	800.0							
465228	2018-03-28 00:00:00	1137.0	CSDJG	AT7	ATR 72	WI	AGP	2018-03-28 04:40:00	2018-03-28 04:39:00	2018-03-28 04:48:00	LIS	2018-03-28 05:59:00	2018-03-28 06:16:00	2018-03-28 06:15:00	J	WI					10.0	260.0	3.0	6.21		M	M	M									8.0		2.0	6.21		FEW	M	M	800.0							
465229	2018-03-28 00:00:00	361.0	CSTTJ	319	AIRBUS A319-111	NB	LHR	2018-03-28 05:00:00	2018-03-28 05:01:00	2018-03-28 05:15:00	LIS	2018-03-28 07:39:00	2018-03-28 07:44:00	2018-03-28 07:35:00	J	TP	2018-03-28 05:22:32	1.0	89.0	0	6.0	230.0	1.0	6.21		OVC	M	M	4900.0								10.0	360.0	5.0	6.21		FEW	M	M	1000.0							
465230	2018-03-28 00:00:00	459.0	CSTTN	319	AIRBUS A319-111	NB	ORY	2018-03-28 05:00:00	2018-03-28 04:57:00	2018-03-28 05:08:00	OPO	2018-03-28 07:03:00	2018-03-28 07:06:00	2018-03-28 07:05:00	J	TP					7.0	180.0	5.0	6.21		BKN	BKN	M	2700.0	4000.0							11.0	190.0	2.0	6.21		BKN	M	M	1800.0							
465231	2018-03-28 00:00:00	669.0	CSTTI	319	AIRBUS A319-111	NB	AMS	2018-03-28 05:00:00	2018-03-28 05:03:00	2018-03-28 05:16:00	LIS	2018-03-28 08:03:00	2018-03-28 08:07:00	2018-03-28 08:00:00	J	TP	2018-03-28 08:30:59	3.0	89.0	0	7.0	260.0	10.0	6.21		SCT	M	M	1800.0								10.0	340.0	6.0	6.21		FEW	M	M	1200.0							
465232	2018-03-28 00:00:00	1101.0	CSDJF	AT7	ATR 72	WI	SVQ	2018-03-28 05:00:00	2018-03-28 04:57:00	2018-03-28 05:03:00	LIS	2018-03-28 05:53:00	2018-03-28 06:02:00	2018-03-28 06:10:00	J	WI					10.0	20.0	3.0	6.21		M	M	M									9.0		4.0	6.21		FEW	M	M	1200.0							
465233	2018-03-28 00:00:00	1670.0	CSTNQ	320	AIRBUS A320-211	NB	FNC	2018-03-28 05:00:00	2018-03-28 04:49:00	2018-03-28 04:57:00	LIS	2018-03-28 06:13:00	2018-03-28 06:18:00	2018-03-28 06:35:00	J	TP					16.0	20.0	17.0	6.21		FEW	M	M	1500.0								8.0		2.0	6.21		FEW	M	M	800.0							
465234	2018-03-28 00:00:00	1900.0	CSTJG	321	AIRBUS A321-211	NB	FAO	2018-03-28 05:00:00	2018-03-28 04:52:00	2018-03-28 05:02:00	LIS	2018-03-28 05:28:00	2018-03-28 05:34:00	2018-03-28 05:45:00	J	TP					13.0		2.0	6.21		M	M	M									9.0	50.0	5.0	6.21		FEW	M	M	1200.0							
465235	2018-03-28 00:00:00	1711.0	CSTTO	319	AIRBUS A319-111	NB	OPO	2018-03-28 05:05:00	2018-03-28 05:12:00	2018-03-28 05:18:00	FNC	2018-03-28 07:05:00	2018-03-28 07:09:00	2018-03-28 07:00:00	J	TP	2018-03-28 05:21:30	7.0	89.0	0	11.0	150.0	7.0	6.21		FEW	BKN	M	2500.0	3500.0							16.0	20.0	15.0	6.21		FEW	M	M	1400.0							
465236	2018-03-28 00:00:00	1065.0	CSDJB	AT7	ATR 72	WI	BIO	2018-03-28 05:10:00	2018-03-28 05:08:00	2018-03-28 05:14:00	LIS	2018-03-28 07:11:00	2018-03-28 07:15:00	2018-03-28 07:20:00	J	WI					11.0		2.0	6.21		BKN	M	M	3800.0								9.0	360.0	6.0	6.21		FEW	M	M	1000.0							
465237	2018-03-28 00:00:00	1921.0	CSTNG	320	AIRBUS A320-211	NB	OPO	2018-03-28 05:15:00	2018-03-28 05:15:00	2018-03-28 05:26:00	LIS	2018-03-28 06:06:00	2018-03-28 06:10:00	2018-03-28 06:15:00	J	TP					11.0	150.0	7.0	6.21		FEW	BKN	M	2500.0	3500.0							9.0		4.0	6.21		FEW	M	M	1200.0							
465238	2018-03-28 00:00:00	1023.0	CSTTD	319	AIRBUS A319-111	NB	MAD	2018-03-28 05:25:00	2018-03-28 05:25:00	2018-03-28 05:42:00	LIS	2018-03-28 06:38:00	2018-03-28 06:42:00	2018-03-28 06:45:00	J	TP	2018-03-28 05:52:29	3.0	89.0	0	5.0	10.0	4.0	6.21		M	M	M									8.0		2.0	6.21		FEW	M	M	800.0							
465239	2018-03-28 00:00:00	436.0	CSTJH	321	AIRBUS A321-211	NB	LIS	2018-03-28 05:30:00	2018-03-28 06:02:00	2018-03-28 06:11:00	ORY	2018-03-28 08:17:00	2018-03-28 08:23:00	2018-03-28 07:55:00	J	TP	2018-03-28 06:15:59	7.0	89.0	0	9.0		4.0	6.21		FEW	M	M	1200.0								9.0	180.0	6.0	2.8		OVC	M	M	300.0							
465240	2018-03-28 00:00:00	452.0	CSTTE	319	AIRBUS A319-111	NB	OPO	2018-03-28 05:30:00	2018-03-28 05:35:00	2018-03-28 05:44:00	ORY	2018-03-28 07:23:00	2018-03-28 07:45:00	2018-03-28 07:35:00	J	TP	2018-03-28 09:03:59	5.0	89.0	0	11.0	150.0	7.0	6.21		FEW	BKN	M	2500.0	3300.0							7.0	160.0	6.0	1.55		OVC	M	M	300.0							
465241	2018-03-28 00:00:00	818.0	CSTTQ	319	AIRBUS A319-111	NB	OPO	2018-03-28 05:30:00	2018-03-28 05:34:00	2018-03-28 05:42:00	MXP	2018-03-28 07:38:00	2018-03-28 07:49:00	2018-03-28 08:05:00	J	TP	2018-03-28 05:46:37	4.0	89.0	0	11.0	150.0	7.0	6.21		FEW	BKN	M	2500.0	3300.0							9.0	80.0	4.0	4.35		BKN	M	M	3000.0							
465242	2018-03-28 00:00:00	443.0	CSTTP	319	AIRBUS A319-111	NB	ORY	2018-03-28 05:50:00	2018-03-28 05:59:00	2018-03-28 06:07:00	LIS	2018-03-28 08:26:00	2018-03-28 08:31:00	2018-03-28 08:20:00	J	TP	2018-03-28 06:12:36	4.0	89.0	0	7.0	180.0	6.0	3.11		BKN	M	M	1500.0								11.0	340.0	9.0	6.21		FEW	M	M	1300.0							
465243	2018-03-28 00:00:00	578.0	CSTNR	320	AIRBUS A320-211	NB	LIS	2018-03-28 05:50:00	2018-03-28 06:17:00	2018-03-28 06:26:00	FRA	2018-03-28 08:57:00	2018-03-28 09:12:00	2018-03-28 08:55:00	J	TP	2018-03-28 06:31:59	15.0	64.0	0	8.0		2.0	6.21		FEW	M	M	800.0								9.0	220.0	15.0	6.21		FEW	OVC	M	1300.0	1900.0						
465244	2018-03-28 00:00:00	864.0	CSTJF	321	AIRBUS A321-211	NB	LIS	2018-03-28 05:55:00	2018-03-28 05:55:00	2018-03-28 06:05:00	VCE	2018-03-28 08:34:00	2018-03-28 08:38:00	2018-03-28 08:45:00	J	TP					9.0		4.0	6.21		FEW	M	M	1200.0								11.0	70.0	6.0	6.21		FEW	M	M	3000.0							
465245	2018-03-28 00:00:00	1026.0	CSTTG	319	AIRBUS A319-111	NB	LIS	2018-03-28 05:55:00	2018-03-28 06:57:00	2018-03-28 07:06:00	MAD	2018-03-28 08:00:00	2018-03-28 08:03:00	2018-03-28 07:10:00	J	TP	2018-03-28 07:07:59	62.0	64.0	0	9.0	360.0	6.0	6.21		FEW	M	M	1000.0								9.0	150.0	2.0	6.21		M	M	M								
465246	2018-03-28 00:00:00	344.0	CSTPW	E90	EMBRAER 190	PGA	LIS	2018-03-28 06:00:00	2018-03-28 06:09:00	2018-03-28 06:18:00	LCY	2018-03-28 08:26:00	2018-03-28 08:30:00	2018-03-28 08:40:00	J	NI	2018-03-28 06:20:59	9.0	89.0	0	9.0		4.0	6.21		FEW	M	M	1200.0								5.0		3.0	5.59		BKN	OVC	///	1500.0	2200.0						
465247	2018-03-28 00:00:00	646.0	CSTQD	320	AIRBUS A320-211	NB	LIS	2018-03-28 06:00:00	2018-03-28 06:11:00	2018-03-28 06:20:00	BRU	2018-03-28 08:34:00	2018-03-28 08:43:00	2018-03-28 08:40:00	J	TP	2018-03-28 06:33:59	6.0	89.0	0	9.0		4.0	6.21		FEW	M	M	1200.0								7.0	210.0	7.0	6.21		BKN	M	M	1100.0							
465248	2018-03-28 00:00:00	754.0	CSTNL	320	AIRBUS A320-211	NB	LIS	2018-03-28 06:00:00	2018-03-28 06:04:00	2018-03-28 06:15:00	CPH	2018-03-28 09:14:00	2018-03-28 09:20:00	2018-03-28 09:35:00	J	TP	2018-03-28 06:16:59	4.0	89.0	0	9.0		4.0	6.21		FEW	M	M	1200.0								0.0	110.0	18.0	6.21	28.0	FEW	BKN	M	2000.0	2500.0						
465249	2018-03-28 00:00:00	922.0	CSTPT	E90	EMBRAER 190	PGA	OPO	2018-03-28 06:00:00	2018-03-28 06:00:00	2018-03-28 06:14:00	ZRH	2018-03-28 08:22:00	2018-03-28 08:30:00	2018-03-28 08:30:00	J	NI					11.0	140.0	7.0	6.21		FEW	BKN	M	2200.0	3000.0							8.0	230.0	8.0	6.21		FEW	SCT	BKN	600.0	1200.0	1500.0					
465250	2018-03-28 00:00:00	1926.0	CSDJE	AT7	ATR 72	WI	LIS	2018-03-28 06:00:00	2018-03-28 06:13:00	2018-03-28 06:24:00	OPO	2018-03-28 07:10:00	2018-03-28 07:15:00	2018-03-28 07:00:00	J	WI	2018-03-28 06:37:59	5.0	89.0	0	9.0		4.0	6.21		FEW	M	M	1200.0								11.0	190.0	2.0	6.21		BKN	M	M	1800.0							
465251	2018-03-28 00:00:00	336.0	CSTTX	E95	EMBRAER 195	PGA	LIS	2018-03-28 06:05:00	2018-03-28 06:08:00	2018-03-28 06:17:00	LGW	2018-03-28 08:21:00	2018-03-28 08:38:00	2018-03-28 08:45:00	J	NI	2018-03-28 06:18:59	3.0	83.0	0	9.0		4.0	6.21		FEW	M	M	1200.0								5.0	20.0	5.0	6.21		FEW	SCT	BKN	800.0	1200.0	2900.0					
465252	2018-03-28 00:00:00	1672.0	CSTTC	319	AIRBUS A319-111	NB	FNC	2018-03-28 06:05:00	2018-03-28 05:51:00	2018-03-28 05:58:00	LIS	2018-03-28 07:30:00	2018-03-28 07:36:00	2018-03-28 07:45:00	J	TP					16.0	20.0	19.0	6.21		FEW	M	M	1500.0								10.0	360.0	5.0	6.21		FEW	M	M	1000.0							
465253	2018-03-28 00:00:00	1710.0	CSTTA	319	AIRBUS A319-111	NB	FNC	2018-03-28 06:05:00	2018-03-28 05:56:00	2018-03-28 06:12:00	OPO	2018-03-28 07:49:00	2018-03-28 07:56:00	2018-03-28 07:55:00	J	TP					16.0	20.0	19.0	6.21		FEW	M	M	1500.0								11.0	170.0	7.0	6.21		FEW	SCT	BKN	800.0	1100.0	2000.0					
465254	2018-03-28 00:00:00	322.0	CSTPO	E90	EMBRAER 190	PGA	LIS	2018-03-28 06:10:00	2018-03-28 06:17:00	2018-03-28 06:32:00	MAN	2018-03-28 08:47:00	2018-03-28 08:55:00	2018-03-28 09:00:00	J	NI	2018-03-28 06:43:59	7.0	41.0	A	8.0		2.0	6.21		FEW	M	M	800.0								5.0	240.0	5.0	6.21		FEW	///	M	3500.0							
465255	2018-03-28 00:00:00	1933.0	CSTNM	320	AIRBUS A320-211	NB	OPO	2018-03-28 06:20:00	2018-03-28 06:23:00	2018-03-28 06:38:00	LIS	2018-03-28 07:25:00	2018-03-28 07:30:00	2018-03-28 07:20:00	J	TP	2018-03-28 06:44:32	3.0	89.0	0	11.0	180.0	4.0	6.21		BKN	BKN	M	2000.0	3000.0							10.0	360.0	5.0	6.21		FEW	M	M	1000.0							
465256	2018-03-28 00:00:00	1008.0	CSTPP	E90	EMBRAER 190	PGA	OPO	2018-03-28 06:30:00	2018-03-28 06:29:00	2018-03-28 06:43:00	MAD	2018-03-28 07:31:00	2018-03-28 07:36:00	2018-03-28 07:40:00	J	NI					11.0	180.0	4.0	6.21		BKN	BKN	M	2000.0	3000.0							9.0	0.0	0.0	6.21		M	M	M								
465257	2018-03-28 00:00:00	1679.0	CSTJE	321	AIRBUS A321-211	NB	LIS	2018-03-28 06:30:00	2018-03-28 06:26:00	2018-03-28 06:41:00	FNC	2018-03-28 08:12:00	2018-03-28 08:15:00	2018-03-28 08:15:00	J	TP					8.0		2.0	6.21		FEW	M	M	800.0								16.0	20.0	15.0	6.21		FEW	M	M	1300.0							
465258	2018-03-28 00:00:00	374.0	CSTTH	319	AIRBUS A319-111	NB	LIS	2018-03-28 06:35:00	2018-03-28 06:33:00	2018-03-28 06:43:00	LHR	2018-03-28 08:53:00	2018-03-28 08:57:00	2018-03-28 09:20:00	J	TP					8.0		2.0	6.21		FEW	M	M	800.0								5.0		3.0	6.21		SCT	BKN	OVC	1000.0	1600.0	2000.0					
465259	2018-03-28 00:00:00	1082.0	CSDJH	AT7	ATR 72	WI	LIS	2018-03-28 06:45:00	2018-03-28 06:45:00	2018-03-28 06:55:00	LCG	2018-03-28 08:12:00	2018-03-28 08:15:00	2018-03-28 08:20:00	J	WI					8.0		2.0	6.21		FEW	M	M	800.0								11.0	220.0	13.0	2.49		BKN	M	M	1800.0							
465260	2018-03-28 00:00:00	822.0	CSTJG	321	AIRBUS A321-211	NB	LIS	2018-03-28 06:50:00	2018-03-28 06:46:00	2018-03-28 06:57:00	MXP	2018-03-28 09:06:00	2018-03-28 09:14:00	2018-03-28 09:25:00	J	TP					9.0	360.0	6.0	6.21		FEW	M	M	1000.0								11.0	130.0	3.0	4.97		SCT	M	M	3000.0							
465261	2018-03-28 00:00:00	1106.0	CSDJA	AT7	ATR 72	WI	LIS	2018-03-28 06:50:00	2018-03-28 06:46:00	2018-03-28 06:59:00	SVQ	2018-03-28 07:44:00	2018-03-28 07:47:00	2018-03-28 08:05:00	J	WI					9.0	360.0	6.0	6.21		FEW	M	M	1000.0								13.0	50.0	6.0	6.21		M	M	M								
465262	2018-03-28 00:00:00	1134.0	CSDJF	AT7	ATR 72	WI	LIS	2018-03-28 06:50:00	2018-03-28 06:50:00	2018-03-28 07:03:00	AGP	2018-03-28 08:21:00	2018-03-28 08:28:00	2018-03-28 08:20:00	J	WI					9.0	360.0	6.0	6.21		FEW	M	M	1000.0								15.0	0.0	0.0	6.21		M	M	M								
465263	2018-03-28 00:00:00	492.0	CSTPQ	E90	EMBRAER 190	PGA	LIS	2018-03-28 06:55:00	2018-03-28 06:50:00	2018-03-28 07:01:00	TLS	2018-03-28 08:26:00	2018-03-28 08:31:00	2018-03-28 08:45:00	J	NI					9.0	360.0	6.0	6.21		FEW	M	M	1000.0								13.0	210.0	9.0	6.21		FEW	M	M	1600.0							
465264	2018-03-28 00:00:00	404.0	CSTTW	E95	EMBRAER 195	PGA	LIS	2018-03-28 07:00:00	2018-03-28 06:59:00	2018-03-28 07:21:00	MRS	2018-03-28 09:07:00	2018-03-28 09:12:00	2018-03-28 09:15:00	J	NI					9.0	360.0	6.0	6.21		FEW	M	M	1000.0								14.0	280.0	6.0	6.21		M	M	M								
465265	2018-03-28 00:00:00	434.0	FHBAL	319	AIRBUS A319-111	NB	LIS	2018-03-28 07:00:00	2018-03-28 07:14:00	2018-03-28 07:29:00	ORY	2018-03-28 09:28:00	2018-03-28 09:36:00	2018-03-28 09:25:00	J	TP	2018-03-29 08:13:59	14.0	16.0	C	9.0	360.0	6.0	6.21		FEW	M	M	1000.0								11.0	230.0	11.0	4.97		OVC	M	M	900.0							
465266	2018-03-28 00:00:00	1272.0	CSTTS	319	AIRBUS A319-111	NB	LIS	2018-03-28 07:00:00	2018-03-28 07:12:00	2018-03-28 07:27:00	VIE	2018-03-28 10:17:00	2018-03-28 10:23:00	2018-03-28 10:20:00	J	TP	2018-03-28 07:30:59	12.0	62.0	0	9.0	360.0	6.0	6.21		FEW	M	M	1000.0								8.0		2.0	6.21		FEW	SCT	BKN	1000.0	10000.0	25000.0					
465267	2018-03-28 00:00:00	1864.0	CSTNP	320	AIRBUS A320-211	NB	PDL	2018-03-28 07:00:00	2018-03-28 07:07:00	2018-03-28 07:22:00	LIS	2018-03-28 09:11:00	2018-03-28 09:16:00	2018-03-28 09:10:00	J	TP	2018-03-29 08:12:59	7.0	34.0	C	14.0	20.0	17.0	4.35		FEW	SCT	BKN	800.0	1200.0	4000.0						13.0	350.0	11.0	6.21		FEW	M	M	1500.0							
465268	2018-03-28 00:00:00	1924.0	CSDJG	AT7	ATR 72	WI	LIS	2018-03-28 07:00:00	2018-03-28 07:03:00	2018-03-28 07:11:00	OPO	2018-03-28 07:55:00	2018-03-28 08:00:00	2018-03-28 08:00:00	J	WI	2018-03-28 07:13:59	3.0	89.0	0	9.0	360.0	6.0	6.21		FEW	M	M	1000.0								11.0	170.0	7.0	6.21		FEW	SCT	BKN	800.0	1100.0	2000.0					
465269	2018-03-28 00:00:00	371.0	CSTNU	320	AIRBUS A320-211	NB	LHR	2018-03-28 07:10:00	2018-03-28 07:06:00	2018-03-28 07:17:00	LIS	2018-03-28 09:42:00	2018-03-28 09:47:00	2018-03-28 09:50:00	J	TP					5.0	170.0	4.0	5.59		SCT	BKN	OVC	1400.0	1800.0	3300.0						14.0	340.0	9.0	6.21		FEW	M	M	1800.0							
465270	2018-03-28 00:00:00	412.0	CSTPS	E90	EMBRAER 190	PGA	LIS	2018-03-28 07:15:00	2018-03-28 07:06:00	2018-03-28 07:18:00	NTE	2018-03-28 08:50:00	2018-03-28 08:55:00	2018-03-28 09:15:00	J	NI					9.0	360.0	6.0	6.21		FEW	M	M	1000.0								11.0	250.0	12.0	6.21		BKN	BKN	BKN	1200.0	2600.0	3200.0					
465271	2018-03-28 00:00:00	1098.0	CSDJC	AT7	ATR 72	WI	LIS	2018-03-28 07:15:00	2018-03-28 07:14:00	2018-03-28 07:33:00	VLC	2018-03-28 09:12:00	2018-03-28 09:17:00	2018-03-28 09:20:00	J	WI					9.0	360.0	6.0	6.21		FEW	M	M	1000.0								23.0	270.0	4.0	6.21		M	M	M								
465272	2018-03-28 00:00:00	542.0	CSTPV	E90	EMBRAER 190	PGA	LIS	2018-03-28 07:30:00	2018-03-28 07:28:00	2018-03-28 07:41:00	DUS	2018-03-28 10:04:00	2018-03-28 10:08:00	2018-03-28 10:25:00	J	NI					10.0	360.0	5.0	6.21		FEW	M	M	1000.0								9.0	220.0	8.0	5.59		FEW	BKN	BKN	1200.0	1400.0	2600.0					
465273	2018-03-28 00:00:00	574.0	CSTTB	319	AIRBUS A319-111	NB	LIS	2018-03-28 07:30:00	2018-03-28 08:59:00	2018-03-28 09:16:00	FRA	2018-03-28 11:41:00	2018-03-28 11:50:00	2018-03-28 10:35:00	J	TP	2018-03-28 09:17:59	89.0	64.0	0	12.0	350.0	12.0	6.21		FEW	M	M	1500.0								10.0	230.0	8.0	6.21		SCT	BKN	M	2200.0	3000.0						
465274	2018-03-28 00:00:00	952.0	CSTNQ	320	AIRBUS A320-211	NB	LIS	2018-03-28 07:30:00	2018-03-28 07:32:00	2018-03-28 07:43:00	GVA	2018-03-28 09:41:00	2018-03-28 09:44:00	2018-03-28 09:50:00	J	TP	2018-03-28 07:49:59	2.0	85.0	C	10.0	360.0	5.0	6.21		FEW	M	M	1000.0								10.0	240.0	9.0	6.21		FEW	SCT	BKN	700.0	5000.0	7000.0					
465275	2018-03-28 00:00:00	1941.0	CSDJE	AT7	ATR 72	WI	OPO	2018-03-28 07:30:00	2018-03-28 07:47:00	2018-03-28 07:59:00	LIS	2018-03-28 08:46:00	2018-03-28 08:51:00	2018-03-28 08:30:00	J	WI	2018-03-28 08:06:50	2.0	89.0	0	11.0	170.0	7.0	6.21		FEW	SCT	BKN	800.0	1100.0	2000.0						12.0	350.0	12.0	6.21		FEW	M	M	1500.0							
465276	2018-03-28 00:00:00	694.0	CSTTR	319	AIRBUS A319-111	NB	LIS	2018-03-28 07:35:00	2018-03-28 07:37:00	2018-03-28 07:44:00	LUX	2018-03-28 09:56:00	2018-03-28 10:02:00	2018-03-28 10:15:00	J	TP	2018-03-28 07:51:59	2.0	89.0	0	10.0	360.0	5.0	6.21		FEW	M	M	1000.0								7.0	200.0	11.0	6.21		FEW	BKN	M	1600.0	2400.0						
465277	2018-03-28 00:00:00	288.0	CSTOB	343	AIRBUS A340-312	WB	LAD	2018-03-28 07:40:00	2018-03-28 08:19:00	2018-03-28 08:30:00	LIS	2018-03-28 15:56:00	2018-03-28 16:02:00	2018-03-28 15:30:00	J	TP	2018-03-28 08:49:55	39.0	37.0	D	29.0		3.0	6.21		SCT	FEW	BKN	2000.0	2200.0	9000.0						14.0	300.0	7.0	6.21		FEW	BKN	M	2000.0	2600.0						
465278	2018-03-28 00:00:00	784.0	CSTNI	320	AIRBUS A320-211	NB	LIS	2018-03-28 07:45:00	2018-03-28 07:48:00	2018-03-28 07:59:00	ARN	2018-03-28 11:46:00	2018-03-28 11:51:00	2018-03-28 12:00:00	J	TP	2018-03-28 08:02:59	3.0	89.0	0	10.0	340.0	6.0	6.21		FEW	M	M	1200.0								1.0	230.0	6.0	6.21		M	M	M								
465279	2018-03-28 00:00:00	1680.0	CSTTO	319	AIRBUS A319-111	NB	FNC	2018-03-28 07:45:00	2018-03-28 07:45:00	2018-03-28 07:53:00	LIS	2018-03-28 09:08:00	2018-03-28 09:13:00	2018-03-28 09:20:00	J	TP					16.0	20.0	17.0	6.21		FEW	M	M	1300.0								12.0	350.0	12.0	6.21		FEW	M	M	1500.0							
465280	2018-03-28 00:00:00	558.0	CSTTD	319	AIRBUS A319-111	NB	LIS	2018-03-28 07:50:00	2018-03-28 08:13:00	2018-03-28 08:22:00	MUC	2018-03-28 10:56:00	2018-03-28 11:04:00	2018-03-28 10:50:00	J	TP	2018-03-28 08:24:59	23.0	41.0	A	10.0	340.0	6.0	6.21		FEW	M	M	1200.0								12.0	260.0	16.0	6.21		SCT	SCT	M	3400.0	4500.0						
465281	2018-03-28 00:00:00	334.0	CSTTN	319	AIRBUS A319-111	NB	OPO	2018-03-28 07:55:00	2018-03-28 08:09:00	2018-03-28 08:17:00	LGW	2018-03-28 10:08:00	2018-03-28 10:16:00	2018-03-28 10:05:00	J	TP	2018-03-28 08:38:57	5.0	89.0	0	11.0	170.0	7.0	6.21		FEW	SCT	BKN	800.0	1100.0	2000.0						4.0	340.0	7.0	4.97		SCT	BKN	M	800.0	1000.0						
465282	2018-03-28 00:00:00	488.0	CSTTY	E95	EMBRAER 195	PGA	LIS	2018-03-28 07:55:00	2018-03-28 07:49:00	2018-03-28 08:00:00	NCE	2018-03-28 09:56:00	2018-03-28 10:00:00	2018-03-28 10:15:00	J	NI					10.0	340.0	6.0	6.21		FEW	M	M	1200.0								14.0	200.0	6.0	6.21		FEW	BKN	M	1500.0	26000.0						
465283	2018-03-28 00:00:00	832.0	CSTNH	320	AIRBUS A320-211	NB	LIS	2018-03-28 07:55:00	2018-03-28 07:54:00	2018-03-28 08:06:00	FCO	2018-03-28 10:37:00	2018-03-28 10:45:00	2018-03-28 10:50:00	J	TP					10.0	340.0	6.0	6.21		FEW	M	M	1200.0								16.0	160.0	13.0	6.21		SCT	M	M	2800.0							
465284	2018-03-28 00:00:00	1011.0	CSTTG	319	AIRBUS A319-111	NB	MAD	2018-03-28 07:55:00	2018-03-28 08:44:00	2018-03-28 08:55:00	LIS	2018-03-28 09:48:00	2018-03-28 09:53:00	2018-03-28 09:15:00	J	TP	2018-03-28 09:11:52	49.0	93.0	0	11.0	130.0	3.0	6.21		M	M	M									14.0	340.0	9.0	6.21		FEW	M	M	1800.0							
465285	2018-03-28 00:00:00	932.0	CSTNN	320	AIRBUS A320-211	NB	LIS	2018-03-28 08:00:00	2018-03-28 08:07:00	2018-03-28 08:15:00	ZRH	2018-03-28 10:45:00	2018-03-28 10:49:00	2018-03-28 10:40:00	J	TP	2018-03-29 15:49:59	5.0	9.0	0	10.0	340.0	6.0	6.21		FEW	M	M	1200.0								12.0	240.0	11.0	6.21		FEW	BKN	M	1400.0	2400.0						
465286	2018-03-28 00:00:00	1930.0	CSDJB	AT7	ATR 72	WI	LIS	2018-03-28 08:00:00	2018-03-28 08:04:00	2018-03-28 08:13:00	OPO	2018-03-28 09:00:00	2018-03-28 09:03:00	2018-03-28 09:00:00	J	WI	2018-03-28 08:13:59	4.0	65.0	0	10.0	340.0	6.0	6.21		FEW	M	M	1200.0								11.0	200.0	9.0	5.59		SCT	BKN	M	600.0	1100.0						
465287	2018-03-28 00:00:00	664.0	CSTNW	320	AIRBUS A320-211	NB	LIS	2018-03-28 08:05:00	2018-03-28 08:51:00	2018-03-28 09:05:00	AMS	2018-03-28 11:27:00	2018-03-28 11:43:00	2018-03-28 11:00:00	J	TP	2018-03-28 09:11:59	46.0	67.0	0	12.0	350.0	12.0	6.21		FEW	M	M	1500.0								7.0	170.0	5.0	5.59		FEW	SCT	BKN	1100.0	1800.0	2500.0					
465288	2018-03-28 00:00:00	1040.0	CSTTZ	E95	EMBRAER 195	PGA	LIS	2018-03-28 08:05:00	2018-03-28 08:06:00	2018-03-28 08:20:00	BCN	2018-03-28 09:41:00	2018-03-28 09:46:00	2018-03-28 09:55:00	J	NI	2018-03-28 08:23:59	1.0	34.0	A	10.0	340.0	6.0	6.21		FEW	M	M	1200.0								17.0	230.0	8.0	6.21		M	M	M								
465289	2018-03-28 00:00:00	1016.0	CSTTK	319	AIRBUS A319-111	NB	LIS	2018-03-28 08:10:00	2018-03-28 08:08:00	2018-03-28 08:17:00	MAD	2018-03-28 09:08:00	2018-03-28 09:12:00	2018-03-28 09:25:00	J	TP					10.0	340.0	6.0	6.21		FEW	M	M	1200.0								12.0	130.0	3.0	6.21		M	M	M								
465290	2018-03-28 00:00:00	538.0	CSTNM	320	AIRBUS A320-211	NB	LIS	2018-03-28 08:15:00	2018-03-28 08:18:00	2018-03-28 08:28:00	TXL	2018-03-28 11:19:00	2018-03-28 11:25:00	2018-03-28 11:40:00	J	TP	2018-03-28 08:30:59	3.0	81.0	0	11.0	340.0	9.0	6.21		FEW	M	M	1300.0								1.0	80.0	12.0	1.43		BKN	M	M	700.0							
465291	2018-03-28 00:00:00	453.0	CSTTE	319	AIRBUS A319-111	NB	ORY	2018-03-28 08:20:00	2018-03-28 08:26:00	2018-03-28 08:32:00	OPO	2018-03-28 10:30:00	2018-03-28 10:36:00	2018-03-28 10:25:00	J	TP	2018-03-28 08:40:44	6.0	87.0	C	9.0	180.0	6.0	2.8		OVC	M	M	300.0								11.0	180.0	11.0	6.21		FEW	BKN	BKN	300.0	600.0	1100.0					
465292	2018-03-28 00:00:00	1005.0	CSTPP	E90	EMBRAER 190	PGA	MAD	2018-03-28 08:20:00	2018-03-28 08:20:00	2018-03-28 08:34:00	OPO	2018-03-28 09:23:00	2018-03-28 09:26:00	2018-03-28 09:30:00	J	NI					11.0	130.0	3.0	6.21		M	M	M									11.0	190.0	10.0	5.59		BKN	BKN	M	600.0	1100.0						
465293	2018-03-28 00:00:00	1553.0	CSTNK	320	AIRBUS A320-211	NB	LIS	2018-03-28 08:20:00	2018-03-28 08:22:00	2018-03-28 08:30:00	VXE	2018-03-28 12:36:00	2018-03-28 12:39:00	2018-03-28 12:40:00	J	TP	2018-03-28 08:33:59	2.0	89.0	0	11.0	340.0	9.0	6.21		FEW	M	M	1300.0								24.0	60.0	21.0	6.21		FEW	SCT	M	2400.0	20000.0						
465294	2018-03-28 00:00:00	14.0	CSTOH	332	AIRBUS A330-200	WB	REC	2018-03-28 08:25:00	2018-03-28 08:25:00	2018-03-28 08:39:00	LIS	2018-03-28 15:31:00	2018-03-28 15:35:00	2018-03-28 15:50:00	J	TP					26.0	130.0	8.0	6.21		SCT	SCT	M	2300.0	5000.0							15.0	300.0	9.0	6.21		FEW	BKN	M	2000.0	2600.0						
465295	2018-03-28 00:00:00	1454.0	CSTTL	319	AIRBUS A319-111	NB	LIS	2018-03-28 08:25:00	2018-03-28 08:40:00	2018-03-28 08:55:00	RAK	2018-03-28 10:08:00	2018-03-28 10:16:00	2018-03-28 10:00:00	J	TP	2018-03-28 09:06:59	15.0	14.0	A	11.0	340.0	9.0	6.21		FEW	M	M	1300.0								22.0		2.0	3.73		NSC	M	M								
465296	2018-03-28 00:00:00	3785.0	CSTTF	319	AIRBUS A319-111	NB	LIS	2018-03-28 08:25:00	2018-03-28 08:31:00	2018-03-28 08:41:00	RAI	2018-03-28 12:51:00	2018-03-28 12:53:00	2018-03-28 12:45:00	G	TP	2018-03-28 08:43:59	6.0	37.0	A	11.0	340.0	9.0	6.21		FEW	M	M	1300.0								25.0	40.0	23.0	6.21		FEW	M	M	1600.0							
465297	2018-03-28 00:00:00	1907.0	CSTTJ	319	AIRBUS A319-111	NB	LIS	2018-03-28 08:30:00	2018-03-28 08:29:00	2018-03-28 08:38:00	FAO	2018-03-28 09:05:00	2018-03-28 09:09:00	2018-03-28 09:15:00	J	TP					11.0	340.0	9.0	6.21		FEW	M	M	1300.0								19.0	230.0	3.0	6.21		M	M	M								
465298	2018-03-28 00:00:00	1927.0	CSDJG	AT7	ATR 72	WI	OPO	2018-03-28 08:30:00	2018-03-28 08:37:00	2018-03-28 08:48:00	LIS	2018-03-28 09:35:00	2018-03-28 09:37:00	2018-03-28 09:30:00	J	WI	2018-03-28 08:52:00	7.0	95.0	0	11.0	200.0	9.0	4.97		SCT	BKN	M	700.0	1100.0							13.0	350.0	11.0	6.21		FEW	M	M	1500.0							
465299	2018-03-28 00:00:00	1262.0	CSTNS	320	AIRBUS A320-211	NB	LIS	2018-03-28 08:35:00	2018-03-28 08:35:00	2018-03-28 08:44:00	WAW	2018-03-28 12:07:00	2018-03-28 12:10:00	2018-03-28 12:25:00	J	TP					11.0	340.0	9.0	6.21		FEW	M	M	1300.0								4.0	100.0	6.0	6.21		BKN	M	M	3900.0							
465300	2018-03-28 00:00:00	437.0	CSTJH	321	AIRBUS A321-211	NB	ORY	2018-03-28 08:45:00	2018-03-28 09:14:00	2018-03-28 09:26:00	LIS	2018-03-28 11:46:00	2018-03-28 11:52:00	2018-03-28 11:15:00	J	TP	2018-03-28 09:40:57	1.0	89.0	0	10.0	220.0	8.0	3.11		OVC	M	M	500.0								16.0	320.0	8.0	6.21		FEW	M	M	3000.0							
465301	2018-03-28 00:00:00	1107.0	CSDJA	AT7	ATR 72	WI	SVQ	2018-03-28 08:45:00	2018-03-28 08:30:00	2018-03-28 08:40:00	LIS	2018-03-28 09:31:00	2018-03-28 09:36:00	2018-03-28 09:55:00	J	WI					14.0	50.0	6.0	6.21		M	M	M									13.0	350.0	11.0	6.21		FEW	M	M	1500.0							
465302	2018-03-28 00:00:00	819.0	CSTTQ	319	AIRBUS A319-111	NB	MXP	2018-03-28 08:50:00	2018-03-28 08:46:00	2018-03-28 09:01:00	OPO	2018-03-28 11:23:00	2018-03-28 11:29:00	2018-03-28 11:35:00	J	TP					11.0	110.0	4.0	4.97		SCT	M	M	3000.0								12.0	180.0	14.0	6.21		BKN	BKN	M	600.0	1100.0						
465303	2018-03-28 00:00:00	938.0	CSTTA	319	AIRBUS A319-111	NB	OPO	2018-03-28 08:50:00	2018-03-28 08:51:00	2018-03-28 09:05:00	GVA	2018-03-28 10:49:00	2018-03-28 10:53:00	2018-03-28 10:55:00	J	TP	2018-03-28 09:11:53	1.0	89.0	0	11.0	200.0	9.0	5.59		SCT	BKN	M	600.0	1100.0							10.0	240.0	8.0	6.21		FEW	BKN	BKN	500.0	3500.0	7000.0					
465304	2018-03-28 00:00:00	440.0	CSTTI	319	AIRBUS A319-111	NB	LIS	2018-03-28 08:55:00	2018-03-28 08:58:00	2018-03-28 09:09:00	ORY	2018-03-28 11:11:00	2018-03-28 11:18:00	2018-03-28 11:20:00	J	TP	2018-03-28 09:13:59	3.0	85.0	C	12.0	350.0	12.0	6.21		FEW	M	M	1500.0								13.0	240.0	13.0	6.21		BKN	BKN	M	1600.0	2200.0						
465305	2018-03-28 00:00:00	59.0	CSTOO	332	AIRBUS A330-200	WB	LIS	2018-03-28 09:00:00	2018-03-28 08:56:00	2018-03-28 09:13:00	BSB	2018-03-28 18:29:00	2018-03-28 18:36:00	2018-03-28 18:30:00	J	TP					12.0	350.0	12.0	6.21		FEW	M	M	1500.0								26.0	100.0	11.0	6.21		SCT	M	M	4000.0							
465306	2018-03-28 00:00:00	103.0	CSTOU	333	AIRBUS A330-300	WB	LIS	2018-03-28 09:00:00	2018-03-28 09:11:00	2018-03-28 09:24:00	CNF	2018-03-28 18:37:00	2018-03-28 18:41:00	2018-03-28 18:30:00	J	TP	2018-03-28 09:44:59	11.0	37.0	A	12.0	350.0	12.0	6.21		FEW	M	M	1500.0								27.0	70.0	8.0	6.21		BKN	M	M	4500.0							
465307	2018-03-28 00:00:00	1085.0	CSDJH	AT7	ATR 72	WI	LCG	2018-03-28 09:00:00	2018-03-28 08:59:00	2018-03-28 09:05:00	LIS	2018-03-28 10:28:00	2018-03-28 10:32:00	2018-03-28 10:40:00	J	WI					11.0	220.0	6.0	4.35		FEW	BKN	M	2000.0	3000.0							14.0	330.0	10.0	6.21		FEW	M	M	2000.0							
465308	2018-03-28 00:00:00	1133.0	CSDJF	AT7	ATR 72	WI	AGP	2018-03-28 09:00:00	2018-03-28 09:05:00	2018-03-28 09:20:00	LIS	2018-03-28 10:38:00	2018-03-28 10:41:00	2018-03-28 10:40:00	J	WI	2018-03-28 09:24:04	5.0	93.0	0	17.0	0.0	0.0	6.21		M	M	M									14.0	330.0	10.0	6.21		FEW	M	M	2000.0							
465309	2018-03-28 00:00:00	1674.0	CSTJE	321	AIRBUS A321-211	NB	FNC	2018-03-28 09:00:00	2018-03-28 08:56:00	2018-03-28 09:03:00	LIS	2018-03-28 10:22:00	2018-03-28 10:26:00	2018-03-28 10:35:00	J	TP					16.0	30.0	16.0	6.21		FEW	M	M	1300.0								14.0	330.0	10.0	6.21		FEW	M	M	2000.0							
465310	2018-03-28 00:00:00	1944.0	CSDJE	AT7	ATR 72	WI	LIS	2018-03-28 09:00:00	2018-03-28 09:19:00	2018-03-28 09:28:00	OPO	2018-03-28 10:18:00	2018-03-28 10:21:00	2018-03-28 10:00:00	J	WI	2018-03-28 09:28:59	19.0	93.0	M	13.0	350.0	11.0	6.21		FEW	M	M	1500.0								11.0	180.0	11.0	6.21		FEW	BKN	BKN	300.0	600.0	1100.0					
465311	2018-03-28 00:00:00	366.0	CSTTC	319	AIRBUS A319-111	NB	LIS	2018-03-28 09:05:00	2018-03-28 09:03:00	2018-03-28 09:17:00	LHR	2018-03-28 11:26:00	2018-03-28 11:33:00	2018-03-28 11:45:00	J	TP					12.0	350.0	12.0	6.21		FEW	M	M	1500.0								5.0	280.0	7.0	6.21		SCT	BKN	OVC	1000.0	1500.0	2200.0					
465312	2018-03-28 00:00:00	923.0	CSTPT	E90	EMBRAER 190	PGA	ZRH	2018-03-28 09:15:00	2018-03-28 09:17:00	2018-03-28 09:32:00	OPO	2018-03-28 11:56:00	2018-03-28 12:00:00	2018-03-28 11:50:00	J	NI	2018-03-29 08:13:59	2.0	89.0	0	10.0	240.0	11.0	6.21		SCT	BKN	M	900.0	1400.0							13.0	190.0	13.0	6.21		BKN	M	M	800.0							
465313	2018-03-28 00:00:00	491.0	CSTPQ	E90	EMBRAER 190	PGA	TLS	2018-03-28 09:25:00	2018-03-28 09:26:00	2018-03-28 09:38:00	LIS	2018-03-28 11:23:00	2018-03-28 11:29:00	2018-03-28 11:25:00	J	NI	2018-03-29 15:38:59	1.0	89.0	0	15.0	250.0	9.0	6.21		SCT	SCT	M	2500.0	3100.0							15.0	330.0	10.0	6.21		FEW	M	M	2500.0							
465314	2018-03-28 00:00:00	647.0	CSTQD	320	AIRBUS A320-211	NB	BRU	2018-03-28 09:30:00	2018-03-28 09:45:00	2018-03-28 09:52:00	LIS	2018-03-28 12:34:00	2018-03-28 12:38:00	2018-03-28 12:20:00	J	TP	2018-03-28 10:08:11	10.0	89.0	A	8.0	200.0	7.0	6.21		BKN	M	M	1500.0								16.0	310.0	10.0	6.21		FEW	M	M	2600.0							
465315	2018-03-28 00:00:00	1931.0	CSDJB	AT7	ATR 72	WI	OPO	2018-03-28 09:30:00	2018-03-28 09:34:00	2018-03-28 09:44:00	LIS	2018-03-28 10:32:00	2018-03-28 10:36:00	2018-03-28 10:30:00	J	WI	2018-03-28 09:45:59	1.0	89.0	0	11.0	190.0	10.0	5.59		BKN	BKN	M	600.0	1100.0							14.0	330.0	10.0	6.21		FEW	M	M	2000.0							
465316	2018-03-28 00:00:00	223.0	CSTOX	333	AIRBUS A330-300	WB	LIS	2018-03-28 09:35:00	2018-03-28 09:36:00	2018-03-28 09:47:00	MIA	2018-03-28 18:22:00	2018-03-28 18:26:00	2018-03-28 18:30:00	J	TP	2018-03-28 09:53:59	1.0	37.0	A	13.0	350.0	11.0	6.21		FEW	M	M	1500.0									130.0	15.0	10.0		SCT	BKN	M	3600.0	5000.0						
465317	2018-03-28 00:00:00	339.0	CSTTX	E95	EMBRAER 195	PGA	LGW	2018-03-28 09:35:00	2018-03-28 10:02:00	2018-03-28 10:20:00	LIS	2018-03-28 12:44:00	2018-03-28 12:49:00	2018-03-28 12:15:00	J	NI	2018-03-29 08:15:59	6.0	89.0	0	5.0	340.0	7.0	5.59		SCT	BKN	M	700.0	1000.0							16.0	330.0	11.0	6.21		SCT	M	M	2600.0							
465318	2018-03-28 00:00:00	863.0	CSTJF	321	AIRBUS A321-211	NB	VCE	2018-03-28 09:35:00	2018-03-28 09:40:00	2018-03-28 09:51:00	LIS	2018-03-28 12:41:00	2018-03-28 12:47:00	2018-03-28 12:45:00	J	TP	2018-03-28 09:56:08	5.0	81.0	0	12.0	80.0	7.0	6.21		M	M	M									16.0	330.0	11.0	6.21		SCT	M	M	2600.0							
465319	2018-03-28 00:00:00	581.0	CSTNR	320	AIRBUS A320-211	NB	FRA	2018-03-28 09:40:00	2018-03-28 10:30:00	2018-03-28 10:45:00	LIS	2018-03-28 13:44:00	2018-03-28 13:49:00	2018-03-28 12:50:00	J	TP	2018-03-28 10:51:22	33.0	81.0	0	9.0	220.0	14.0	6.21		FEW	SCT	BKN	1300.0	1900.0	2600.0						16.0	340.0	9.0	6.21		SCT	M	M	3000.0							
465320	2018-03-28 00:00:00	1116.0	CSTPR	E90	EMBRAER 190	PGA	LIS	2018-03-28 09:40:00	2018-03-28 09:39:00	2018-03-28 09:56:00	LPA	2018-03-28 12:02:00	2018-03-28 12:06:00	2018-03-28 12:00:00	J	NI					13.0	350.0	11.0	6.21		FEW	M	M	1500.0								24.0	90.0	7.0	2.49		VV 	M	M	1700.0							
465321	2018-03-28 00:00:00	1671.0	CSTNX	320	AIRBUS A320-211	NB	LIS	2018-03-28 09:40:00	2018-03-28 09:44:00	2018-03-28 09:51:00	FNC	2018-03-28 11:21:00	2018-03-28 11:24:00	2018-03-28 11:25:00	J	TP	2018-03-28 09:57:59	4.0	15.0	D	13.0	350.0	11.0	6.21		FEW	M	M	1500.0								17.0	30.0	18.0	6.21		FEW	M	M	1500.0							
465322	2018-03-28 00:00:00	323.0	CSTPO	E90	EMBRAER 190	PGA	MAN	2018-03-28 09:45:00	2018-03-28 09:53:00	2018-03-28 10:13:00	LIS	2018-03-28 12:50:00	2018-03-28 12:55:00	2018-03-28 12:40:00	J	NI	2018-03-29 08:15:59	8.0	32.0	A	6.0	260.0	8.0	6.21		FEW	SCT	///	1500.0	4500.0							16.0	330.0	11.0	6.21		SCT	M	M	2600.0							
465323	2018-03-28 00:00:00	217.0	CSTOL	332	AIRBUS A330-200	WB	LIS	2018-03-28 09:55:00	2018-03-28 09:55:00	2018-03-28 10:08:00	BOS	2018-03-28 17:27:00	2018-03-28 17:39:00	2018-03-28 17:20:00	J	TP	2018-03-28 10:15:59	1.0	89.0	0	14.0	340.0	9.0	6.21		FEW	M	M	1800.0									0.0	0.0	10.0		FEW	M	M	10000.0							
465324	2018-03-28 00:00:00	413.0	CSTPS	E90	EMBRAER 190	PGA	NTE	2018-03-28 09:55:00	2018-03-28 09:38:00	2018-03-28 09:46:00	LIS	2018-03-28 11:38:00	2018-03-28 11:41:00	2018-03-28 11:55:00	J	NI					11.0	240.0	10.0	6.21		BKN	OVC	M	1200.0	2200.0							15.0	330.0	10.0	6.21		FEW	M	M	2500.0							
465325	2018-03-28 00:00:00	1038.0	CSTNJ	320	AIRBUS A320-211	NB	LIS	2018-03-28 09:55:00	2018-03-28 10:02:00	2018-03-28 10:13:00	BCN	2018-03-28 11:38:00	2018-03-28 11:42:00	2018-03-28 11:45:00	J	TP	2018-03-28 10:20:59	2.0	85.0	C	14.0	340.0	9.0	6.21		FEW	M	M	1800.0								17.0	210.0	8.0	6.21		M	M	M								
465326	2018-03-28 00:00:00	1312.0	CSTOQ	332	AIRBUS A330-200	WB	LIS	2018-03-28 09:55:00	2018-03-28 13:44:00	2018-03-28 14:00:00	BUD	2018-03-28 16:53:00	2018-03-28 16:59:00	2018-03-28 13:25:00	J	TP	2018-03-28 14:09:59	229.0	64.0	0	16.0	330.0	10.0	6.21		FEW	M	M	2800.0								10.0	140.0	6.0	6.21		M	M	M								
465327	2018-03-28 00:00:00	349.0	CSTPW	E90	EMBRAER 190	PGA	LCY	2018-03-28 10:00:00	2018-03-28 10:13:00	2018-03-28 10:17:00	NTE	2018-03-28 11:28:00	2018-03-28 11:32:00	2018-03-28 11:30:00	J	NI	2018-03-29 08:16:59	13.0	61.0	0	5.0		1.0	5.59		SCT	BKN	OVC	1900.0	2400.0	2900.0						12.0	260.0	15.0	6.21		OVC	M	M	800.0							
465328	2018-03-28 00:00:00	403.0	CSTTW	E95	EMBRAER 195	PGA	MRS	2018-03-28 10:00:00	2018-03-28 10:00:00	2018-03-28 10:20:00	LIS	2018-03-28 12:21:00	2018-03-28 12:27:00	2018-03-28 12:20:00	J	NI					16.0	270.0	9.0	6.21		M	M	M									16.0	310.0	10.0	6.21		FEW	M	M	2600.0							
465329	2018-03-28 00:00:00	1097.0	CSDJC	AT7	ATR 72	WI	VLC	2018-03-28 10:00:00	2018-03-28 10:00:00	2018-03-28 10:13:00	LIS	2018-03-28 12:12:00	2018-03-28 12:17:00	2018-03-28 12:20:00	J	WI					24.0	250.0	5.0	6.21		M	M	M									16.0	310.0	10.0	6.21		FEW	M	M	2600.0							
465330	2018-03-28 00:00:00	1867.0	CSTNG	320	AIRBUS A320-211	NB	LIS	2018-03-28 10:00:00	2018-03-28 10:03:00	2018-03-28 10:12:00	PDL	2018-03-28 12:26:00	2018-03-28 12:29:00	2018-03-28 12:25:00	J	TP	2018-03-28 10:13:59	3.0	15.0	D	14.0	340.0	9.0	6.21		FEW	M	M	1800.0								16.0	20.0	17.0	6.21		FEW	M	M	1800.0							
465331	2018-03-28 00:00:00	1902.0	CSTTJ	319	AIRBUS A319-111	NB	FAO	2018-03-28 10:00:00	2018-03-28 09:59:00	2018-03-28 10:07:00	LIS	2018-03-28 10:34:00	2018-03-28 10:38:00	2018-03-28 10:50:00	J	TP					20.0	240.0	5.0	6.21		M	M	M									14.0	330.0	10.0	6.21		FEW	M	M	2000.0							
465332	2018-03-28 00:00:00	1934.0	CSDJG	AT7	ATR 72	WI	LIS	2018-03-28 10:00:00	2018-03-28 10:09:00	2018-03-28 10:19:00	OPO	2018-03-28 11:13:00	2018-03-28 11:16:00	2018-03-28 11:00:00	J	WI	2018-03-28 10:20:59	2.0	89.0	0	14.0	340.0	9.0	6.21		FEW	M	M	1800.0								12.0	180.0	14.0	6.21		BKN	BKN	M	600.0	1100.0						
465333	2018-03-28 00:00:00	9315.0	TSINO	320	AIRBUS A320-211	NB	MIR	2018-03-28 10:00:00	2018-03-28 14:20:00	2018-03-28 14:34:00	LIS	2018-03-28 17:20:00	2018-03-28 17:25:00	2018-03-28 13:00:00	P	BJ					20.0	360.0	9.0	6.21		FEW	M	M	3000.0								15.0	300.0	9.0	6.21		FEW	SCT	M	2000.0	2500.0						
465334	2018-03-28 00:00:00	1019.0	CSTTK	319	AIRBUS A319-111	NB	MAD	2018-03-28 10:10:00	2018-03-28 10:25:00	2018-03-28 10:40:00	LIS	2018-03-28 11:40:00	2018-03-28 11:47:00	2018-03-28 11:30:00	J	TP	2018-03-28 10:46:25	15.0	89.0	0	17.0	150.0	7.0	6.21		M	M	M									16.0	320.0	8.0	6.21		FEW	M	M	3000.0							
465335	2018-03-28 00:00:00	89.0	CSTOP	332	AIRBUS A330-200	WB	LIS	2018-03-28 10:15:00	2018-03-28 10:21:00	2018-03-28 10:33:00	GRU	2018-03-28 20:57:00	2018-03-28 21:05:00	2018-03-28 20:30:00	J	TP	2018-03-28 10:41:59	6.0	65.0	0	14.0	330.0	10.0	6.21		FEW	M	M	2000.0								19.0	220.0	3.0	2.49		BKN	FEW	M	3000.0	3500.0						
465336	2018-03-28 00:00:00	433.0	FHBAL	319	AIRBUS A319-111	NB	ORY	2018-03-28 10:15:00	2018-03-28 10:26:00	2018-03-28 10:34:00	LIS	2018-03-28 12:54:00	2018-03-28 12:58:00	2018-03-28 12:45:00	J	TP	2018-03-29 15:37:59	4.0	89.0	0	12.0	240.0	14.0	6.21		BKN	M	M	1300.0								16.0	330.0	11.0	6.21		SCT	M	M	2600.0							
465337	2018-03-28 00:00:00	827.0	CSTJG	321	AIRBUS A321-211	NB	MXP	2018-03-28 10:15:00	2018-03-28 10:11:00	2018-03-28 10:25:00	LIS	2018-03-28 12:59:00	2018-03-28 13:04:00	2018-03-28 13:05:00	J	TP					13.0		2.0	6.21		M	M	M									16.0	330.0	11.0	6.21		SCT	M	M	2600.0							
465338	2018-03-28 00:00:00	363.0	CSTTH	319	AIRBUS A319-111	NB	LHR	2018-03-28 10:20:00	2018-03-28 10:21:00	2018-03-28 10:42:00	LIS	2018-03-28 13:08:00	2018-03-28 13:12:00	2018-03-28 13:05:00	J	TP	2018-03-28 10:49:17	1.0	89.0	0	5.0	270.0	5.0	5.59		OVC	M	M	1200.0								16.0	330.0	11.0	6.21		SCT	M	M	2600.0							
465339	2018-03-28 00:00:00	757.0	CSTNL	320	AIRBUS A320-211	NB	CPH	2018-03-28 10:20:00	2018-03-28 10:24:00	2018-03-28 10:39:00	LIS	2018-03-28 14:34:00	2018-03-28 14:38:00	2018-03-28 14:10:00	J	TP	2018-03-28 12:42:59	4.0	18.0	0	0.0	110.0	19.0	6.21		BKN	M	M	2100.0								16.0	350.0	11.0	6.21		SCT	M	M	3000.0							
465340	2018-03-28 00:00:00	872.0	CSTMW	320	AIRBUS A320-211	NB	LIS	2018-03-28 10:20:00	2018-03-28 10:21:00	2018-03-28 10:29:00	BLQ	2018-03-28 12:45:00	2018-03-28 12:48:00	2018-03-28 13:00:00	J	TP	2018-03-28 10:40:59	1.0	89.0	0	14.0	330.0	10.0	6.21		FEW	M	M	2000.0								17.0	350.0	3.0	6.21		M	M	M								
465341	2018-03-28 00:00:00	81.0	CSTOG	332	AIRBUS A330-200	WB	OPO	2018-03-28 10:30:00	2018-03-28 10:32:00	2018-03-28 10:47:00	GRU	2018-03-28 21:20:00	2018-03-28 21:26:00	2018-03-28 21:10:00	J	TP	2018-03-28 10:57:23	2.0	89.0	0	11.0	180.0	11.0	6.21		FEW	BKN	BKN	300.0	600.0	1100.0						21.0	20.0	4.0	2.8		SCT	BKN	FEW	1000.0	2000.0	3500.0					
465342	2018-03-28 00:00:00	1935.0	CSDJE	AT7	ATR 72	WI	OPO	2018-03-28 10:30:00	2018-03-28 10:48:00	2018-03-28 10:57:00	LIS	2018-03-28 11:45:00	2018-03-28 11:50:00	2018-03-28 11:30:00	J	WI	2018-03-28 10:59:12	18.0	93.0	R	12.0	190.0	12.0	6.21		BKN	BKN	M	600.0	1100.0							16.0	320.0	8.0	6.21		FEW	M	M	3000.0							
465343	2018-03-28 00:00:00	686.0	CSTTU	319	AIRBUS A319-111	NB	OPO	2018-03-28 10:35:00	2018-03-28 10:44:00	2018-03-28 10:56:00	LUX	2018-03-28 12:49:00	2018-03-28 12:54:00	2018-03-28 12:55:00	J	TP	2018-03-28 11:02:17	9.0	95.0	B	11.0	180.0	11.0	6.21		FEW	BKN	BKN	300.0	600.0	1100.0						6.0	180.0	10.0	3.11		SCT	BKN	M	300.0	400.0						
465344	2018-03-28 00:00:00	951.0	CSTNQ	320	AIRBUS A320-211	NB	GVA	2018-03-28 10:35:00	2018-03-28 10:44:00	2018-03-28 10:56:00	LIS	2018-03-28 13:16:00	2018-03-28 13:21:00	2018-03-28 13:10:00	J	TP	2018-03-28 10:59:13	9.0	19.0	B	10.0	240.0	8.0	6.21		FEW	BKN	BKN	500.0	3500.0	7000.0						16.0	330.0	10.0	6.21		FEW	M	M	2800.0							
465345	2018-03-28 00:00:00	1122.0	CSDJA	AT7	ATR 72	WI	LIS	2018-03-28 10:35:00	2018-03-28 10:30:00	2018-03-28 10:40:00	ALC	2018-03-28 12:26:00	2018-03-28 12:31:00	2018-03-28 12:50:00	J	WI					14.0	330.0	10.0	6.21		FEW	M	M	2000.0								26.0	180.0	9.0	6.21		M	M	M								
465346	2018-03-28 00:00:00	1035.0	CSTTZ	E95	EMBRAER 195	PGA	BCN	2018-03-28 10:40:00	2018-03-28 10:36:00	2018-03-28 10:51:00	LIS	2018-03-28 12:27:00	2018-03-28 12:34:00	2018-03-28 12:40:00	J	NI					16.0	210.0	10.0	6.21		M	M	M									16.0	310.0	10.0	6.21		FEW	M	M	2600.0							
465347	2018-03-28 00:00:00	1453.0	CSTTL	319	AIRBUS A319-111	NB	RAK	2018-03-28 10:45:00	2018-03-28 11:03:00	2018-03-28 11:14:00	LIS	2018-03-28 12:25:00	2018-03-28 12:30:00	2018-03-28 12:20:00	J	TP	2018-03-29 08:17:59	2.0	89.0	0	23.0	270.0	5.0	4.97		NSC	M	M									16.0	310.0	10.0	6.21		FEW	M	M	2600.0							
465348	2018-03-28 00:00:00	331.0	CSTTN	319	AIRBUS A319-111	NB	LGW	2018-03-28 10:50:00	2018-03-28 11:16:00	2018-03-28 11:28:00	OPO	2018-03-28 13:32:00	2018-03-28 13:35:00	2018-03-28 13:10:00	J	TP	2018-04-18 14:19:59	5.0	85.0	C	4.0	310.0	9.0	6.21		SCT	BKN	M	800.0	1000.0							13.0	200.0	10.0	6.21		SCT	BKN	BKN	800.0	1200.0	1700.0					
465349	2018-03-28 00:00:00	483.0	CSTTY	E95	EMBRAER 195	PGA	NCE	2018-03-28 10:55:00	2018-03-28 10:48:00	2018-03-28 11:02:00	LIS	2018-03-28 13:19:00	2018-03-28 13:24:00	2018-03-28 13:35:00	J	NI					14.0	200.0	9.0	6.21		FEW	BKN	M	1500.0	26000.0							16.0	330.0	10.0	6.21		FEW	M	M	2800.0							
465350	2018-03-28 00:00:00	693.0	CSTTR	319	AIRBUS A319-111	NB	LUX	2018-03-28 11:00:00	2018-03-28 11:16:00	2018-03-28 11:25:00	LIS	2018-03-28 14:15:00	2018-03-28 14:20:00	2018-03-28 13:50:00	J	TP	2018-03-28 14:13:35	3.0	58.0	0	6.0	180.0	10.0	3.73		FEW	BKN	M	900.0	1500.0							16.0	350.0	11.0	6.21		SCT	M	M	3000.0							
465351	2018-03-28 00:00:00	1901.0	CSTTO	319	AIRBUS A319-111	NB	LIS	2018-03-28 11:00:00	2018-03-28 10:54:00	2018-03-28 11:04:00	FAO	2018-03-28 11:30:00	2018-03-28 11:34:00	2018-03-28 11:45:00	J	TP					15.0	330.0	8.0	6.21		FEW	M	M	2500.0								20.0	210.0	7.0	6.21		M	M	M								
465352	2018-03-28 00:00:00	1936.0	CSDJB	AT7	ATR 72	WI	LIS	2018-03-28 11:00:00	2018-03-28 11:06:00	2018-03-28 11:14:00	OPO	2018-03-28 12:04:00	2018-03-28 12:09:00	2018-03-28 12:00:00	J	WI	2018-03-28 11:13:59	6.0	93.0	M	15.0	330.0	8.0	6.21		FEW	M	M	2500.0								13.0	190.0	13.0	6.21		BKN	M	M	800.0							
465353	2018-03-28 00:00:00	354.0	CSTPP	E90	EMBRAER 190	PGA	OPO	2018-03-28 11:05:00	2018-03-28 10:54:00	2018-03-28 11:05:00	LCY	2018-03-28 12:58:00	2018-03-28 13:01:00	2018-03-28 13:20:00	J	NI					12.0	190.0	12.0	6.21		BKN	BKN	M	600.0	1100.0							5.0	300.0	8.0	6.21		BKN	BKN	OVC	1200.0	1900.0	3200.0					
465354	2018-03-28 00:00:00	541.0	CSTPV	E90	EMBRAER 190	PGA	DUS	2018-03-28 11:05:00	2018-03-28 11:01:00	2018-03-28 11:13:00	LIS	2018-03-28 14:18:00	2018-03-28 14:21:00	2018-03-28 14:10:00	J	NI					9.0	220.0	9.0	6.21		FEW	SCT	BKN	1400.0	1600.0	4200.0						16.0	350.0	11.0	6.21		SCT	M	M	3000.0							
465355	2018-03-28 00:00:00	658.0	CSTTE	319	AIRBUS A319-111	NB	OPO	2018-03-28 11:15:00	2018-03-28 11:22:00	2018-03-28 11:33:00	AMS	2018-03-28 13:34:00	2018-03-28 13:43:00	2018-03-28 13:55:00	J	TP	2018-03-28 11:44:24	1.0	89.0	0	12.0	180.0	14.0	6.21		BKN	BKN	M	600.0	1100.0							6.0	320.0	4.0	5.59		FEW	BKN	BKN	800.0	2000.0	2700.0					
465356	2018-03-28 00:00:00	1102.0	CSDJH	AT7	ATR 72	WI	LIS	2018-03-28 11:20:00	2018-03-28 11:15:00	2018-03-28 11:30:00	SVQ	2018-03-28 12:16:00	2018-03-28 12:19:00	2018-03-28 12:35:00	J	WI					15.0	330.0	8.0	6.21		FEW	M	M	2500.0								23.0	170.0	1.0	6.21		M	M	M								
465357	2018-03-28 00:00:00	1140.0	CSDJF	AT7	ATR 72	WI	LIS	2018-03-28 11:20:00	2018-03-28 11:20:00	2018-03-28 11:33:00	VGO	2018-03-28 12:35:00	2018-03-28 12:37:00	2018-03-28 12:40:00	J	WI					15.0	330.0	10.0	6.21		FEW	M	M	2500.0								11.0	240.0	9.0	2.8		SCT	BKN	BKN	400.0	1400.0	2500.0					
465358	2018-03-28 00:00:00	1271.0	CSTTS	319	AIRBUS A319-111	NB	VIE	2018-03-28 11:20:00	2018-03-28 11:18:00	2018-03-28 11:28:00	LIS	2018-03-28 14:49:00	2018-03-28 14:54:00	2018-03-28 14:55:00	J	TP					10.0	200.0	7.0	6.21		FEW	BKN	M	2600.0	8000.0							16.0	310.0	10.0	6.21		FEW	BKN	M	2000.0	2800.0						
465359	2018-03-28 00:00:00	573.0	CSTTB	319	AIRBUS A319-111	NB	FRA	2018-03-28 11:25:00	2018-03-28 12:43:00	2018-03-28 12:52:00	LIS	2018-03-28 15:53:00	2018-03-28 15:58:00	2018-03-28 14:35:00	J	TP	2018-03-29 08:18:59	8.0	89.0	0	11.0	210.0	9.0	6.21		FEW	BKN	BKN	2500.0	4500.0	8000.0						14.0	300.0	7.0	6.21		FEW	BKN	M	2000.0	2600.0						
465360	2018-03-28 00:00:00	836.0	CSTNT	320	AIRBUS A320-211	NB	LIS	2018-03-28 11:25:00	2018-03-28 11:34:00	2018-03-28 11:42:00	FCO	2018-03-28 14:10:00	2018-03-28 14:21:00	2018-03-28 14:15:00	J	TP	2018-03-28 12:18:59	9.0	15.0	A	15.0	330.0	10.0	6.21		FEW	M	M	2500.0								16.0	170.0	13.0	6.21		FEW	M	M	2500.0							
465361	2018-03-28 00:00:00	442.0	FHBIS	320	AIRBUS A320-211	NB	LIS	2018-03-28 11:30:00	2018-03-28 11:51:00	2018-03-28 12:05:00	ORY	2018-03-28 13:55:00	2018-03-28 14:04:00	2018-03-28 13:55:00	J	TP	2018-03-28 12:06:59	11.0	15.0	D	16.0	320.0	8.0	6.21		FEW	M	M	3000.0								11.0	280.0	20.0	6.21	35.0	BKN	BKN	M	1700.0	2600.0						
465362	2018-03-28 00:00:00	931.0	CSTNN	320	AIRBUS A320-211	NB	ZRH	2018-03-28 11:30:00	2018-03-28 11:46:00	2018-03-28 12:01:00	LIS	2018-03-28 14:44:00	2018-03-28 14:50:00	2018-03-28 14:20:00	J	TP	2018-03-28 12:09:33	7.0	89.0	0	12.0	240.0	14.0	6.21	26.0	FEW	SCT	BKN	2400.0	3000.0	7000.0						16.0	310.0	10.0	6.21		FEW	BKN	M	2000.0	2800.0						
465363	2018-03-28 00:00:00	1937.0	CSDJG	AT7	ATR 72	WI	OPO	2018-03-28 11:30:00	2018-03-28 11:45:00	2018-03-28 11:53:00	LIS	2018-03-28 12:39:00	2018-03-28 12:42:00	2018-03-28 12:30:00	J	WI	2018-03-28 12:10:36	15.0	93.0	O	12.0	180.0	14.0	6.21		BKN	BKN	M	600.0	1100.0							16.0	310.0	10.0	6.21		FEW	M	M	2600.0							
465364	2018-03-28 00:00:00	557.0	CSTTD	319	AIRBUS A319-111	NB	MUC	2018-03-28 11:35:00	2018-03-28 12:02:00	2018-03-28 12:14:00	LIS	2018-03-28 15:19:00	2018-03-28 15:24:00	2018-03-28 14:50:00	J	TP	2018-03-29 08:18:59	13.0	82.0	0	11.0	250.0	19.0	6.21		FEW	SCT	BKN	2500.0	4000.0	5500.0						15.0	300.0	9.0	6.21		FEW	BKN	M	2000.0	2600.0						
465365	2018-03-28 00:00:00	826.0	OYRUE	M83	McDonnell Douglas MD-83		LIS	2018-03-28 11:35:00	2018-03-28 11:39:00	2018-03-28 11:49:00	MXP	2018-03-28 13:53:00	2018-03-28 14:00:00	2018-03-28 14:10:00	J	TP	2018-03-28 11:52:59	4.0	89.0	0	15.0	330.0	10.0	6.21		FEW	M	M	2500.0								15.0	220.0	9.0	6.21		SCT	M	M	3500.0							
465366	2018-03-28 00:00:00	839.0	CSTNH	320	AIRBUS A320-211	NB	FCO	2018-03-28 11:35:00	2018-03-28 11:54:00	2018-03-28 12:06:00	LIS	2018-03-28 14:55:00	2018-03-28 15:00:00	2018-03-28 14:45:00	J	TP	2018-03-28 12:26:30	19.0	81.0	0	16.0	160.0	13.0	6.21		SCT	M	M	2800.0								16.0	310.0	10.0	6.21		FEW	BKN	M	2000.0	2800.0						
465367	2018-03-28 00:00:00	939.0	CSTTA	319	AIRBUS A319-111	NB	GVA	2018-03-28 11:40:00	2018-03-28 11:36:00	2018-03-28 11:51:00	OPO	2018-03-28 13:57:00	2018-03-28 14:00:00	2018-03-28 13:55:00	J	TP					12.0	240.0	10.0	6.21		FEW	SCT	BKN	2500.0	3500.0	5200.0						12.0	200.0	10.0	2.42		SCT	BKN	BKN	400.0	600.0	1400.0					
465368	2018-03-28 00:00:00	663.0	CSTNW	320	AIRBUS A320-211	NB	AMS	2018-03-28 11:45:00	2018-03-28 12:38:00	2018-03-28 12:51:00	LIS	2018-03-28 15:42:00	2018-03-28 15:47:00	2018-03-28 14:50:00	J	TP	2018-03-29 15:43:59	10.0	99.0	0	7.0	180.0	4.0	4.35		FEW	SCT	BKN	1100.0	1800.0	2800.0						14.0	300.0	7.0	6.21		FEW	BKN	M	2000.0	2600.0						
465369	2018-03-28 00:00:00	201.0	CSTOV	333	AIRBUS A330-300	WB	LIS	2018-03-28 11:55:00	2018-03-28 11:59:00	2018-03-28 12:15:00	EWR	2018-03-28 20:07:00	2018-03-28 20:15:00	2018-03-28 19:50:00	J	TP	2018-04-02 11:27:59	4.0	17.0	A	16.0	320.0	8.0	6.21		FEW	M	M	3000.0									240.0	6.0	9.0		FEW	M	M	11000.0							
465370	2018-03-28 00:00:00	342.0	CSTTJ	319	AIRBUS A319-111	NB	LIS	2018-03-28 11:55:00	2018-03-28 11:49:00	2018-03-28 11:59:00	LGW	2018-03-28 14:00:00	2018-03-28 14:10:00	2018-03-28 14:35:00	J	TP					16.0	320.0	8.0	6.21		FEW	M	M	3000.0								6.0	320.0	13.0	6.21		FEW	SCT	M	1100.0	2300.0						
465371	2018-03-28 00:00:00	1938.0	CSDJE	AT7	ATR 72	WI	LIS	2018-03-28 12:00:00	2018-03-28 12:29:00	2018-03-28 12:40:00	OPO	2018-03-28 13:27:00	2018-03-28 13:30:00	2018-03-28 13:00:00	J	WI	2018-03-28 12:42:59	9.0	89.0	0	16.0	310.0	10.0	6.21		FEW	M	M	2600.0								13.0	200.0	10.0	6.21		SCT	BKN	BKN	800.0	1200.0	1700.0					
465372	2018-03-28 00:00:00	73.0	CSTFM	772	BOEING 777-200		LIS	2018-03-28 12:05:00	2018-03-28 12:29:00	2018-03-28 12:44:00	GIG	2018-03-28 22:15:00	2018-03-28 22:20:00	2018-03-28 22:00:00	J	TP	2018-03-28 12:45:59	24.0	65.0	0	16.0	310.0	10.0	6.21		FEW	M	M	2600.0								27.0	70.0	9.0	6.21		FEW	M	M	3500.0							
465373	2018-03-28 00:00:00	439.0	CSTTI	319	AIRBUS A319-111	NB	ORY	2018-03-28 12:10:00	2018-03-28 12:13:00	2018-03-28 12:20:00	LIS	2018-03-28 14:41:00	2018-03-28 14:48:00	2018-03-28 14:40:00	J	TP	2018-03-28 12:35:32	3.0	89.0	0	14.0	240.0	19.0	6.21		BKN	M	M	2400.0								16.0	310.0	10.0	6.21		FEW	BKN	M	2000.0	2800.0						
465374	2018-03-28 00:00:00	466.0	CSTPU	E90	EMBRAER 190	PGA	LIS	2018-03-28 12:10:00	2018-03-28 12:21:00	2018-03-28 12:37:00	BOD	2018-03-28 14:01:00	2018-03-28 14:06:00	2018-03-28 13:55:00	J	NI	2018-03-28 12:43:59	11.0	89.0	0	16.0	310.0	10.0	6.21		FEW	M	M	2600.0								12.0	250.0	10.0	4.97		BKN	BKN	OVC	1100.0	2000.0	3000.0					
465375	2018-03-28 00:00:00	1682.0	CSTNX	320	AIRBUS A320-211	NB	FNC	2018-03-28 12:10:00	2018-03-28 12:00:00	2018-03-28 12:08:00	LIS	2018-03-28 13:21:00	2018-03-28 13:30:00	2018-03-28 13:50:00	J	TP					17.0	20.0	16.0	6.21		FEW	M	M	1500.0								16.0	330.0	10.0	6.21		FEW	M	M	2800.0							
465376	2018-03-28 00:00:00	1028.0	CSTTG	319	AIRBUS A319-111	NB	LIS	2018-03-28 12:20:00	2018-03-28 12:20:00	2018-03-28 12:35:00	MAD	2018-03-28 13:28:00	2018-03-28 13:35:00	2018-03-28 13:35:00	J	TP					16.0	310.0	10.0	6.21		FEW	M	M	2600.0								21.0	180.0	14.0	6.21		M	M	M								
465377	2018-03-28 00:00:00	1861.0	CSTTQ	319	AIRBUS A319-111	NB	OPO	2018-03-28 12:20:00	2018-03-28 12:35:00	2018-03-28 12:50:00	PDL	2018-03-28 15:06:00	2018-03-28 15:08:00	2018-03-28 14:45:00	J	TP	2018-03-28 12:53:33	10.0	89.0	0	12.0	200.0	10.0	6.21		BKN	M	M	800.0								16.0	20.0	17.0	6.21		FEW	M	M	2000.0							
465378	2018-03-28 00:00:00	522.0	CSTTW	E95	EMBRAER 195	PGA	LIS	2018-03-28 12:25:00	2018-03-28 13:42:00	2018-03-28 13:54:00	STR	2018-03-28 16:11:00	2018-03-28 16:17:00	2018-03-28 15:15:00	J	NI	2018-03-28 13:55:59	77.0	46.0	0	16.0	330.0	10.0	6.21		FEW	M	M	2800.0								10.0	190.0	8.0	6.21		SCT	BKN	M	3300.0	4300.0						
465379	2018-03-28 00:00:00	533.0	CSTNM	320	AIRBUS A320-211	NB	TXL	2018-03-28 12:25:00	2018-03-28 12:50:00	2018-03-28 13:00:00	LIS	2018-03-28 16:39:00	2018-03-28 16:44:00	2018-03-28 16:00:00	J	TP	2018-03-28 13:02:41	12.0	81.0	0	1.0	90.0	12.0	3.73		BKN	M	M	700.0								15.0	310.0	6.0	6.21		FEW	BKN	M	2200.0	2800.0						
465380	2018-03-28 00:00:00	764.0	CSTJH	321	AIRBUS A321-211	NB	LIS	2018-03-28 12:25:00	2018-03-28 12:41:00	2018-03-28 12:48:00	OSL	2018-03-28 16:09:00	2018-03-28 16:15:00	2018-03-28 16:25:00	J	TP	2018-03-28 12:50:59	4.0	86.0	D	16.0	310.0	10.0	6.21		FEW	M	M	2600.0								1.0		1.0	6.21		M	M	M								
465381	2018-03-28 00:00:00	926.0	CSTJE	321	AIRBUS A321-211	NB	LIS	2018-03-28 12:30:00	2018-03-28 12:34:00	2018-03-28 12:46:00	ZRH	2018-03-28 14:56:00	2018-03-28 15:02:00	2018-03-28 15:10:00	J	TP	2018-03-28 13:00:59	4.0	85.0	C	16.0	310.0	10.0	6.21		FEW	M	M	2600.0								11.0	230.0	6.0	6.21		FEW	SCT	BKN	2000.0	4500.0	6000.0					
465382	2018-03-28 00:00:00	1039.0	CSTNJ	320	AIRBUS A320-211	NB	BCN	2018-03-28 12:30:00	2018-03-28 12:43:00	2018-03-28 12:55:00	LIS	2018-03-28 14:37:00	2018-03-28 14:40:00	2018-03-28 14:25:00	J	TP	2018-03-28 13:11:37	13.0	16.0	G	17.0	190.0	9.0	6.21		M	M	M									16.0	350.0	11.0	6.21		SCT	M	M	3000.0							
465383	2018-03-28 00:00:00	1681.0	CSTTK	319	AIRBUS A319-111	NB	LIS	2018-03-28 12:30:00	2018-03-28 12:42:00	2018-03-28 12:52:00	FNC	2018-03-28 14:23:00	2018-03-28 14:27:00	2018-03-28 14:15:00	J	TP	2018-03-28 13:08:59	10.0	15.0	D	16.0	310.0	10.0	6.21		FEW	M	M	2600.0								17.0	20.0	21.0	6.21	34.0	FEW	M	M	1500.0							
465384	2018-03-28 00:00:00	1906.0	CSTTO	319	AIRBUS A319-111	NB	FAO	2018-03-28 12:30:00	2018-03-28 12:16:00	2018-03-28 12:26:00	LIS	2018-03-28 12:56:00	2018-03-28 13:00:00	2018-03-28 13:15:00	J	TP					21.0	200.0	8.0	6.21		M	M	M									16.0	330.0	11.0	6.21		SCT	M	M	2600.0							
465385	2018-03-28 00:00:00	1939.0	CSDJB	AT7	ATR 72	WI	OPO	2018-03-28 12:30:00	2018-03-28 12:39:00	2018-03-28 12:56:00	LIS	2018-03-28 13:42:00	2018-03-28 13:47:00	2018-03-28 13:30:00	J	WI	2018-03-28 12:57:43	9.0	93.0	R	12.0	200.0	10.0	6.21		BKN	M	M	800.0								16.0	340.0	9.0	6.21		SCT	M	M	3000.0							
465386	2018-03-28 00:00:00	359.0	CSTTC	319	AIRBUS A319-111	NB	LHR	2018-03-28 12:45:00	2018-03-28 12:40:00	2018-03-28 12:52:00	LIS	2018-03-28 15:16:00	2018-03-28 15:20:00	2018-03-28 15:30:00	J	TP					6.0	290.0	10.0	6.21		SCT	BKN	OVC	1000.0	1500.0	3100.0						15.0	300.0	9.0	6.21		FEW	BKN	M	2000.0	2600.0						
465387	2018-03-28 00:00:00	924.0	CSTPT	E90	EMBRAER 190	PGA	OPO	2018-03-28 12:45:00	2018-03-28 12:43:00	2018-03-28 12:58:00	ZRH	2018-03-28 14:58:00	2018-03-28 15:10:00	2018-03-28 15:15:00	J	NI					12.0	200.0	10.0	6.21		BKN	M	M	800.0								11.0	220.0	11.0	6.21		FEW	SCT	BKN	1900.0	3300.0	6000.0					
465388	2018-03-28 00:00:00	1119.0	CSTPR	E90	EMBRAER 190	PGA	LPA	2018-03-28 12:45:00	2018-03-28 12:49:00	2018-03-28 13:08:00	LIS	2018-03-28 14:57:00	2018-03-28 15:05:00	2018-03-28 15:00:00	J	NI	2018-03-28 13:17:50	4.0	93.0	0	23.0	90.0	3.0	2.8		NSC	M	M									16.0	310.0	10.0	6.21		FEW	BKN	M	2000.0	2800.0						
465389	2018-03-28 00:00:00	783.0	CSTNI	320	AIRBUS A320-211	NB	ARN	2018-03-28 12:50:00	2018-03-28 12:55:00	2018-03-28 13:13:00	LIS	2018-03-28 17:30:00	2018-03-28 17:34:00	2018-03-28 17:15:00	J	TP	2018-03-28 13:28:37	5.0	89.0	0	2.0	240.0	7.0	6.21		M	M	M									15.0	300.0	9.0	6.21		FEW	SCT	M	2000.0	2500.0						
465390	2018-03-28 00:00:00	1428.0	CSDJG	AT7	ATR 72	WI	LIS	2018-03-28 13:00:00	2018-03-28 13:26:00	2018-03-28 13:40:00	FEZ	2018-03-28 15:30:00	2018-03-28 15:33:00	2018-03-28 14:55:00	J	WI	2018-04-05 11:25:59	13.0	93.0	R	16.0	330.0	10.0	6.21		FEW	M	M	2800.0								23.0	270.0	6.0	6.21		M	M	M								
465391	2018-03-28 00:00:00	1946.0	CSDJC	AT7	ATR 72	WI	LIS	2018-03-28 13:00:00	2018-03-28 13:02:00	2018-03-28 13:13:00	OPO	2018-03-28 14:01:00	2018-03-28 14:04:00	2018-03-28 14:00:00	J	WI	2018-03-28 13:13:59	2.0	89.0	0	16.0	330.0	11.0	6.21		SCT	M	M	2600.0								12.0	200.0	10.0	2.42		SCT	BKN	BKN	400.0	600.0	1400.0					
465392	2018-03-28 00:00:00	1042.0	CSTTP	319	AIRBUS A319-111	NB	LIS	2018-03-28 13:05:00	2018-03-28 13:11:00	2018-03-28 13:26:00	BCN	2018-03-28 14:50:00	2018-03-28 14:55:00	2018-03-28 14:55:00	J	TP	2018-03-28 13:36:59	6.0	89.0	0	16.0	330.0	11.0	6.21		SCT	M	M	2600.0								18.0	210.0	15.0	6.21		M	M	M								
465393	2018-03-28 00:00:00	484.0	CSTPQ	E90	EMBRAER 190	PGA	LIS	2018-03-28 13:10:00	2018-03-28 14:36:00	2018-03-28 14:51:00	NCE	2018-03-28 16:44:00	2018-03-28 16:46:00	2018-03-28 15:35:00	J	NI	2018-03-28 15:01:59	6.0	81.0	0	16.0	350.0	11.0	6.21		SCT	M	M	3000.0								14.0	90.0	4.0	6.21		FEW	BKN	M	1600.0	26000.0						
465394	2018-03-28 00:00:00	948.0	CSTNU	320	AIRBUS A320-211	NB	LIS	2018-03-28 13:10:00	2018-03-28 13:19:00	2018-03-28 13:30:00	GVA	2018-03-28 15:35:00	2018-03-28 15:39:00	2018-03-28 15:30:00	J	TP	2018-03-28 13:33:59	9.0	31.0	B	16.0	330.0	10.0	6.21		FEW	M	M	2800.0								12.0	240.0	9.0	6.21		FEW	SCT	BKN	2000.0	4000.0	5000.0					
465395	2018-03-28 00:00:00	1265.0	CSTNS	320	AIRBUS A320-211	NB	WAW	2018-03-28 13:10:00	2018-03-28 13:36:00	2018-03-28 13:44:00	LIS	2018-03-28 18:01:00	2018-03-28 18:04:00	2018-03-28 17:20:00	J	TP	2018-03-29 16:10:59	6.0	89.0	0	4.0	110.0	5.0	6.21		BKN	M	M	4100.0								14.0	300.0	9.0	6.21		FEW	SCT	M	1800.0	2200.0						
465396	2018-03-28 00:00:00	1450.0	CSTPS	E90	EMBRAER 190	PGA	LIS	2018-03-28 13:10:00	2018-03-28 13:14:00	2018-03-28 13:28:00	RAK	2018-03-28 14:48:00	2018-03-28 14:54:00	2018-03-28 14:45:00	J	NI	2018-03-28 13:32:59	4.0	89.0	0	16.0	330.0	11.0	6.21		SCT	M	M	2600.0								27.0	260.0	7.0	6.21		FEW	BKN	M	10000.0	20000.0						
465397	2018-03-28 00:00:00	1105.0	CSDJH	AT7	ATR 72	WI	SVQ	2018-03-28 13:15:00	2018-03-28 13:13:00	2018-03-28 13:23:00	LIS	2018-03-28 14:22:00	2018-03-28 14:26:00	2018-03-28 14:25:00	J	WI					23.0	270.0	2.0	6.21		M	M	M									16.0	350.0	11.0	6.21		SCT	M	M	3000.0							
465398	2018-03-28 00:00:00	1434.0	CSTPW	E90	EMBRAER 190	PGA	LIS	2018-03-28 13:15:00	2018-03-28 14:53:00	2018-03-28 15:12:00	CMN	2018-03-28 16:12:00	2018-03-28 16:20:00	2018-03-28 14:55:00	J	NI	2018-04-05 11:31:59	1.0	89.0	0	16.0	310.0	10.0	6.21		FEW	BKN	M	2000.0	2800.0							21.0	10.0	8.0	6.21		M	M	M								
465399	2018-03-28 00:00:00	1868.0	CSTNG	320	AIRBUS A320-211	NB	PDL	2018-03-28 13:15:00	2018-03-28 13:22:00	2018-03-28 13:30:00	LIS	2018-03-28 15:26:00	2018-03-28 15:31:00	2018-03-28 15:30:00	J	TP	2018-03-28 13:59:54	6.0	99.0	0	16.0	40.0	14.0	6.21		FEW	M	M	2000.0								15.0	300.0	9.0	6.21		FEW	BKN	M	2000.0	2600.0						
465400	2018-03-28 00:00:00	472.0	CSTPO	E90	EMBRAER 190	PGA	LIS	2018-03-28 13:20:00	2018-03-28 13:34:00	2018-03-28 13:49:00	LYS	2018-03-28 15:35:00	2018-03-28 15:38:00	2018-03-28 15:35:00	J	NI	2018-03-28 13:54:59	14.0	93.0	D	16.0	330.0	10.0	6.21		FEW	M	M	2800.0								16.0	190.0	11.0	6.21		M	M	M								
465401	2018-03-28 00:00:00	586.0	CSTTZ	E95	EMBRAER 195	PGA	LIS	2018-03-28 13:20:00	2018-03-28 13:19:00	2018-03-28 13:38:00	CGN	2018-03-28 15:48:00	2018-03-28 15:55:00	2018-03-28 16:10:00	J	NI					16.0	330.0	10.0	6.21		FEW	M	M	2800.0								8.0	120.0	9.0	6.21		FEW	BKN	M	1600.0	14000.0						
465402	2018-03-28 00:00:00	1141.0	CSDJF	AT7	ATR 72	WI	VGO	2018-03-28 13:20:00	2018-03-28 13:15:00	2018-03-28 13:25:00	LIS	2018-03-28 14:30:00	2018-03-28 14:34:00	2018-03-28 14:40:00	J	WI					11.0	230.0	7.0	3.73		SCT	BKN	BKN	400.0	1400.0	4000.0						16.0	350.0	11.0	6.21		SCT	M	M	3000.0							
465403	2018-03-28 00:00:00	324.0	CSTTX	E95	EMBRAER 195	PGA	LIS	2018-03-28 13:25:00	2018-03-28 13:46:00	2018-03-28 14:04:00	MAN	2018-03-28 16:21:00	2018-03-28 16:27:00	2018-03-28 16:15:00	J	NI	2018-03-28 14:18:59	12.0	32.0	A	16.0	340.0	9.0	6.21		SCT	M	M	3000.0								6.0	290.0	13.0	6.21		SCT	M	M	2200.0							
465404	2018-03-28 00:00:00	1274.0	CSTQD	320	AIRBUS A320-211	NB	LIS	2018-03-28 13:25:00	2018-03-28 13:28:00	2018-03-28 13:43:00	VIE	2018-03-28 16:27:00	2018-03-28 16:37:00	2018-03-28 16:45:00	J	TP	2018-03-28 13:45:59	3.0	81.0	0	16.0	330.0	10.0	6.21		FEW	M	M	2800.0								9.0	140.0	6.0	6.21		FEW	BKN	M	5000.0	8000.0						
465405	2018-03-28 00:00:00	1123.0	CSDJA	AT7	ATR 72	WI	ALC	2018-03-28 13:30:00	2018-03-28 13:25:00	2018-03-28 13:36:00	LIS	2018-03-28 15:46:00	2018-03-28 15:50:00	2018-03-28 16:00:00	J	WI					24.0	180.0	12.0	6.21		M	M	M									14.0	300.0	7.0	6.21		FEW	BKN	M	2000.0	2600.0						
465406	2018-03-28 00:00:00	1558.0	CSTNK	320	AIRBUS A320-211	NB	VXE	2018-03-28 13:30:00	2018-03-28 13:25:00	2018-03-28 13:33:00	LIS	2018-03-28 16:57:00	2018-03-28 17:03:00	2018-03-28 17:25:00	J	TP					24.0	60.0	21.0	6.21		FEW	SCT	M	2400.0	20000.0							15.0	310.0	9.0	6.21		FEW	BKN	M	2200.0	2800.0						
465407	2018-03-28 00:00:00	1947.0	CSDJE	AT7	ATR 72	WI	OPO	2018-03-28 13:30:00	2018-03-28 14:02:00	2018-03-28 14:11:00	LIS	2018-03-28 15:02:00	2018-03-28 15:06:00	2018-03-28 14:30:00	J	WI	2018-03-28 14:15:53	2.0	89.0	0	12.0	200.0	10.0	2.42		SCT	BKN	BKN	400.0	600.0	1400.0						16.0	310.0	10.0	6.21		FEW	BKN	M	2000.0	2800.0						
465408	2018-03-28 00:00:00	1300.0	CSTJF	321	AIRBUS A321-211	NB	LIS	2018-03-28 13:35:00	2018-03-28 13:55:00	2018-03-28 14:07:00	PRG	2018-03-28 16:47:00	2018-03-28 16:52:00	2018-03-28 16:50:00	J	TP	2018-03-28 14:14:59	10.0	89.0	0	16.0	340.0	9.0	6.21		SCT	M	M	3000.0								7.0	170.0	6.0	6.21		M	M	M								
465409	2018-03-28 00:00:00	3784.0	CSTTF	319	AIRBUS A319-111	NB	RAI	2018-03-28 13:35:00	2018-03-28 13:35:00	2018-03-28 13:44:00	LIS	2018-03-28 17:12:00	2018-03-28 17:17:00	2018-03-28 17:30:00	G	TP					25.0	40.0	21.0	6.21		FEW	M	M	1600.0								15.0	300.0	9.0	6.21		FEW	SCT	M	2000.0	2500.0						
465410	2018-03-28 00:00:00	687.0	CSTTU	319	AIRBUS A319-111	NB	LUX	2018-03-28 13:40:00	2018-03-28 13:52:00	2018-03-28 13:59:00	OPO	2018-03-28 16:22:00	2018-03-28 16:24:00	2018-03-28 16:10:00	J	TP	2018-03-28 14:07:52	12.0	58.0	A	7.0	190.0	9.0	3.11		SCT	BKN	M	200.0	300.0							12.0	320.0	3.0	6.21		SCT	SCT	BKN	400.0	1200.0	4300.0					
465411	2018-03-28 00:00:00	576.0	CSTNP	320	AIRBUS A320-211	NB	LIS	2018-03-28 13:45:00	2018-03-28 14:00:00	2018-03-28 14:09:00	FRA	2018-03-28 16:34:00	2018-03-28 16:43:00	2018-03-28 16:50:00	J	TP	2018-03-28 14:22:59	15.0	89.0	0	16.0	340.0	9.0	6.21		SCT	M	M	3000.0								8.0	180.0	7.0	5.59		FEW	BKN	OVC	300.0	700.0	3500.0					
465412	2018-03-28 00:00:00	871.0	CSTMW	320	AIRBUS A320-211	NB	BLQ	2018-03-28 13:45:00	2018-03-28 13:49:00	2018-03-28 14:04:00	LIS	2018-03-28 16:52:00	2018-03-28 16:52:00	2018-03-28 16:45:00	J	TP	2018-03-28 14:13:49	4.0	81.0	0	17.0	50.0	5.0	6.21		M	M	M									15.0	310.0	9.0	6.21		FEW	BKN	M	2200.0	2800.0						
465413	2018-03-28 00:00:00	353.0	CSTPP	E90	EMBRAER 190	PGA	LCY	2018-03-28 13:50:00	2018-03-28 14:09:00	2018-03-28 14:16:00	OPO	2018-03-28 16:29:00	2018-03-28 16:32:00	2018-03-28 16:10:00	J	NI	2018-03-28 15:49:00	5.0	89.0	0	6.0	310.0	8.0	6.21		BKN	BKN	M	1400.0	2900.0							12.0	320.0	3.0	6.21		SCT	SCT	BKN	400.0	1200.0	4300.0					
465414	2018-03-28 00:00:00	432.0	CSTTH	319	AIRBUS A319-111	NB	LIS	2018-03-28 13:50:00	2018-03-28 14:10:00	2018-03-28 14:30:00	ORY	2018-03-28 16:24:00	2018-03-28 16:35:00	2018-03-28 16:15:00	J	TP	2018-04-04 13:47:59	6.0	93.0	Q	16.0	340.0	9.0	6.21		SCT	M	M	3000.0								10.0	290.0	17.0	6.21	28.0	SCT	SCT	M	3000.0	4400.0						
465415	2018-03-28 00:00:00	554.0	CSTNQ	320	AIRBUS A320-211	NB	LIS	2018-03-28 13:55:00	2018-03-28 14:31:00	2018-03-28 14:46:00	MUC	2018-03-28 17:16:00	2018-03-28 17:28:00	2018-03-28 16:55:00	J	TP	2018-03-28 15:01:59	25.0	41.0	A	16.0	350.0	11.0	6.21		SCT	M	M	3000.0								9.0	220.0	9.0	5.59		SCT	OVC	M	2000.0	4300.0						
465416	2018-03-28 00:00:00	662.0	TSINO	320	AIRBUS A320-211	NB	LIS	2018-03-28 13:55:00	2018-03-28 18:24:00	2018-03-28 18:35:00	AMS	2018-03-28 20:51:00	2018-03-28 21:00:00	2018-03-28 16:50:00	J	TP	2018-03-28 18:40:59	9.0	16.0	0	14.0	300.0	9.0	6.21		FEW	BKN	M	1800.0	2200.0							4.0	280.0	8.0	6.21		SCT	BKN	M	700.0	2300.0						
465417	2018-03-28 00:00:00	1952.0	CSDJB	AT7	ATR 72	WI	LIS	2018-03-28 14:00:00	2018-03-28 14:18:00	2018-03-28 14:38:00	OPO	2018-03-28 15:26:00	2018-03-28 15:28:00	2018-03-28 15:00:00	J	WI	2018-03-28 14:39:59	1.0	89.0	0	16.0	350.0	11.0	6.21		SCT	M	M	3000.0								12.0	270.0	5.0	1.18		BKN	BKN	M	200.0	2000.0						
465418	2018-03-28 00:00:00	356.0	CSTNX	320	AIRBUS A320-211	NB	LIS	2018-03-28 14:05:00	2018-03-28 14:24:00	2018-03-28 14:43:00	LHR	2018-03-28 16:48:00	2018-03-28 16:56:00	2018-03-28 16:45:00	J	TP	2018-03-28 14:53:59	5.0	89.0	0	16.0	350.0	11.0	6.21		SCT	M	M	3000.0								6.0	320.0	6.0	6.21		SCT	BKN	BKN	2600.0	3100.0	3900.0					
465419	2018-03-28 00:00:00	2475.0	CSTTN	319	AIRBUS A319-111	NB	OPO	2018-03-28 14:05:00	2018-03-28 14:33:00	2018-03-28 14:42:00	LIS	2018-03-28 15:22:00	2018-03-28 15:27:00	2018-03-28 15:00:00	J	TP	2018-04-11 15:41:59	4.0	89.0	0	12.0	210.0	9.0	2.36		SCT	BKN	BKN	400.0	600.0	1100.0						15.0	300.0	9.0	6.21		FEW	BKN	M	2000.0	2600.0						
465420	2018-03-28 00:00:00	1315.0	CSTOQ	332	AIRBUS A330-200	WB	BUD	2018-03-28 14:10:00	2018-03-28 17:56:00	2018-03-28 18:09:00	LIS	2018-03-28 21:40:00	2018-03-28 21:46:00	2018-03-28 18:00:00	J	TP	2018-04-04 14:34:59	12.0	93.0	R	9.0	120.0	6.0	6.21		M	M	M									12.0	330.0	8.0	6.21		SCT	M	M	1000.0							
465421	2018-03-28 00:00:00	496.0	CSTTY	E95	EMBRAER 195	PGA	LIS	2018-03-28 14:15:00	2018-03-28 14:12:00	2018-03-28 14:27:00	TLS	2018-03-28 15:47:00	2018-03-28 15:51:00	2018-03-28 16:05:00	J	NI					16.0	340.0	9.0	6.21		SCT	M	M	3000.0								17.0	300.0	15.0	6.21		FEW	OVC	M	3900.0	6000.0						
465422	2018-03-28 00:00:00	1027.0	CSTTG	319	AIRBUS A319-111	NB	MAD	2018-03-28 14:30:00	2018-03-28 14:36:00	2018-03-28 14:51:00	LIS	2018-03-28 15:49:00	2018-03-28 15:53:00	2018-03-28 15:50:00	J	TP	2018-03-28 14:57:51	6.0	89.0	0	22.0	220.0	12.0	6.21		M	M	M									14.0	300.0	7.0	6.21		FEW	BKN	M	2000.0	2600.0						
465423	2018-03-28 00:00:00	1949.0	CSDJC	AT7	ATR 72	WI	OPO	2018-03-28 14:30:00	2018-03-28 14:34:00	2018-03-28 14:44:00	LIS	2018-03-28 15:35:00	2018-03-28 15:40:00	2018-03-28 15:30:00	J	WI	2018-03-28 14:50:58	4.0	93.0	M	12.0	210.0	9.0	2.36		SCT	BKN	BKN	400.0	600.0	1100.0						15.0	300.0	9.0	6.21		FEW	BKN	M	2000.0	2600.0						
465424	2018-03-28 00:00:00	467.0	CSTPU	E90	EMBRAER 190	PGA	BOD	2018-03-28 14:35:00	2018-03-28 14:38:00	2018-03-28 14:50:00	LIS	2018-03-28 16:30:00	2018-03-28 16:36:00	2018-03-28 16:30:00	J	NI	2018-03-29 08:24:59	3.0	93.0	0	12.0	260.0	10.0	1.99		BKN	BKN	BKN	600.0	1000.0	1400.0						15.0	310.0	6.0	6.21		FEW	BKN	M	2200.0	2800.0						
465425	2018-03-28 00:00:00	842.0	CSTJG	321	AIRBUS A321-211	NB	LIS	2018-03-28 14:35:00	2018-03-28 15:25:00		LIS		2018-03-28 15:34:00	2018-03-28 17:25:00	J	TP	2018-03-28 16:50:59	67.0	41.0	A	15.0	300.0	9.0	6.21		FEW	BKN	M	2000.0	2600.0							15.0	300.0	9.0	6.21		FEW	BKN	M	2000.0	2600.0						
465426	2018-03-28 00:00:00	862.0	CSTTL	319	AIRBUS A319-111	NB	LIS	2018-03-28 14:35:00	2018-03-28 14:35:00	2018-03-28 14:48:00	VCE	2018-03-28 17:02:00	2018-03-28 17:10:00	2018-03-28 17:25:00	J	TP					16.0	350.0	11.0	6.21		SCT	M	M	3000.0								12.0	160.0	3.0	6.21		M	M	M								
465427	2018-03-28 00:00:00	441.0	FHBIS	320	AIRBUS A320-211	NB	ORY	2018-03-28 14:40:00	2018-03-28 15:08:00	2018-03-28 15:15:00	LIS	2018-03-28 17:38:00	2018-03-28 17:43:00	2018-03-28 17:10:00	J	TP	2018-03-28 15:32:05	19.0	99.0	0	10.0	290.0	17.0	6.21		BKN	BKN	M	2900.0	3800.0							15.0	300.0	9.0	6.21		FEW	SCT	M	2000.0	2500.0						
465428	2018-03-28 00:00:00	659.0	CSTTE	319	AIRBUS A319-111	NB	AMS	2018-03-28 14:45:00	2018-03-28 14:35:00	2018-03-28 14:50:00	OPO	2018-03-28 17:19:00	2018-03-28 17:22:00	2018-03-28 17:30:00	J	TP					6.0	330.0	5.0	5.59		FEW	BKN	BKN	500.0	1800.0	2500.0						11.0	310.0	5.0	1.49		SCT	BKN	OVC	300.0	500.0	2700.0					
465429	2018-03-28 00:00:00	824.0	CSTTO	319	AIRBUS A319-111	NB	LIS	2018-03-28 14:50:00	2018-03-28 14:54:00	2018-03-28 15:05:00	MXP	2018-03-28 17:03:00	2018-03-28 17:08:00	2018-03-28 17:25:00	J	TP	2018-03-28 15:08:59	4.0	81.0	0	16.0	310.0	10.0	6.21		FEW	BKN	M	2000.0	2800.0							13.0	230.0	7.0	6.21		BKN	M	M	4000.0							
465430	2018-03-28 00:00:00	644.0	CSTNL	320	AIRBUS A320-211	NB	LIS	2018-03-28 14:55:00	2018-03-28 15:27:00	2018-03-28 15:38:00	BRU	2018-03-28 17:50:00	2018-03-28 17:54:00	2018-03-28 17:35:00	J	TP	2018-03-28 15:49:59	4.0	89.0	0	15.0	300.0	9.0	6.21		FEW	BKN	M	2000.0	2600.0							5.0	290.0	16.0	6.21		SCT	BKN	M	1100.0	1500.0						
465431	2018-03-28 00:00:00	823.0	OYRUE	M83	McDonnell Douglas MD-83		MXP	2018-03-28 15:00:00	2018-03-28 15:15:00	2018-03-28 15:26:00	LIS	2018-03-28 18:08:00	2018-03-28 18:16:00	2018-03-28 17:50:00	J	TP	2018-03-28 15:36:01	15.0	81.0	0	15.0	230.0	8.0	6.21		SCT	BKN	M	3000.0	5500.0							14.0	300.0	9.0	6.21		FEW	BKN	M	1800.0	2200.0						
465432	2018-03-28 00:00:00	1676.0	CSTTK	319	AIRBUS A319-111	NB	FNC	2018-03-28 15:00:00	2018-03-28 15:00:00	2018-03-28 15:06:00	LIS	2018-03-28 16:21:00	2018-03-28 16:25:00	2018-03-28 16:35:00	J	TP					18.0	20.0	19.0	6.21		FEW	M	M	1500.0								15.0	310.0	6.0	6.21		FEW	BKN	M	2200.0	2800.0						
465433	2018-03-28 00:00:00	1960.0	CSDJE	AT7	ATR 72	WI	LIS	2018-03-28 15:00:00	2018-03-28 15:35:00	2018-03-28 15:48:00	OPO	2018-03-28 16:39:00	2018-03-28 16:41:00	2018-03-28 16:00:00	J	WI	2018-03-28 15:47:59	35.0	93.0	M	15.0	300.0	9.0	6.21		FEW	BKN	M	2000.0	2600.0							12.0	320.0	3.0	6.21		SCT	SCT	BKN	400.0	1200.0	4300.0					
465434	2018-03-28 00:00:00	3909.0	CSTKR	763	BOEING 767-300/300ER		LIS	2018-03-28 15:00:00	2018-03-28 15:19:00	2018-03-28 15:32:00	TER	2018-03-28 17:50:00	2018-03-28 18:00:00	2018-03-28 17:30:00	G	YU	2018-03-28 15:41:59	9.0	64.0	0	15.0	300.0	9.0	6.21		FEW	BKN	M	2000.0	2600.0							16.0			6.21		FEW	SCT	M	3000.0	4500.0						
465435	2018-03-28 00:00:00	456.0	CSTTA	319	AIRBUS A319-111	NB	OPO	2018-03-28 15:05:00	2018-03-28 14:58:00	2018-03-28 15:09:00	ORY	2018-03-28 16:49:00	2018-03-28 16:56:00	2018-03-28 17:10:00	J	TP					12.0	200.0	10.0	1.37		SCT	BKN	BKN	200.0	400.0	2000.0						9.0	300.0	14.0	6.21		SCT	SCT	M	3200.0	4800.0						
465436	2018-03-28 00:00:00	833.0	CSTNT	320	AIRBUS A320-211	NB	FCO	2018-03-28 15:05:00	2018-03-28 15:22:00	2018-03-28 15:34:00	LIS	2018-03-28 18:23:00	2018-03-28 18:27:00	2018-03-28 18:10:00	J	TP	2018-04-02 08:25:59	1.0	89.0	0	15.0	170.0	13.0	6.21		M	M	M									14.0	300.0	9.0	6.21		FEW	BKN	M	1800.0	2200.0						
465437	2018-03-28 00:00:00	1066.0	CSDJH	AT7	ATR 72	WI	LIS	2018-03-28 15:05:00	2018-03-28 15:05:00	2018-03-28 15:15:00	BIO	2018-03-28 16:48:00	2018-03-28 16:53:00	2018-03-28 17:10:00	J	WI					16.0	310.0	10.0	6.21		FEW	BKN	M	2000.0	2800.0							13.0	330.0	6.0	4.97		SCT	BKN	M	3200.0	5500.0						
465438	2018-03-28 00:00:00	1687.0	CSTNN	320	AIRBUS A320-211	NB	LIS	2018-03-28 15:05:00	2018-03-28 16:04:00	2018-03-28 16:13:00	FNC	2018-03-28 17:56:00	2018-03-28 17:59:00	2018-03-28 16:50:00	J	TP	2018-03-28 16:37:59	8.0	89.0	0	14.0	300.0	7.0	6.21		FEW	BKN	M	2000.0	2600.0							18.0	10.0	24.0	6.21		FEW	M	M	1500.0							
465439	2018-03-28 00:00:00	364.0	CSTTR	319	AIRBUS A319-111	NB	LIS	2018-03-28 15:10:00	2018-03-28 15:09:00	2018-03-28 15:21:00	LHR	2018-03-28 17:23:00	2018-03-28 17:32:00	2018-03-28 17:50:00	J	TP					16.0	310.0	10.0	6.21		FEW	BKN	M	2000.0	2800.0							6.0	290.0	4.0	6.21		///	M	M								
465440	2018-03-28 00:00:00	1024.0	CSTTI	319	AIRBUS A319-111	NB	LIS	2018-03-28 15:20:00	2018-03-28 15:33:00	2018-03-28 15:44:00	MAD	2018-03-28 16:40:00	2018-03-28 16:52:00	2018-03-28 16:35:00	J	TP	2018-04-04 13:52:59	5.0	93.0	R	15.0	300.0	9.0	6.21		FEW	BKN	M	2000.0	2600.0							21.0	230.0	12.0	6.21		M	M	M								
465441	2018-03-28 00:00:00	1092.0	CSDJF	AT7	ATR 72	WI	LIS	2018-03-28 15:20:00	2018-03-28 15:20:00	2018-03-28 15:29:00	VLC	2018-03-28 17:05:00	2018-03-28 17:12:00	2018-03-28 17:25:00	J	WI					15.0	300.0	9.0	6.21		FEW	BKN	M	2000.0	2600.0							28.0	250.0	19.0	6.21		M	M	M								
465442	2018-03-28 00:00:00	341.0	CSTTJ	319	AIRBUS A319-111	NB	LGW	2018-03-28 15:25:00	2018-03-28 15:28:00	2018-03-28 15:37:00	LIS	2018-03-28 18:09:00	2018-03-28 18:13:00	2018-03-28 18:05:00	J	TP	2018-03-28 16:31:09	1.0	89.0	0	7.0	300.0	11.0	6.21		SCT	M	M	2000.0								14.0	300.0	9.0	6.21		FEW	SCT	M	1800.0	2200.0						
465443	2018-03-28 00:00:00	1903.0	CSTNJ	320	AIRBUS A320-211	NB	LIS	2018-03-28 15:25:00	2018-03-28 15:47:00	2018-03-28 16:02:00	FAO	2018-03-28 16:30:00	2018-03-28 16:34:00	2018-03-28 16:10:00	J	TP	2018-03-28 16:09:59	7.0	89.0	0	14.0	300.0	7.0	6.21		FEW	BKN	M	2000.0	2600.0							21.0	270.0	11.0	6.21		M	M	M								
465444	2018-03-28 00:00:00	1451.0	CSTPS	E90	EMBRAER 190	PGA	RAK	2018-03-28 15:30:00	2018-03-28 15:29:00	2018-03-28 15:44:00	LIS	2018-03-28 16:55:00	2018-03-28 16:59:00	2018-03-28 17:05:00	J	NI					27.0	280.0	7.0	6.21		M	M	M									15.0	310.0	9.0	6.21		FEW	BKN	M	2200.0	2800.0						
465445	2018-03-28 00:00:00	1951.0	CSDJB	AT7	ATR 72	WI	OPO	2018-03-28 15:30:00	2018-03-28 15:58:00	2018-03-28 16:11:00	LIS	2018-03-28 17:02:00	2018-03-28 17:04:00	2018-03-28 16:30:00	J	WI	2018-03-28 16:12:49	28.0	93.0	M	11.0	330.0	4.0	6.21		SCT	BKN	BKN	200.0	1500.0	2500.0						15.0	310.0	9.0	6.21		FEW	BKN	M	2200.0	2800.0						
465446	2018-03-28 00:00:00	1036.0	CSTNH	320	AIRBUS A320-211	NB	LIS	2018-03-28 15:35:00	2018-03-28 15:54:00	2018-03-28 16:07:00	BCN	2018-03-28 17:31:00	2018-03-28 17:35:00	2018-03-28 17:25:00	J	TP	2018-03-28 16:11:59	4.0	89.0	0	14.0	300.0	7.0	6.21		FEW	BKN	M	2000.0	2600.0							17.0	200.0	9.0	6.21		M	M	M								
465447	2018-03-28 00:00:00	1427.0	CSDJG	AT7	ATR 72	WI	FEZ	2018-03-28 15:35:00	2018-03-28 16:13:00	2018-03-28 16:22:00	LIS	2018-03-28 18:05:00	2018-03-28 18:08:00	2018-03-28 17:40:00	J	WI	2018-04-24 14:52:59	38.0	93.0	0	22.0	280.0	7.0	6.21		M	M	M									14.0	300.0	9.0	6.21		FEW	SCT	M	1800.0	2200.0						
465448	2018-03-28 00:00:00	1443.0	CSTPW	E90	EMBRAER 190	PGA	CMN	2018-03-28 15:35:00	2018-03-28 16:57:00	2018-03-28 17:09:00	LIS	2018-03-28 18:12:00	2018-03-28 18:17:00	2018-03-28 17:15:00	J	NI	2018-03-28 17:26:59	82.0	93.0	0	20.0	20.0	7.0	6.21		M	M	M									14.0	300.0	9.0	6.21		FEW	BKN	M	1800.0	2200.0						
465449	2018-03-28 00:00:00	1866.0	CSTTQ	319	AIRBUS A319-111	NB	PDL	2018-03-28 15:35:00	2018-03-28 16:12:00	2018-03-28 16:20:00	OPO	2018-03-28 18:21:00	2018-03-28 18:25:00	2018-03-28 17:50:00	J	TP	2018-03-28 16:44:03	19.0	41.0	B	15.0	20.0	16.0	6.21		FEW	M	M	2000.0								11.0	330.0	9.0	6.21		FEW	BKN	BKN	500.0	1700.0	2700.0					
465450	2018-03-28 00:00:00	346.0	CSTPR	E90	EMBRAER 190	PGA	LIS	2018-03-28 15:40:00	2018-03-28 16:10:00	2018-03-28 16:26:00	LCY	2018-03-28 18:33:00	2018-03-28 18:36:00	2018-03-28 18:20:00	J	NI	2018-03-28 16:30:59	12.0	89.0	0	14.0	300.0	7.0	6.21		FEW	BKN	M	2000.0	2600.0							7.0	240.0	8.0	6.21		SCT	M	M	4800.0							
465451	2018-03-28 00:00:00	438.0	CSTTS	319	AIRBUS A319-111	NB	LIS	2018-03-28 15:40:00	2018-03-28 16:27:00	2018-03-28 16:37:00	ORY	2018-03-28 18:31:00	2018-03-28 18:37:00	2018-03-28 18:05:00	J	TP	2018-03-28 16:39:59	12.0	89.0	0	15.0	310.0	6.0	6.21		FEW	BKN	M	2200.0	2800.0							7.0	300.0	14.0	6.21		FEW	SCT	M	3000.0	4000.0						
465452	2018-03-28 00:00:00	1037.0	CSTTP	319	AIRBUS A319-111	NB	BCN	2018-03-28 15:40:00	2018-03-28 15:46:00	2018-03-28 16:03:00	LIS	2018-03-28 17:40:00	2018-03-28 17:46:00	2018-03-28 17:35:00	J	TP	2018-03-28 16:31:09	6.0	16.0	G	19.0	220.0	14.0	6.21		M	M	M									14.0	300.0	9.0	6.21		FEW	SCT	M	1800.0	2200.0						
465453	2018-03-28 00:00:00	1525.0	CSTNR	320	AIRBUS A320-211	NB	LIS	2018-03-28 15:40:00	2018-03-28 15:52:00	2018-03-28 16:05:00	LFW	2018-03-28 21:16:00	2018-03-28 21:20:00	2018-03-28 21:20:00	J	TP	2018-03-28 16:12:59	12.0	89.0	0	14.0	300.0	7.0	6.21		FEW	BKN	M	2000.0	2600.0							29.0	220.0	11.0	6.21		FEW	M	M	1300.0							
465454	2018-03-28 00:00:00	22.0	CSTOE	332	AIRBUS A330-200	WB	LIS	2018-03-28 15:45:00	2018-03-28 15:58:00	2018-03-28 16:08:00	SSA	2018-03-29 00:26:00	2018-03-29 00:35:00	2018-03-29 00:20:00	J	TP	2018-03-28 16:23:59	13.0	89.0	0	14.0	300.0	7.0	6.21		FEW	BKN	M	2000.0	2600.0							27.0	110.0	9.0	6.21		SCT	M	M	2000.0							
465455	2018-03-28 00:00:00	523.0	CSTTW	E95	EMBRAER 195	PGA	STR	2018-03-28 15:55:00	2018-03-28 17:20:00	2018-03-28 17:34:00	LIS	2018-03-28 20:31:00	2018-03-28 20:36:00	2018-03-28 19:05:00	J	NI	2018-03-29 15:39:59	23.0	32.0	0	10.0	200.0	9.0	6.21		SCT	BKN	M	2600.0	4200.0							13.0	290.0	7.0	6.21		FEW	BKN	M	1100.0	1400.0						
465456	2018-03-28 00:00:00	921.0	CSTPT	E90	EMBRAER 190	PGA	ZRH	2018-03-28 16:00:00	2018-03-28 16:00:00	2018-03-28 16:15:00	OPO	2018-03-28 18:45:00	2018-03-28 18:49:00	2018-03-28 18:35:00	J	NI					11.0	240.0	7.0	5.59		FEW	SCT	BKN	1700.0	2400.0	3500.0						11.0	330.0	9.0	6.21		SCT	BKN	BKN	1200.0	1900.0	4900.0					
465457	2018-03-28 00:00:00	927.0	CSTJE	321	AIRBUS A321-211	NB	ZRH	2018-03-28 16:00:00	2018-03-28 16:08:00	2018-03-28 16:22:00	LIS	2018-03-28 19:13:00	2018-03-28 19:23:00	2018-03-28 18:50:00	J	TP	2018-03-28 16:40:58	8.0	16.0	H	11.0	230.0	7.0	5.59		FEW	SCT	BKN	1700.0	3000.0	6000.0						13.0	300.0	6.0	6.21		SCT	SCT	M	1600.0	3400.0						
465458	2018-03-28 00:00:00	1962.0	CSDJC	AT7	ATR 72	WI	LIS	2018-03-28 16:00:00	2018-03-28 16:18:00	2018-03-28 16:28:00	OPO	2018-03-28 17:13:00	2018-03-28 17:16:00	2018-03-28 17:00:00	J	WI	2018-03-28 16:32:59	8.0	89.0	0	15.0	310.0	6.0	6.21		FEW	BKN	M	2200.0	2800.0							11.0	310.0	5.0	1.49		SCT	BKN	OVC	300.0	500.0	2700.0					
465459	2018-03-28 00:00:00	11.0	CSTOK	332	AIRBUS A330-200	WB	LIS	2018-03-28 16:05:00	2018-03-28 16:22:00	2018-03-28 16:35:00	REC	2018-03-28 23:59:00	2018-03-29 00:03:00	2018-03-28 23:45:00	J	TP	2018-03-28 16:44:59	17.0	89.0	0	15.0	310.0	6.0	6.21		FEW	BKN	M	2200.0	2800.0							24.0	160.0	8.0	3.11		SCT	BKN	M	1000.0	6000.0						
465460	2018-03-28 00:00:00	209.0	CSTOM	332	AIRBUS A330-200	WB	LIS	2018-03-28 16:10:00	2018-03-28 16:28:00	2018-03-28 16:41:00	JFK	2018-03-29 00:12:00	2018-03-29 00:27:00	2018-03-29 00:00:00	J	TP	2018-03-28 16:43:59	18.0	89.0	0	15.0	310.0	6.0	6.21		FEW	BKN	M	2200.0	2800.0								170.0	5.0	10.0		OVC	M	M	6500.0							
465461	2018-03-28 00:00:00	477.0	CSTPO	E90	EMBRAER 190	PGA	LYS	2018-03-28 16:15:00	2018-03-28 16:28:00	2018-03-28 16:40:00	LIS	2018-03-28 19:02:00	2018-03-28 19:08:00	2018-03-28 18:45:00	J	NI	2018-03-29 08:26:59	10.0	68.0	B	16.0	180.0	13.0	6.21		FEW	BKN	BKN	5000.0	7000.0	10000.0						13.0	290.0	8.0	6.21		FEW	BKN	M	1600.0	3600.0						
465462	2018-03-28 00:00:00	487.0	CSTPQ	E90	EMBRAER 190	PGA	NCE	2018-03-28 16:15:00	2018-03-28 17:27:00	2018-03-28 17:39:00	LIS	2018-03-28 19:59:00	2018-03-28 20:04:00	2018-03-28 18:50:00	J	NI	2018-03-29 08:28:59	1.0	89.0	0	14.0	90.0	3.0	6.21		FEW	BKN	M	1600.0	26000.0							13.0	300.0	5.0	6.21		FEW	BKN	M	1200.0	1800.0						
465463	2018-03-28 00:00:00	947.0	CSTNU	320	AIRBUS A320-211	NB	GVA	2018-03-28 16:20:00	2018-03-28 16:45:00	2018-03-28 17:02:00	LIS	2018-03-28 19:28:00	2018-03-28 19:33:00	2018-03-28 18:55:00	J	TP	2018-03-29 08:32:59	2.0	89.0	0	13.0	220.0	15.0	6.21		FEW	SCT	BKN	2500.0	4000.0	7000.0						13.0	300.0	6.0	6.21		SCT	SCT	M	1600.0	3400.0						
465464	2018-03-28 00:00:00	1689.0	CSTTN	319	AIRBUS A319-111	NB	LIS	2018-03-28 16:30:00	2018-03-28 16:35:00	2018-03-28 16:45:00	FNC	2018-03-28 18:39:00	2018-03-28 18:41:00	2018-03-28 18:15:00	J	TP	2018-03-28 16:48:59	5.0	85.0	C	15.0	310.0	6.0	6.21		FEW	BKN	M	2200.0	2800.0							17.0	10.0	21.0	6.21	31.0	FEW	M	M	1500.0							
465465	2018-03-28 00:00:00	1953.0	CSDJE	AT7	ATR 72	WI	OPO	2018-03-28 16:30:00	2018-03-28 17:17:00	2018-03-28 17:28:00	LIS	2018-03-28 18:18:00	2018-03-28 18:22:00	2018-03-28 17:30:00	J	WI	2018-03-28 17:30:07	6.0	89.0	0	11.0	310.0	5.0	1.49		SCT	BKN	OVC	300.0	500.0	2700.0						14.0	300.0	9.0	6.21		FEW	BKN	M	1800.0	2200.0						
465466	2018-03-28 00:00:00	1112.0	CSDJA	AT7	ATR 72	WI	LIS	2018-03-28 16:40:00	2018-03-28 16:38:00	2018-03-28 16:50:00	OVD	2018-03-28 18:14:00	2018-03-28 18:18:00	2018-03-28 18:30:00	J	WI					15.0	310.0	6.0	6.21		FEW	BKN	M	2200.0	2800.0							9.0	280.0	6.0	2.49		FEW	SCT	BKN	500.0	1500.0	3000.0					
465467	2018-03-28 00:00:00	493.0	CSTTY	E95	EMBRAER 195	PGA	TLS	2018-03-28 16:45:00	2018-03-28 16:49:00	2018-03-28 16:59:00	LIS	2018-03-28 18:49:00	2018-03-28 18:53:00	2018-03-28 18:45:00	J	NI	2018-04-02 17:08:59	4.0	89.0	0	16.0	280.0	10.0	6.21		FEW	SCT	BKN	4100.0	4800.0	5600.0						13.0	290.0	8.0	6.21		FEW	BKN	M	1600.0	3600.0						
465468	2018-03-28 00:00:00	589.0	CSTTZ	E95	EMBRAER 195	PGA	CGN	2018-03-28 16:50:00	2018-03-28 17:18:00	2018-03-28 17:26:00	LIS	2018-03-28 20:28:00	2018-03-28 20:33:00	2018-03-28 20:00:00	J	NI	2018-03-29 08:35:59	18.0	32.0	B	9.0	150.0	8.0	6.21		SCT	BKN	M	2800.0	3700.0							13.0	290.0	7.0	6.21		FEW	BKN	M	1100.0	1400.0						
465469	2018-03-28 00:00:00	816.0	CSTTU	319	AIRBUS A319-111	NB	OPO	2018-03-28 16:55:00	2018-03-28 17:06:00	2018-03-28 17:15:00	MXP	2018-03-28 19:07:00	2018-03-28 19:12:00	2018-03-28 19:30:00	J	TP	2018-03-28 17:17:13	11.0	93.0	I	12.0	300.0	5.0	6.21		BKN	BKN	M	400.0	1000.0							12.0	160.0	2.0	6.21		BKN	M	M	3000.0							
465470	2018-03-28 00:00:00	1904.0	CSTNJ	320	AIRBUS A320-211	NB	FAO	2018-03-28 16:55:00	2018-03-28 17:04:00	2018-03-28 17:12:00	LIS	2018-03-28 17:44:00	2018-03-28 17:46:00	2018-03-28 17:40:00	J	TP	2018-03-28 17:26:11	9.0	93.0	0	20.0	260.0	12.0	6.21		M	M	M									14.0	300.0	9.0	6.21		FEW	SCT	M	1800.0	2200.0						
465471	2018-03-28 00:00:00	321.0	CSTTX	E95	EMBRAER 195	PGA	MAN	2018-03-28 17:00:00	2018-03-28 17:18:00	2018-03-28 17:33:00	LIS	2018-03-28 20:10:00	2018-03-28 20:13:00	2018-03-28 19:45:00	J	NI	2018-03-28 17:41:11	6.0	89.0	0	6.0	290.0	11.0	6.21		SCT	SCT	BKN	2500.0	3100.0	4700.0						13.0	300.0	5.0	6.21		FEW	BKN	M	1200.0	1800.0						
465472	2018-03-28 00:00:00	431.0	CSTTH	319	AIRBUS A319-111	NB	ORY	2018-03-28 17:00:00	2018-03-28 17:15:00	2018-03-28 17:25:00	LIS	2018-03-28 19:41:00	2018-03-28 19:50:00	2018-03-28 19:30:00	J	TP	2018-03-29 15:36:59	15.0	93.0	R	9.0	300.0	14.0	6.21		SCT	SCT	M	3200.0	4800.0							13.0	300.0	5.0	6.21		FEW	BKN	M	1200.0	1800.0						
465473	2018-03-28 00:00:00	566.0	CSTTB	319	AIRBUS A319-111	NB	LIS	2018-03-28 17:00:00	2018-03-28 17:02:00	2018-03-28 17:17:00	HAM	2018-03-28 19:59:00	2018-03-28 20:03:00	2018-03-28 20:15:00	J	TP	2018-03-28 17:20:59	2.0	89.0	0	15.0	310.0	9.0	6.21		FEW	BKN	M	2200.0	2800.0							1.0	90.0	9.0	1.24		SCT	BKN	M	400.0	500.0						
465474	2018-03-28 00:00:00	1964.0	CSDJB	AT7	ATR 72	WI	LIS	2018-03-28 17:00:00	2018-03-28 17:32:00	2018-03-28 17:42:00	OPO	2018-03-28 18:29:00	2018-03-28 18:34:00	2018-03-28 18:00:00	J	WI	2018-03-28 17:44:59	32.0	93.0	M	15.0	300.0	9.0	6.21		FEW	SCT	M	2000.0	2500.0							11.0	330.0	9.0	6.21		FEW	BKN	BKN	500.0	1700.0	2700.0					
465475	2018-03-28 00:00:00	532.0	CSTNG	320	AIRBUS A320-211	NB	LIS	2018-03-28 17:05:00	2018-03-28 16:58:00	2018-03-28 17:14:00	TXL	2018-03-28 19:56:00	2018-03-28 20:01:00	2018-03-28 20:30:00	J	TP					15.0	310.0	9.0	6.21		FEW	BKN	M	2200.0	2800.0							2.0	100.0	12.0	2.61		BKN	M	M	600.0							
465476	2018-03-28 00:00:00	338.0	CSTPP	E90	EMBRAER 190	PGA	OPO	2018-03-28 17:10:00	2018-03-28 17:13:00	2018-03-28 17:31:00	LGW	2018-03-28 19:20:00	2018-03-28 19:33:00	2018-03-28 19:25:00	J	NI	2018-03-28 17:33:14	1.0	89.0	0	12.0	300.0	5.0	6.21		BKN	BKN	M	400.0	1000.0							4.0	210.0	3.0	6.21		SCT	M	M	3000.0							
465477	2018-03-28 00:00:00	448.0	CSTTC	319	AIRBUS A319-111	NB	LIS	2018-03-28 17:10:00	2018-03-28 17:10:00	2018-03-28 17:21:00	ORY	2018-03-28 19:17:00	2018-03-28 19:22:00	2018-03-28 19:35:00	J	TP					15.0	310.0	9.0	6.21		FEW	BKN	M	2200.0	2800.0							6.0	290.0	9.0	6.21		FEW	M	M	3300.0							
465478	2018-03-28 00:00:00	763.0	CSTJH	321	AIRBUS A321-211	NB	OSL	2018-03-28 17:10:00	2018-03-28 17:10:00	2018-03-28 17:21:00	LIS	2018-03-28 21:21:00	2018-03-28 21:28:00	2018-03-28 21:15:00	J	TP					1.0	0.0	0.0	6.21		M	M	M									13.0	300.0	7.0	6.21		FEW	BKN	M	800.0	1200.0						
465479	2018-03-28 00:00:00	572.0	CSTTK	319	AIRBUS A319-111	NB	LIS	2018-03-28 17:20:00	2018-03-28 17:21:00	2018-03-28 17:31:00	FRA	2018-03-28 19:54:00	2018-03-28 20:10:00	2018-03-28 20:20:00	J	TP	2018-03-28 17:32:59	1.0	89.0	0	15.0	300.0	9.0	6.21		FEW	SCT	M	2000.0	2500.0							9.0	230.0	11.0	6.21		FEW	SCT	M	1500.0	2800.0						
465480	2018-03-28 00:00:00	752.0	CSTNW	320	AIRBUS A320-211	NB	LIS	2018-03-28 17:20:00	2018-03-28 17:18:00	2018-03-28 17:28:00	CPH	2018-03-28 20:26:00	2018-03-28 20:33:00	2018-03-28 20:50:00	J	TP					15.0	300.0	9.0	6.21		FEW	SCT	M	2000.0	2500.0							0.0	90.0	20.0	6.21		M	M	M								
465481	2018-03-28 00:00:00	1029.0	CSTTI	319	AIRBUS A319-111	NB	MAD	2018-03-28 17:20:00	2018-03-28 17:37:00	2018-03-28 17:49:00	LIS	2018-03-28 18:46:00	2018-03-28 18:50:00	2018-03-28 18:40:00	J	TP	2018-03-28 17:54:15	17.0	93.0	0	21.0	240.0	15.0	6.21		M	M	M									13.0	290.0	8.0	6.21		FEW	BKN	M	1600.0	3600.0						
465482	2018-03-28 00:00:00	259.0	CSTOH	332	AIRBUS A330-200	WB	LIS	2018-03-28 17:25:00	2018-03-28 17:30:00	2018-03-28 17:45:00	YYZ	2018-03-29 01:55:00	2018-03-29 02:10:00	2018-03-29 01:35:00	J	TP	2018-03-28 17:46:59	5.0	85.0	A	15.0	300.0	9.0	6.21		FEW	SCT	M	2000.0	2500.0							3.0		2.0	15.0		SCT	M	M	26000.0							
465483	2018-03-28 00:00:00	1955.0	CSDJC	AT7	ATR 72	WI	OPO	2018-03-28 17:30:00	2018-03-28 17:56:00	2018-03-28 18:16:00	LIS	2018-03-28 19:11:00	2018-03-28 19:16:00	2018-03-28 18:30:00	J	WI	2018-03-28 18:21:14	3.0	89.0	0	12.0	300.0	4.0	6.21		SCT	BKN	BKN	500.0	1400.0	2700.0						13.0	300.0	6.0	6.21		SCT	SCT	M	1600.0	3400.0						
465484	2018-03-28 00:00:00	579.0	CSTNP	320	AIRBUS A320-211	NB	FRA	2018-03-28 17:35:00	2018-03-28 17:52:00	2018-03-28 18:06:00	LIS	2018-03-28 21:08:00	2018-03-28 21:13:00	2018-03-28 20:45:00	J	TP	2018-03-29 08:36:59	17.0	85.0	A	9.0	190.0	5.0	5.59		SCT	SCT	OVC	500.0	1800.0	6700.0						13.0	280.0	7.0	6.21		BKN	M	M	1000.0							
465485	2018-03-28 00:00:00	668.0	CSTMW	320	AIRBUS A320-211	NB	LIS	2018-03-28 17:35:00	2018-03-28 18:04:00	2018-03-28 18:14:00	AMS	2018-03-28 20:35:00	2018-03-28 20:48:00	2018-03-28 20:30:00	J	TP	2018-03-28 20:24:59	9.0	89.0	0	14.0	300.0	9.0	6.21		FEW	SCT	M	1800.0	2200.0							4.0	280.0	8.0	6.21		SCT	BKN	M	700.0	2300.0						
465486	2018-03-28 00:00:00	1305.0	CSTJF	321	AIRBUS A321-211	NB	PRG	2018-03-28 17:35:00	2018-03-28 17:50:00	2018-03-28 18:00:00	LIS	2018-03-28 21:33:00	2018-03-28 21:39:00	2018-03-28 21:05:00	J	TP	2018-03-28 18:03:14	13.0	81.0	0	7.0	160.0	5.0	6.21		M	M	M									13.0	300.0	7.0	6.21		FEW	BKN	M	800.0	1200.0						
465487	2018-03-28 00:00:00	1686.0	CSTNN	320	AIRBUS A320-211	NB	FNC	2018-03-28 17:35:00	2018-03-28 18:41:00	2018-03-28 18:49:00	LIS	2018-03-28 20:05:00	2018-03-28 20:10:00	2018-03-28 19:10:00	J	TP	2018-03-28 18:50:12	66.0	93.0	R	17.0	10.0	21.0	6.21	31.0	FEW	M	M	1500.0								13.0	300.0	5.0	6.21		FEW	BKN	M	1200.0	1800.0						
465488	2018-03-28 00:00:00	551.0	CSTNQ	320	AIRBUS A320-211	NB	MUC	2018-03-28 17:40:00	2018-03-28 18:25:00	2018-03-28 18:39:00	LIS	2018-03-28 22:05:00	2018-03-28 22:09:00	2018-03-28 20:55:00	J	TP	2018-03-28 18:58:11	14.0	16.0	H	9.0	210.0	10.0	6.21		FEW	OVC	M	1500.0	4300.0							12.0	330.0	8.0	6.21		SCT	M	M	1000.0							
465489	2018-03-28 00:00:00	661.0	TSINO	320	AIRBUS A320-211	NB	AMS	2018-03-28 17:40:00	2018-03-28 21:59:00	2018-03-28 22:10:00	LIS	2018-03-29 00:57:00	2018-03-29 01:03:00	2018-03-28 20:45:00	J	TP	2018-03-28 22:27:59	19.0	89.0	0	4.0	290.0	9.0	6.21		FEW	SCT	BKN	1100.0	2100.0	3800.0						11.0	340.0	8.0	6.21		FEW	M	M	1500.0							
465490	2018-03-28 00:00:00	369.0	CSTNX	320	AIRBUS A320-211	NB	LHR	2018-03-28 17:45:00	2018-03-28 17:49:00	2018-03-28 18:02:00	LIS	2018-03-28 20:24:00	2018-03-28 20:27:00	2018-03-28 20:25:00	J	TP	2018-03-28 18:23:17	3.0	89.0	0	6.0	280.0	10.0	6.21		///	M	M									13.0	290.0	7.0	6.21		FEW	BKN	M	1100.0	1400.0						
465491	2018-03-28 00:00:00	1273.0	CSTQD	320	AIRBUS A320-211	NB	VIE	2018-03-28 17:45:00	2018-03-28 18:04:00	2018-03-28 18:15:00	LIS	2018-03-28 21:57:00	2018-03-28 22:08:00	2018-03-28 21:20:00	J	TP	2018-03-28 18:20:09	9.0	16.0	H	8.0	140.0	7.0	6.21		M	M	M									12.0	330.0	8.0	6.21		SCT	M	M	1000.0							
465492	2018-03-28 00:00:00	1067.0	CSDJH	AT7	ATR 72	WI	BIO	2018-03-28 17:50:00	2018-03-28 17:50:00	2018-03-28 18:07:00	LIS	2018-03-28 20:14:00	2018-03-28 20:18:00	2018-03-28 20:00:00	J	WI					13.0	320.0	11.0	4.97		SCT	BKN	M	2500.0	3000.0							13.0	290.0	7.0	6.21		FEW	BKN	M	1100.0	1400.0						
465493	2018-03-28 00:00:00	457.0	CSTTA	319	AIRBUS A319-111	NB	ORY	2018-03-28 17:55:00	2018-03-28 18:28:00	2018-03-28 18:39:00	OPO	2018-03-28 20:38:00	2018-03-28 20:43:00	2018-03-28 20:00:00	J	TP	2018-03-28 18:57:25	4.0	89.0	0	7.0	300.0	14.0	6.21		FEW	SCT	M	3000.0	4000.0							10.0	330.0	7.0	6.21		FEW	SCT	M	2000.0	3000.0						
465494	2018-03-28 00:00:00	524.0	CSTPS	E90	EMBRAER 190	PGA	LIS	2018-03-28 18:00:00	2018-03-28 17:58:00	2018-03-28 18:08:00	STR	2018-03-28 20:21:00	2018-03-28 20:27:00	2018-03-28 20:50:00	J	NI					14.0	300.0	9.0	6.21		FEW	SCT	M	1800.0	2200.0							9.0	220.0	6.0	6.21		FEW	BKN	M	1900.0	5000.0						
465495	2018-03-28 00:00:00	928.0	CSTNK	320	AIRBUS A320-211	NB	LIS	2018-03-28 18:00:00	2018-03-28 18:02:00	2018-03-28 18:16:00	ZRH	2018-03-28 20:26:00	2018-03-28 20:34:00	2018-03-28 20:40:00	J	TP	2018-03-28 18:20:59	2.0	89.0	0	14.0	300.0	9.0	6.21		FEW	SCT	M	1800.0	2200.0							9.0	270.0	12.0	3.73		FEW	SCT	BKN	1300.0	3200.0	4000.0					
465496	2018-03-28 00:00:00	1018.0	FHBIS	320	AIRBUS A320-211	NB	LIS	2018-03-28 18:00:00	2018-03-28 18:38:00	2018-03-28 18:48:00	MAD	2018-03-28 19:50:00	2018-03-28 20:03:00	2018-03-28 19:20:00	J	TP	2018-03-28 18:58:59	10.0	19.0	B	14.0	300.0	9.0	6.21		FEW	BKN	M	1800.0	2200.0							16.0	260.0	10.0	6.21	20.0	M	M	M								
465497	2018-03-28 00:00:00	1046.0	CSTPU	E90	EMBRAER 190	PGA	LIS	2018-03-28 18:00:00	2018-03-28 18:05:00	2018-03-28 18:19:00	BCN	2018-03-28 19:39:00	2018-03-28 19:44:00	2018-03-28 19:50:00	J	NI	2018-03-28 18:23:59	5.0	89.0	0	14.0	300.0	9.0	6.21		FEW	SCT	M	1800.0	2200.0							15.0	190.0	3.0	6.21		M	M	M								
465498	2018-03-28 00:00:00	1966.0	CSDJE	AT7	ATR 72	WI	LIS	2018-03-28 18:00:00	2018-03-28 18:59:00	2018-03-28 19:12:00	OPO	2018-03-28 19:53:00	2018-03-28 19:56:00	2018-03-28 19:00:00	J	WI	2018-03-28 19:13:59	7.0	89.0	0	13.0	290.0	8.0	6.21		FEW	BKN	M	1600.0	3600.0							10.0	340.0	8.0	6.21		SCT	M	M	1300.0							
465499	2018-03-28 00:00:00	358.0	CSTNI	320	AIRBUS A320-211	NB	LIS	2018-03-28 18:05:00	2018-03-28 18:37:00	2018-03-28 18:45:00	LHR	2018-03-28 20:52:00	2018-03-28 21:02:00	2018-03-28 20:45:00	J	TP	2018-03-28 18:46:59	32.0	95.0	A	14.0	300.0	9.0	6.21		FEW	BKN	M	1800.0	2200.0							5.0	270.0	6.0	6.21		NCD	M	M								
465500	2018-03-28 00:00:00	1093.0	CSDJF	AT7	ATR 72	WI	VLC	2018-03-28 18:05:00	2018-03-28 18:00:00	2018-03-28 18:12:00	LIS	2018-03-28 20:16:00	2018-03-28 20:20:00	2018-03-28 20:20:00	J	WI					27.0	240.0	14.0	6.21		M	M	M									13.0	290.0	7.0	6.21		FEW	BKN	M	1100.0	1400.0						
465501	2018-03-28 00:00:00	861.0	CSTTL	319	AIRBUS A319-111	NB	VCE	2018-03-28 18:10:00	2018-03-28 18:00:00	2018-03-28 18:09:00	LIS	2018-03-28 21:03:00	2018-03-28 21:10:00	2018-03-28 21:20:00	J	TP					11.0	120.0	3.0	6.21		M	M	M									13.0	280.0	7.0	6.21		BKN	M	M	1000.0							
465502	2018-03-28 00:00:00	1045.0	CSTNH	320	AIRBUS A320-211	NB	BCN	2018-03-28 18:10:00	2018-03-28 18:31:00	2018-03-28 18:45:00	LIS	2018-03-28 20:26:00	2018-03-28 20:30:00	2018-03-28 20:05:00	J	TP	2018-03-28 19:18:14	11.0	16.0	G	16.0	180.0	7.0	6.21		M	M	M									13.0	290.0	7.0	6.21		FEW	BKN	M	1100.0	1400.0						
465503	2018-03-28 00:00:00	829.0	CSTTO	319	AIRBUS A319-111	NB	MXP	2018-03-28 18:15:00	2018-03-28 18:02:00	2018-03-28 18:19:00	LIS	2018-03-28 20:58:00	2018-03-28 21:03:00	2018-03-28 21:10:00	J	TP					13.0	220.0	6.0	6.21		BKN	M	M	3500.0								13.0	280.0	7.0	6.21		BKN	M	M	1000.0							
465504	2018-03-28 00:00:00	843.0	CSTJG	321	AIRBUS A321-211	NB	FCO	2018-03-28 18:15:00	2018-03-28 20:03:00	2018-03-28 20:23:00	LIS	2018-03-28 23:10:00	2018-03-28 23:17:00	2018-03-28 21:20:00	J	TP	2018-03-28 20:30:36	1.0	89.0	0	12.0	130.0	9.0	6.21		SCT	M	M	1200.0								12.0	340.0	5.0	6.21		FEW	M	M	1200.0							
465505	2018-03-28 00:00:00	649.0	CSTNL	320	AIRBUS A320-211	NB	BRU	2018-03-28 18:25:00	2018-03-28 18:50:00	2018-03-28 19:00:00	LIS	2018-03-28 21:42:00	2018-03-28 21:49:00	2018-03-28 21:15:00	J	TP	2018-03-29 15:41:59	3.0	16.0	H	4.0	290.0	13.0	6.21		BKN	M	M	1000.0								12.0	330.0	8.0	6.21		SCT	M	M	1000.0							
465506	2018-03-28 00:00:00	1677.0	CSTTF	319	AIRBUS A319-111	NB	LIS	2018-03-28 18:25:00	2018-03-28 18:25:00	2018-03-28 18:37:00	FNC	2018-03-28 20:14:00	2018-03-28 20:17:00	2018-03-28 20:10:00	J	TP					14.0	300.0	9.0	6.21		FEW	BKN	M	1800.0	2200.0							16.0	20.0	23.0	6.21		FEW	M	M	1500.0							
465507	2018-03-28 00:00:00	82.0	CSTOI	332	AIRBUS A330-200	WB	GRU	2018-03-28 18:30:00	2018-03-28 18:28:00	2018-03-28 18:45:00	LIS	2018-03-29 03:53:00	2018-03-29 03:58:00	2018-03-29 04:20:00	J	TP					25.0		2.0	4.97		FEW	SCT	BKN	3000.0	5000.0	10000.0						10.0	320.0	5.0	6.21		FEW	SCT	M	2000.0	4400.0						
465508	2018-03-28 00:00:00	1507.0	CSTNS	320	AIRBUS A320-211	NB	LIS	2018-03-28 18:30:00	2018-03-28 19:03:00	2018-03-28 19:15:00	ABJ	2018-03-29 00:32:00	2018-03-29 00:35:00	2018-03-28 23:50:00	J	TP	2018-03-28 19:16:59	14.0	89.0	0	13.0	290.0	8.0	6.21		FEW	BKN	M	1600.0	3600.0							28.0	240.0	5.0	6.21		FEW	M	M	1200.0							
465509	2018-03-28 00:00:00	1957.0	CSDJB	AT7	ATR 72	WI	OPO	2018-03-28 18:30:00	2018-03-28 19:09:00	2018-03-28 19:17:00	LIS	2018-03-28 20:04:00	2018-03-28 20:07:00	2018-03-28 19:30:00	J	WI	2018-03-28 19:18:15	5.0	89.0	0	11.0	330.0	9.0	6.21		SCT	BKN	BKN	1200.0	1900.0	4900.0						13.0	300.0	5.0	6.21		FEW	BKN	M	1200.0	1800.0						
465510	2018-03-28 00:00:00	3910.0	CSTKR	763	BOEING 767-300/300ER		TER	2018-03-28 18:30:00	2018-03-28 19:15:00	2018-03-28 19:23:00	LIS	2018-03-28 21:15:00	2018-03-28 21:18:00	2018-03-28 20:45:00	G	YU	2018-03-28 19:42:24	15.0	33.0	0	15.0			6.21		FEW	M	M	3000.0								13.0	300.0	7.0	6.21		FEW	BKN	M	800.0	1200.0						
465511	2018-03-28 00:00:00	9311.0	OYRUE	M83	McDonnell Douglas MD-83		LIS	2018-03-28 18:30:00	2018-03-28 18:40:00	2018-03-28 18:53:00	BLL	2018-03-28 21:38:00	2018-03-28 21:43:00	2018-03-28 21:55:00	P	DX	2018-03-28 18:58:59	10.0	93.0	M	14.0	300.0	9.0	6.21		FEW	BKN	M	1800.0	2200.0							-1.0	80.0	18.0	1.55		SCT	OVC	M	1100.0	2700.0						
465512	2018-03-28 00:00:00	1034.0	CSTTE	319	AIRBUS A319-111	NB	OPO	2018-03-28 18:35:00	2018-03-28 19:21:00	2018-03-28 19:28:00	BCN	2018-03-28 20:46:00	2018-03-28 20:54:00	2018-03-28 20:20:00	J	TP	2018-03-28 19:35:25	11.0	16.0	0	11.0	340.0	8.0	6.21		SCT	SCT	M	1200.0	4900.0							13.0	50.0	10.0	6.21		FEW	M	M	2000.0							
465513	2018-03-28 00:00:00	74.0	CSTOF	332	AIRBUS A330-200	WB	GIG	2018-03-28 18:40:00	2018-03-28 18:36:00	2018-03-28 18:54:00	LIS	2018-03-29 03:36:00	2018-03-29 03:41:00	2018-03-29 04:20:00	J	TP					31.0	150.0	12.0	6.21		FEW	M	M	2500.0								10.0	320.0	5.0	6.21		FEW	SCT	M	1800.0	4200.0						
465514	2018-03-28 00:00:00	838.0	CSTNJ	320	AIRBUS A320-211	NB	LIS	2018-03-28 18:45:00	2018-03-28 19:16:00	2018-03-28 19:29:00	FCO	2018-03-28 21:50:00	2018-03-28 21:55:00	2018-03-28 21:35:00	J	TP	2018-03-28 20:03:59	6.0	89.0	0	13.0	300.0	6.0	6.21		SCT	SCT	M	1600.0	3400.0							12.0	130.0	9.0	6.21		FEW	SCT	M	1500.0	3000.0						
465515	2018-03-28 00:00:00	347.0	CSTPR	E90	EMBRAER 190	PGA	LCY	2018-03-28 18:50:00	2018-03-28 19:25:00	2018-03-28 19:35:00	LIS	2018-03-28 22:08:00	2018-03-28 22:10:00	2018-03-28 21:25:00	J	NI	2018-03-29 08:43:59	19.0	32.0	0	7.0	240.0	8.0	6.21		NCD	M	M									12.0	330.0	8.0	6.21		SCT	M	M	1000.0							
465516	2018-03-28 00:00:00	367.0	CSTTR	319	AIRBUS A319-111	NB	LHR	2018-03-28 18:50:00	2018-03-28 18:54:00	2018-03-28 19:04:00	LIS	2018-03-28 21:24:00	2018-03-28 21:29:00	2018-03-28 21:30:00	J	TP	2018-03-28 19:13:17	4.0	89.0	0	5.0	260.0	7.0	6.21		NCD	M	M									13.0	300.0	7.0	6.21		FEW	BKN	M	800.0	1200.0						
465517	2018-03-28 00:00:00	458.0	CSTTQ	319	AIRBUS A319-111	NB	OPO	2018-03-28 18:50:00	2018-03-28 19:14:00	2018-03-28 19:23:00	ORY	2018-03-28 20:58:00	2018-03-28 21:03:00	2018-03-28 20:55:00	J	TP	2018-03-28 19:32:19	4.0	89.0	0	11.0	330.0	9.0	6.21		SCT	BKN	BKN	1200.0	1900.0	4900.0						4.0	260.0	6.0	6.21		FEW	M	M	3300.0							
465518	2018-03-28 00:00:00	449.0	CSTTS	319	AIRBUS A319-111	NB	ORY	2018-03-28 18:55:00	2018-03-28 19:18:00	2018-03-28 19:27:00	LIS	2018-03-28 21:50:00	2018-03-28 21:54:00	2018-03-28 21:20:00	J	TP	2018-03-28 19:41:21	23.0	93.0	R	6.0	290.0	9.0	6.21		FEW	M	M	3300.0								12.0	330.0	8.0	6.21		SCT	M	M	1000.0							
465519	2018-03-28 00:00:00	642.0	CSTNT	320	AIRBUS A320-211	NB	LIS	2018-03-28 18:55:00	2018-03-28 19:21:00	2018-03-28 19:32:00	BRU	2018-03-28 21:40:00	2018-03-28 21:44:00	2018-03-28 21:35:00	J	TP	2018-03-28 20:00:59	2.0	89.0	0	13.0	300.0	6.0	6.21		SCT	SCT	M	1600.0	3400.0							4.0	270.0	10.0	6.21		BKN	M	M	1200.0							
465520	2018-03-28 00:00:00	584.0	CSTPW	E90	EMBRAER 190	PGA	LIS	2018-03-28 19:00:00	2018-03-28 19:08:00	2018-03-28 19:19:00	CGN	2018-03-28 21:30:00	2018-03-28 21:35:00	2018-03-28 21:50:00	J	NI	2018-03-28 19:20:59	8.0	89.0	0	13.0	290.0	8.0	6.21		FEW	BKN	M	1600.0	3600.0							5.0	280.0	21.0	6.21		BKN	M	M	1500.0							
465521	2018-03-28 00:00:00	1714.0	CSTTN	319	AIRBUS A319-111	NB	FNC	2018-03-28 19:00:00	2018-03-28 19:16:00	2018-03-28 19:23:00	OPO	2018-03-28 20:58:00	2018-03-28 21:02:00	2018-03-28 20:50:00	J	TP	2018-03-29 08:43:59	16.0	93.0	R	16.0	20.0	18.0	6.21		FEW	M	M	1500.0								10.0	340.0	7.0	6.21		FEW	M	M	1500.0							
465522	2018-03-28 00:00:00	1970.0	CSDJC	AT7	ATR 72	WI	LIS	2018-03-28 19:00:00	2018-03-28 19:47:00	2018-03-28 19:57:00	OPO	2018-03-28 20:42:00	2018-03-28 20:47:00	2018-03-28 20:00:00	J	WI	2018-03-28 19:59:59	1.0	89.0	0	13.0	300.0	5.0	6.21		FEW	BKN	M	1200.0	1800.0							10.0	340.0	7.0	6.21		FEW	M	M	1500.0							
465523	2018-03-28 00:00:00	2582.0	CSTON	332	AIRBUS A330-200	WB	POA	2018-03-28 19:00:00	2018-03-28 19:25:00	2018-03-28 19:38:00	LIS	2018-03-29 05:45:00	2018-03-29 05:52:00	2018-03-29 05:40:00	G	TP	2018-03-28 21:04:33	10.0	89.0	0	26.0	160.0	4.0	6.21		SCT	BKN	M	2000.0	4000.0							10.0	280.0	2.0	6.21		FEW	BKN	M	2700.0	3500.0						
465524	2018-03-28 00:00:00	1060.0	CSDJG	AT7	ATR 72	WI	LIS	2018-03-28 19:05:00	2018-03-28 19:14:00	2018-03-28 19:22:00	BIO	2018-03-28 20:58:00	2018-03-28 21:03:00	2018-03-28 21:10:00	J	WI	2018-03-28 19:22:59	9.0	89.0	0	13.0	290.0	8.0	6.21		FEW	BKN	M	1600.0	3600.0							10.0	320.0	9.0	4.35		SCT	SCT	BKN	1000.0	1500.0	3000.0					
465525	2018-03-28 00:00:00	1113.0	CSDJA	AT7	ATR 72	WI	OVD	2018-03-28 19:10:00	2018-03-28 19:02:00	2018-03-28 19:05:00	LIS	2018-03-28 20:45:00	2018-03-28 20:49:00	2018-03-28 20:55:00	J	WI					9.0	280.0	7.0	2.49		FEW	SCT	BKN	400.0	1000.0	3000.0						13.0	280.0	7.0	6.21		BKN	M	M	1000.0							
465526	2018-03-28 00:00:00	1006.0	CSTPT	E90	EMBRAER 190	PGA	OPO	2018-03-28 19:15:00	2018-03-28 19:24:00	2018-03-28 19:31:00	MAD	2018-03-28 20:16:00	2018-03-28 20:21:00	2018-03-28 20:25:00	J	NI	2018-03-28 19:38:15	9.0	93.0	Q	11.0	340.0	8.0	6.21		SCT	SCT	M	1200.0	4900.0							16.0	270.0	11.0	6.21		M	M	M								
465527	2018-03-28 00:00:00	362.0	CSTTI	319	AIRBUS A319-111	NB	LIS	2018-03-28 19:20:00	2018-03-28 19:29:00	2018-03-28 19:40:00	LHR	2018-03-28 21:42:00	2018-03-28 21:52:00	2018-03-28 21:55:00	J	TP	2018-03-28 19:41:59	9.0	93.0	M	13.0	300.0	6.0	6.21		SCT	SCT	M	1600.0	3400.0							4.0	240.0	6.0	6.21		NCD	M	M								
465528	2018-03-28 00:00:00	946.0	CSTTJ	319	AIRBUS A319-111	NB	LIS	2018-03-28 19:25:00	2018-03-28 19:29:00	2018-03-28 19:37:00	GVA	2018-03-28 21:25:00	2018-03-28 21:31:00	2018-03-28 21:45:00	J	TP	2018-03-28 19:37:59	4.0	89.0	0	13.0	300.0	6.0	6.21		SCT	SCT	M	1600.0	3400.0							9.0	190.0	9.0	6.21		FEW	SCT	BKN	1500.0	3500.0	6000.0					
465529	2018-03-28 00:00:00	1959.0	CSDJE	AT7	ATR 72	WI	OPO	2018-03-28 19:30:00	2018-03-28 20:25:00	2018-03-28 20:32:00	LIS	2018-03-28 21:17:00	2018-03-28 21:22:00	2018-03-28 20:30:00	J	WI	2018-03-28 20:37:44	55.0	93.0	R	10.0	330.0	7.0	6.21		FEW	SCT	M	2000.0	3000.0							13.0	300.0	7.0	6.21		FEW	BKN	M	800.0	1200.0						
465530	2018-03-28 00:00:00	1485.0	CSTJE	321	AIRBUS A321-211	NB	LIS	2018-03-28 19:50:00	2018-03-28 20:18:00	2018-03-28 20:35:00	DSS	2018-03-29 00:22:00	2018-03-29 00:27:00	2018-03-28 23:50:00	J	TP	2018-03-28 20:38:59	10.0	89.0	0	13.0	290.0	7.0	6.21		FEW	BKN	M	1100.0	1400.0							19.0	350.0	17.0	6.21		M	M	M								
465531	2018-03-28 00:00:00	828.0	CSTNU	320	AIRBUS A320-211	NB	LIS	2018-03-28 19:55:00	2018-03-28 20:20:00	2018-03-28 20:33:00	MXP	2018-03-28 22:31:00	2018-03-28 22:36:00	2018-03-28 22:30:00	J	TP	2018-03-28 20:43:59	2.0	89.0	0	13.0	290.0	7.0	6.21		FEW	BKN	M	1100.0	1400.0							12.0	190.0	5.0	6.21		BKN	M	M	3000.0							
465532	2018-03-28 00:00:00	58.0	CSTOO	332	AIRBUS A330-200	WB	BSB	2018-03-28 20:00:00	2018-03-28 20:07:00	2018-03-28 20:21:00	LIS	2018-03-29 04:56:00	2018-03-29 05:02:00	2018-03-29 05:00:00	J	TP	2018-03-28 20:45:46	1.0	89.0	0	26.0	90.0	8.0	6.21		FEW	M	M	4500.0								9.0	290.0	3.0	6.21		FEW	M	M	4500.0							
465533	2018-03-28 00:00:00	104.0	CSTOU	333	AIRBUS A330-300	WB	CNF	2018-03-28 20:00:00	2018-03-28 20:01:00	2018-03-28 20:15:00	LIS	2018-03-29 04:51:00	2018-03-29 04:56:00	2018-03-29 05:10:00	J	TP	2018-03-28 20:31:38	1.0	93.0	G	25.0	70.0	6.0	6.21		SCT	M	M	4500.0								9.0	290.0	3.0	6.21		FEW	M	M	4500.0							
465534	2018-03-28 00:00:00	1533.0	CSTTG	319	AIRBUS A319-111	NB	LIS	2018-03-28 20:00:00	2018-03-28 20:19:00	2018-03-28 20:30:00	RAI	2018-03-29 00:45:00	2018-03-29 00:51:00	2018-03-29 00:15:00	J	TP	2018-03-28 20:41:59	19.0	2.0	0	13.0	290.0	7.0	6.21		FEW	BKN	M	1100.0	1400.0							21.0	20.0	15.0	6.21		FEW	SCT	M	1700.0	10000.0						
465535	2018-03-28 00:00:00	494.0	CSTPQ	E90	EMBRAER 190	PGA	LIS	2018-03-28 20:05:00	2018-03-28 21:27:00	2018-03-28 21:41:00	TLS	2018-03-28 23:00:00	2018-03-28 23:03:00	2018-03-28 21:55:00	J	NI	2018-03-28 21:51:59	10.0	89.0	0	13.0	300.0	7.0	6.21		FEW	BKN	M	800.0	1200.0							11.0	250.0	9.0	6.21		BKN	BKN	OVC	3000.0	5600.0	7600.0					
465536	2018-03-28 00:00:00	1021.0	FHBIS	320	AIRBUS A320-211	NB	MAD	2018-03-28 20:05:00	2018-03-28 21:05:00	2018-03-28 21:20:00	LIS	2018-03-28 22:25:00	2018-03-28 22:33:00	2018-03-28 21:25:00	J	TP	2018-03-29 13:52:59	7.0	89.0	0	15.0	280.0	13.0	6.21		M	M	M									12.0	340.0	9.0	6.21		FEW	SCT	M	800.0	1000.0						
465537	2018-03-28 00:00:00	337.0	CSTPP	E90	EMBRAER 190	PGA	LGW	2018-03-28 20:10:00	2018-03-28 20:17:00	2018-03-28 20:28:00	OPO	2018-03-28 22:27:00	2018-03-28 22:32:00	2018-03-28 22:30:00	J	NI	2018-03-28 20:30:35	7.0	93.0	0	4.0	220.0	5.0	6.21		SCT	M	M	3400.0								9.0	340.0	5.0	6.21		FEW	M	M	1500.0							
465538	2018-03-28 00:00:00	1090.0	CSDJB	AT7	ATR 72	WI	LIS	2018-03-28 20:10:00	2018-03-28 20:48:00	2018-03-28 21:00:00	VLC	2018-03-28 22:31:00	2018-03-28 22:35:00	2018-03-28 22:15:00	J	WI	2018-03-28 21:01:59	1.0	89.0	0	13.0	280.0	7.0	6.21		BKN	M	M	1000.0								21.0	200.0	8.0	6.21		M	M	M								
465539	2018-03-28 00:00:00	224.0	CSTOX	333	AIRBUS A330-300	WB	MIA	2018-03-28 20:15:00	2018-03-28 20:23:00	2018-03-28 20:39:00	LIS	2018-03-29 04:22:00	2018-03-29 04:28:00	2018-03-29 04:20:00	J	TP	2018-03-28 21:13:41	8.0	89.0	0		110.0	13.0	10.0	20.0	BKN	M	M	3800.0								10.0	300.0	4.0	6.21		FEW	M	M	4500.0							
465540	2018-03-28 00:00:00	1968.0	CSTPO	E90	EMBRAER 190	PGA	LIS	2018-03-28 20:15:00	2018-03-28 20:42:00	2018-03-28 20:54:00	OPO	2018-03-28 21:25:00	2018-03-28 21:31:00	2018-03-28 21:10:00	J	NI	2018-03-28 20:55:59	27.0	95.0	0	13.0	290.0	7.0	6.21		FEW	BKN	M	1100.0	1400.0							10.0	340.0	7.0	6.21		FEW	M	M	1500.0							
465541	2018-03-28 00:00:00	817.0	CSTTU	319	AIRBUS A319-111	NB	MXP	2018-03-28 20:20:00	2018-03-28 20:23:00	2018-03-28 20:31:00	OPO	2018-03-28 22:56:00	2018-03-28 23:00:00	2018-03-28 23:05:00	J	TP	2018-03-28 20:54:45	3.0	89.0	0	13.0	220.0	6.0	6.21		BKN	M	M	3000.0								8.0	330.0	3.0	6.21		FEW	M	M	1500.0							
465542	2018-03-28 00:00:00	1048.0	CSTNN	320	AIRBUS A320-211	NB	LIS	2018-03-28 20:30:00	2018-03-28 21:10:00	2018-03-28 21:25:00	BCN	2018-03-28 22:43:00	2018-03-28 22:55:00	2018-03-28 22:20:00	J	TP	2018-03-29 15:44:59	15.0	17.0	B	13.0	280.0	7.0	6.21		BKN	M	M	1000.0								13.0	40.0	9.0	6.21		FEW	M	M	2000.0							
465543	2018-03-28 00:00:00	1971.0	CSDJC	AT7	ATR 72	WI	OPO	2018-03-28 20:30:00	2018-03-28 21:17:00	2018-03-28 21:28:00	LIS	2018-03-28 22:18:00	2018-03-28 22:21:00	2018-03-28 21:30:00	J	WI	2018-03-28 21:32:45	47.0	93.0	R	10.0	340.0	7.0	6.21		FEW	M	M	1500.0								12.0	340.0	9.0	6.21		FEW	SCT	M	800.0	1000.0						
465544	2018-03-28 00:00:00	1047.0	CSTPU	E90	EMBRAER 190	PGA	BCN	2018-03-28 20:35:00	2018-03-28 20:33:00	2018-03-28 20:49:00	LIS	2018-03-28 22:36:00	2018-03-28 22:40:00	2018-03-28 22:30:00	J	NI					14.0	60.0	11.0	6.21		M	M	M									12.0	340.0	9.0	6.21		FEW	SCT	M	800.0	1000.0						
465545	2018-03-28 00:00:00	478.0	CSTTZ	E95	EMBRAER 195	PGA	LIS	2018-03-28 20:40:00	2018-03-28 21:10:00	2018-03-28 21:23:00	LYS	2018-03-28 23:05:00	2018-03-28 23:10:00	2018-03-28 22:55:00	J	NI	2018-03-28 21:24:59	30.0	93.0	C	13.0	280.0	7.0	6.21		BKN	M	M	1000.0								10.0	140.0	4.0	6.21		SCT	OVC	M	2600.0	3100.0						
465546	2018-03-28 00:00:00	1136.0	CSDJH	AT7	ATR 72	WI	LIS	2018-03-28 20:40:00	2018-03-28 21:05:00	2018-03-28 21:20:00	AGP	2018-03-28 22:27:00	2018-03-28 22:32:00	2018-03-28 22:10:00	J	WI	2018-03-28 21:31:59	7.0	89.0	0	13.0	280.0	7.0	6.21		BKN	M	M	1000.0								16.0	290.0	9.0	6.21		M	M	M								
465547	2018-03-28 00:00:00	1691.0	CSTTP	319	AIRBUS A319-111	NB	LIS	2018-03-28 20:50:00	2018-03-28 21:39:00	2018-03-28 21:59:00	FNC	2018-03-28 23:33:00	2018-03-28 23:36:00	2018-03-28 22:35:00	J	TP	2018-03-28 22:05:59	19.0	89.0	0	13.0	300.0	7.0	6.21		FEW	BKN	M	800.0	1200.0							16.0	30.0	19.0	6.21		SCT	M	M	1500.0							
465548	2018-03-28 00:00:00	2204.0	CSTNH	320	AIRBUS A320-211	NB	LIS	2018-03-28 20:50:00	2018-03-28 21:21:00	2018-03-28 21:35:00	MAD	2018-03-28 22:23:00	2018-03-28 22:36:00	2018-03-28 22:05:00	J	TP	2018-03-28 21:42:59	6.0	19.0	A	13.0	300.0	7.0	6.21		FEW	BKN	M	800.0	1200.0							14.0	270.0	12.0	6.21		M	M	M								
465549	2018-03-28 00:00:00	1688.0	CSTTF	319	AIRBUS A319-111	NB	FNC	2018-03-28 20:55:00	2018-03-28 20:52:00	2018-03-28 21:01:00	LIS	2018-03-28 22:20:00	2018-03-28 22:30:00	2018-03-28 22:30:00	J	TP					16.0	20.0	24.0	6.21		FEW	M	M	1500.0								12.0	340.0	9.0	6.21		FEW	SCT	M	800.0	1000.0						
465550	2018-03-28 00:00:00	1009.0	CSTPT	E90	EMBRAER 190	PGA	MAD	2018-03-28 21:05:00	2018-03-28 21:13:00	2018-03-28 21:31:00	OPO	2018-03-28 22:24:00	2018-03-28 22:31:00	2018-03-28 22:20:00	J	NI	2018-03-28 21:50:37	2.0	89.0	0	15.0	280.0	13.0	6.21		M	M	M									9.0	340.0	5.0	6.21		FEW	M	M	1500.0							
465551	2018-03-28 00:00:00	1031.0	CSTTE	319	AIRBUS A319-111	NB	BCN	2018-03-28 21:05:00	2018-03-28 21:45:00	2018-03-28 21:53:00	OPO	2018-03-28 23:25:00	2018-03-28 23:29:00	2018-03-28 22:55:00	J	TP	2018-03-28 22:00:36	6.0	16.0	H	13.0	50.0	8.0	6.21		FEW	M	M	2000.0								8.0	340.0	4.0	6.21		FEW	M	M	1500.0							
465552	2018-03-28 00:00:00	1104.0	CSDJF	AT7	ATR 72	WI	LIS	2018-03-28 21:05:00	2018-03-28 21:16:00	2018-03-28 21:33:00	SVQ	2018-03-28 22:20:00	2018-03-28 22:25:00	2018-03-28 22:15:00	J	WI	2018-03-28 21:33:59	11.0	89.0	0	13.0	300.0	7.0	6.21		FEW	BKN	M	800.0	1200.0							13.0		1.0	6.21		M	M	M								
465553	2018-03-28 00:00:00	1432.0	CSDJE	AT7	ATR 72	WI	LIS	2018-03-28 21:10:00	2018-03-28 22:05:00	2018-03-28 22:25:00	TNG	2018-03-28 23:35:00	2018-03-28 23:40:00	2018-03-28 22:40:00	J	WI	2018-03-28 22:33:59	4.0	89.0	0	12.0	330.0	8.0	6.21		SCT	M	M	1000.0								11.0		1.0	1.24		SCT	SCT	M	600.0	20000.0						
465554	2018-03-28 00:00:00	1823.0	CSTNX	320	AIRBUS A320-211	NB	LIS	2018-03-28 21:10:00	2018-03-28 21:29:00	2018-03-28 21:54:00	TER	2018-03-29 00:13:00	2018-03-29 00:18:00	2018-03-28 23:40:00	J	TP	2018-03-28 22:20:59	17.0	95.0	B	13.0	300.0	7.0	6.21		FEW	BKN	M	800.0	1200.0							12.0			6.21		BKN	M	M	4000.0							
465555	2018-03-28 00:00:00	1958.0	FHBAL	319	AIRBUS A319-111	NB	LIS	2018-03-28 21:30:00	2018-03-28 22:18:00	2018-03-28 22:28:00	OPO	2018-03-28 22:58:00	2018-03-28 23:03:00	2018-03-28 22:25:00	J	TP	2018-03-28 22:36:59	5.0	15.0	D	12.0	340.0	9.0	6.21		FEW	SCT	M	800.0	1000.0							8.0	330.0	3.0	6.21		FEW	M	M	1500.0							
465556	2018-03-28 00:00:00	202.0	CSTOV	333	AIRBUS A330-300	WB	EWR	2018-03-28 21:45:00	2018-03-28 22:16:00	2018-03-28 22:38:00	LIS	2018-03-29 04:42:00	2018-03-29 04:49:00	2018-03-29 04:35:00	J	TP	2018-03-28 22:58:42	11.0	89.0	0		230.0	4.0	9.0		BKN	OVC	M	6000.0	7500.0							9.0	290.0	3.0	6.21		FEW	M	M	4500.0							
465557	2018-03-28 00:00:00	1909.0	CSTJH	321	AIRBUS A321-211	NB	LIS	2018-03-28 22:05:00	2018-03-28 22:41:00	2018-03-28 22:49:00	FAO	2018-03-28 23:13:00	2018-03-28 23:17:00	2018-03-28 22:50:00	J	TP	2018-03-28 22:53:59	36.0	91.0	0	12.0	340.0	9.0	6.21		FEW	SCT	M	800.0	1000.0							13.0	320.0	8.0	6.21		M	M	M								
465558	2018-03-28 00:00:00	1232.0	CSTNQ	320	AIRBUS A320-211	NB	LIS	2018-03-28 22:10:00	2018-03-28 23:15:00	2018-03-28 23:25:00	DME	2018-03-29 03:54:00	2018-03-29 04:01:00	2018-03-29 03:25:00	J	TP	2018-03-28 23:36:59	11.0	31.0	C	12.0	330.0	3.0	6.21		FEW	SCT	M	800.0	1200.0							-13.0		1.94	6.21		M	M	M								
465559	2018-03-28 00:00:00	1525.0	CSTNR	320	AIRBUS A320-211	NB	LFW	2018-03-28 22:10:00	2018-03-28 21:54:00	2018-03-28 22:04:00	ACC	2018-03-28 22:26:00	2018-03-28 22:30:00	2018-03-28 22:55:00	J	TP					29.0	220.0	11.0	6.21		FEW	M	M	1300.0								28.0	210.0	9.0	6.21		M	M	M								
465560	2018-03-28 00:00:00	1693.0	CSTNL	320	AIRBUS A320-211	NB	LIS	2018-03-28 22:10:00	2018-03-28 23:08:00	2018-03-28 23:19:00	FNC	2018-03-29 00:54:00	2018-03-29 00:57:00	2018-03-28 23:55:00	J	TP	2018-03-28 23:21:59	34.0	95.0	A	12.0	330.0	3.0	6.21		FEW	SCT	M	800.0	1200.0							16.0	30.0	17.0	6.21		SCT	M	M	1500.0							
465561	2018-03-28 00:00:00	1928.0	CSTTR	319	AIRBUS A319-111	NB	LIS	2018-03-28 22:15:00	2018-03-28 22:56:00	2018-03-28 23:03:00	OPO	2018-03-28 23:31:00	2018-03-28 23:35:00	2018-03-28 23:10:00	J	TP	2018-03-28 23:06:59	41.0	95.0	B	12.0	330.0	3.0	6.21		FEW	SCT	M	800.0	1200.0							8.0	340.0	4.0	6.21		FEW	M	M	1500.0							
465562	2018-03-28 00:00:00	87.0	CSTOB	343	AIRBUS A340-312	WB	LIS	2018-03-28 22:20:00	2018-03-28 22:30:00	2018-03-28 22:43:00	GRU	2018-03-29 08:09:00	2018-03-29 08:17:00	2018-03-29 08:20:00	J	TP	2018-03-28 22:51:59	10.0	15.0	A	12.0	340.0	9.0	6.21		FEW	SCT	M	800.0	1000.0							20.0	80.0	2.0	4.35		BKN	M	M	600.0							
465563	2018-03-28 00:00:00	75.0	CSTOQ	332	AIRBUS A330-200	WB	LIS	2018-03-28 22:25:00	2018-03-28 23:18:00	2018-03-28 23:29:00	GIG	2018-03-29 09:03:00	2018-03-29 09:07:00	2018-03-29 08:20:00	J	TP	2018-03-28 23:33:59	53.0	93.0	J	12.0	340.0	5.0	6.21		FEW	M	M	1200.0								24.0	320.0	4.0	6.21		FEW	SCT	M	900.0	1800.0						
465564	2018-03-28 00:00:00	792.0	CSTQD	320	AIRBUS A320-211	NB	LIS	2018-03-28 22:25:00	2018-03-28 23:00:00	2018-03-28 23:09:00	HEL	2018-03-29 03:04:00	2018-03-29 03:08:00	2018-03-29 03:00:00	J	TP	2018-03-28 23:18:59	3.0	89.0	0	12.0	330.0	3.0	6.21		FEW	SCT	M	800.0	1200.0							-10.0	330.0	3.0	6.21		M	M	M								
465565	2018-03-28 00:00:00	289.0	CSTOC	343	AIRBUS A340-312	WB	LIS	2018-03-28 22:35:00	2018-03-28 22:42:00	2018-03-28 22:55:00	LAD	2018-03-29 06:07:00	2018-03-29 06:17:00	2018-03-29 06:05:00	J	TP	2018-03-28 23:08:59	7.0	58.0	A	12.0	340.0	9.0	6.21		FEW	SCT	M	800.0	1000.0							26.0		3.0	6.21		FEW	BKN	M	2000.0	9000.0						
465566	2018-03-28 00:00:00	218.0	CSTOL	332	AIRBUS A330-200	WB	BOS	2018-03-28 22:40:00	2018-03-28 22:38:00	2018-03-28 22:54:00	LIS	2018-03-29 04:46:00	2018-03-29 04:54:00	2018-03-29 05:05:00	J	TP						110.0	7.0	10.0		FEW	M	M	8500.0								9.0	290.0	3.0	6.21		FEW	M	M	4500.0							
465567	2018-03-28 00:00:00	2394.0	CSTKR	763	BOEING 767-300/300ER		LIS	2018-03-28 22:50:00	2018-03-28 23:09:00	2018-03-28 23:21:00	OTP	2018-03-29 02:55:00	2018-03-29 03:00:00	2018-03-29 02:50:00	J	TP	2018-03-28 23:22:59	19.0	41.0	A	12.0	330.0	3.0	6.21		FEW	SCT	M	800.0	1200.0							0.0	0.0	0.0	0.06		VV 	M	M	100.0							
465568	2018-03-28 00:00:00	80.0	CSTOP	332	AIRBUS A330-200	WB	GRU	2018-03-28 23:50:00	2018-03-29 00:30:00	2018-03-29 00:45:00	OPO	2018-03-29 10:16:00	2018-03-29 10:23:00	2018-03-29 09:50:00	J	TP	2018-03-29 00:51:58	40.0	3.0	C	20.0	190.0	1.0	6.21		M	M	M									12.0	220.0	14.0	6.21		FEW	BKN	M	2200.0	3800.0						
465569	2018-03-28 00:00:00	1525.0	CSTNR	320	AIRBUS A320-211	NB	ACC	2018-03-28 23:55:00	2018-03-29 00:03:00	2018-03-29 00:15:00	LIS	2018-03-29 05:21:00	2018-03-29 05:25:00	2018-03-29 05:20:00	J	TP	2018-03-29 00:31:28	8.0	89.0	0	28.0	220.0	10.0	6.21		FEW	M	M	1500.0								9.0	290.0	2.0	6.21		BKN	M	M	3500.0							
465570	2018-03-29 00:00:00	88.0	CSTOG	332	AIRBUS A330-200	WB	GRU	2018-03-29 00:40:00	2018-03-29 01:02:00	2018-03-29 01:20:00	LIS	2018-03-29 10:34:00	2018-03-29 10:39:00	2018-03-29 10:30:00	J	TP	2018-03-29 01:36:56	22.0	3.0	C	20.0	0.0	0.0	6.21		M	M	M									12.0	300.0	8.0	6.21		FEW	BKN	M	3200.0	4400.0						
465571	2018-03-29 00:00:00	70.0	CSTFM	772	BOEING 777-200		GIG	2018-03-29 00:45:00	2018-03-29 01:28:00	2018-03-29 01:51:00	LIS	2018-03-29 10:28:00	2018-03-29 10:33:00	2018-03-29 10:25:00	J	TP	2018-03-29 06:26:59	43.0	63.0	D	26.0	100.0	5.0	6.21		M	M	M									12.0	300.0	8.0	6.21		FEW	BKN	M	3200.0	4400.0						
465572	2018-03-29 00:00:00	1484.0	CSTJE	321	AIRBUS A321-211	NB	DSS	2018-03-29 00:50:00	2018-03-29 01:49:00		DSS		2018-03-29 02:38:00	2018-03-29 04:45:00	J	TP					19.0	350.0	17.0	6.21		M	M	M									19.0	350.0	18.0	6.21		M	M	M								
465573	2018-03-29 00:00:00	1508.0	CSTNS	320	AIRBUS A320-211	NB	ABJ	2018-03-29 00:50:00	2018-03-29 01:39:00	2018-03-29 01:50:00	LIS	2018-03-29 06:31:00	2018-03-29 06:37:00	2018-03-29 06:00:00	J	TP	2018-04-06 14:06:59	11.0	93.0	Q	28.0	240.0	4.0	6.21		FEW	M	M	1200.0								10.0	0.0	0.0	6.21		FEW	BKN	M	2700.0	4200.0						
465574	2018-03-29 00:00:00	1532.0	CSTTG	319	AIRBUS A319-111	NB	RAI	2018-03-29 01:05:00	2018-03-29 01:53:00	2018-03-29 02:04:00	LIS	2018-03-29 05:38:00	2018-03-29 05:44:00	2018-03-29 05:05:00	J	TP	2018-04-06 14:41:59	4.0	19.0	0	20.0	10.0	12.0	6.21		FEW	M	M	1700.0								9.0	290.0	2.0	6.21		BKN	M	M	3500.0							
465575	2018-03-29 00:00:00	12.0	CSTOK	332	AIRBUS A330-200	WB	REC	2018-03-29 02:10:00	2018-03-29 02:15:00	2018-03-29 02:25:00	LIS	2018-03-29 09:10:00	2018-03-29 09:13:00	2018-03-29 09:35:00	J	TP	2018-03-29 02:34:52	5.0	3.0	C	24.0	170.0	10.0	2.49		BKN	OVC	M	1000.0	4000.0							13.0	290.0	4.0	6.21		FEW	M	M	4800.0							
465576	2018-03-29 00:00:00	21.0	CSTOE	332	AIRBUS A330-200	WB	SSA	2018-03-29 02:20:00	2018-03-29 02:19:00	2018-03-29 02:30:00	LIS	2018-03-29 10:03:00	2018-03-29 10:08:00	2018-03-29 10:25:00	J	TP					27.0	110.0	9.0	6.21		SCT	M	M	2300.0								12.0	290.0	8.0	6.21		FEW	BKN	M	3800.0	4400.0						
465577	2018-03-29 00:00:00	208.0	CSTOM	332	AIRBUS A330-200	WB	JFK	2018-03-29 03:25:00	2018-03-29 03:25:00	2018-03-29 03:40:00	LIS	2018-03-29 09:46:00	2018-03-29 09:52:00	2018-03-29 10:05:00	J	TP						210.0	3.0	10.0		BKN	OVC	M	7000.0	9000.0							12.0	290.0	8.0	6.21		FEW	BKN	M	3800.0	4400.0						
465578	2018-03-29 00:00:00	1325.0	CSTKR	763	BOEING 767-300/300ER		OTP	2018-03-29 03:35:00	2018-03-29 04:15:00	2018-03-29 05:05:00	LIS	2018-03-29 09:36:00	2018-03-29 09:41:00	2018-03-29 08:10:00	J	TP	2018-04-06 12:11:59	10.0	93.0	H	0.0	80.0	3.0	0.19		BKN	OVC	M	100.0	200.0							12.0	280.0	9.0	6.21		FEW	SCT	M	3400.0	4000.0						
465579	2018-03-29 00:00:00	262.0	CSTOH	332	AIRBUS A330-200	WB	YYZ	2018-03-29 03:55:00	2018-03-29 04:01:00	2018-03-29 04:19:00	LIS	2018-03-29 10:43:00	2018-03-29 10:45:00	2018-03-29 10:50:00	J	TP	2018-03-29 04:24:48	6.0	89.0	0	3.0	100.0	5.0	15.0		BKN	M	M	13000.0								12.0	300.0	8.0	6.21		FEW	BKN	M	3200.0	4400.0						
465580	2018-03-29 00:00:00	473.0	CSTTZ	E95	EMBRAER 195	PGA	LYS	2018-03-29 04:00:00	2018-03-29 04:03:00	2018-03-29 04:11:00	LIS	2018-03-29 06:38:00	2018-03-29 06:44:00	2018-03-29 06:30:00	J	NI	2018-03-29 04:20:43	3.0	89.0	0	8.0	0.0	0.0	4.97		FEW	BKN	M	1400.0	3600.0							10.0	0.0	0.0	6.21		FEW	BKN	M	2700.0	4200.0						
465581	2018-03-29 00:00:00	527.0	CSTPS	E90	EMBRAER 190	PGA	STR	2018-03-29 04:00:00	2018-03-29 04:15:00	2018-03-29 04:38:00	LIS	2018-03-29 07:32:00	2018-03-29 07:37:00	2018-03-29 07:10:00	J	NI	2018-03-29 09:10:59	15.0	81.0	0	3.0		2.0	6.21		BKN	M	M	4300.0								10.0	260.0	3.0	6.21		FEW	BKN	M	2400.0	3800.0						
465582	2018-03-29 00:00:00	531.0	CSTNG	320	AIRBUS A320-211	NB	TXL	2018-03-29 04:00:00	2018-03-29 04:06:00	2018-03-29 04:15:00	LIS	2018-03-29 07:38:00	2018-03-29 07:42:00	2018-03-29 07:40:00	J	TP	2018-03-29 04:26:52	6.0	83.0	0	5.0	260.0	22.0	6.21		BKN	M	M	1600.0								10.0	260.0	3.0	6.21		FEW	BKN	M	2400.0	3800.0						
465583	2018-03-29 00:00:00	567.0	CSTTB	319	AIRBUS A319-111	NB	HAM	2018-03-29 04:00:00	2018-03-29 04:45:00	2018-03-29 04:58:00	LIS	2018-03-29 08:08:00	2018-03-29 08:12:00	2018-03-29 07:30:00	J	TP	2018-03-29 05:05:55	15.0	75.0	0	0.0	280.0	6.0	1.37		FEW	BKN	M	200.0	300.0							10.0		2.0	6.21		FEW	BKN	M	2800.0	4200.0						
465584	2018-03-29 00:00:00	753.0	CSTNW	320	AIRBUS A320-211	NB	CPH	2018-03-29 04:00:00	2018-03-29 04:09:00	2018-03-29 04:24:00	LIS	2018-03-29 07:56:00	2018-03-29 08:00:00	2018-03-29 07:45:00	J	TP	2018-03-29 07:38:00	9.0	87.0	0	1.0	80.0	15.0	6.21		M	M	M									10.0		2.0	6.21		FEW	BKN	M	2800.0	4200.0						
465585	2018-03-29 00:00:00	791.0	CSTQD	320	AIRBUS A320-211	NB	HEL	2018-03-29 04:00:00	2018-03-29 04:06:00	2018-03-29 04:24:00	LIS	2018-03-29 08:49:00	2018-03-29 08:52:00	2018-03-29 08:55:00	J	TP	2018-03-29 04:32:46	6.0	87.0	0	-11.0		1.0	6.21		M	M	M									13.0	290.0	4.0	6.21		FEW	M	M	4800.0							
465586	2018-03-29 00:00:00	821.0	CSTNU	320	AIRBUS A320-211	NB	MXP	2018-03-29 04:05:00	2018-03-29 03:59:00	2018-03-29 04:10:00	LIS	2018-03-29 07:01:00	2018-03-29 07:06:00	2018-03-29 07:00:00	J	TP					10.0	360.0	5.0	6.21		BKN	M	M	2000.0								9.0	0.0	0.0	6.21		FEW	BKN	M	2700.0	4000.0						
465587	2018-03-29 00:00:00	949.0	CSTTJ	319	AIRBUS A319-111	NB	GVA	2018-03-29 04:10:00	2018-03-29 04:20:00	2018-03-29 04:31:00	LIS	2018-03-29 07:03:00	2018-03-29 07:08:00	2018-03-29 06:45:00	J	TP	2018-03-29 09:11:59	10.0	85.0	C	7.0	190.0	6.0	6.21		FEW	BKN	M	1000.0	5000.0							9.0	0.0	0.0	6.21		FEW	BKN	M	2700.0	4000.0						
465588	2018-03-29 00:00:00	499.0	CSTPQ	E90	EMBRAER 190	PGA	TLS	2018-03-29 04:15:00	2018-03-29 04:12:00	2018-03-29 04:25:00	LIS	2018-03-29 06:11:00	2018-03-29 06:14:00	2018-03-29 06:15:00	J	NI					8.0	270.0	6.0	6.21		FEW	SCT	BKN	1500.0	4400.0	5200.0						10.0	280.0	2.0	6.21		FEW	BKN	M	2700.0	3500.0						
465589	2018-03-29 00:00:00	571.0	CSTTK	319	AIRBUS A319-111	NB	FRA	2018-03-29 04:15:00	2018-03-29 04:09:00	2018-03-29 04:20:00	LIS	2018-03-29 07:17:00	2018-03-29 07:21:00	2018-03-29 07:25:00	J	TP					5.0	220.0	7.0	6.21		FEW	SCT	BKN	2600.0	3500.0	4800.0						10.0	260.0	3.0	6.21		FEW	BKN	M	2400.0	3800.0						
465590	2018-03-29 00:00:00	837.0	CSTNJ	320	AIRBUS A320-211	NB	FCO	2018-03-29 04:15:00	2018-03-29 04:15:00	2018-03-29 04:28:00	LIS	2018-03-29 07:26:00	2018-03-29 07:26:00	2018-03-29 07:20:00	J	TP	2018-03-29 04:45:47	2.0	89.0	0	12.0	140.0	8.0	6.21		BKN	M	M	4000.0								10.0	260.0	3.0	6.21		FEW	BKN	M	2400.0	3800.0						
465591	2018-03-29 00:00:00	1235.0	CSTNQ	320	AIRBUS A320-211	NB	DME	2018-03-29 04:15:00	2018-03-29 05:02:00	2018-03-29 05:16:00	LIS	2018-03-29 10:46:00	2018-03-29 10:50:00	2018-03-29 10:10:00	J	TP	2018-04-18 14:22:59	6.0	35.0	0	-10.0		1.94	6.21		M	M	M									13.0	290.0	9.0	6.21		FEW	BKN	M	3000.0	3800.0						
465592	2018-03-29 00:00:00	641.0	CSTNT	320	AIRBUS A320-211	NB	BRU	2018-03-29 04:20:00	2018-03-29 04:22:00	2018-03-29 04:33:00	LIS	2018-03-29 07:10:00	2018-03-29 07:15:00	2018-03-29 07:10:00	J	TP	2018-03-29 04:41:58	2.0	89.0	0	4.0	240.0	10.0	6.21		BKN	M	M	900.0								9.0	0.0	0.0	6.21		FEW	BKN	M	2700.0	4000.0						
465593	2018-03-29 00:00:00	929.0	CSTNK	320	AIRBUS A320-211	NB	ZRH	2018-03-29 04:20:00	2018-03-29 04:24:00	2018-03-29 04:40:00	LIS	2018-03-29 07:22:00	2018-03-29 07:29:00	2018-03-29 07:10:00	J	TP	2018-03-29 04:41:58	4.0	83.0	0	5.0	0.0	0.0	6.21		FEW	SCT	BKN	1800.0	3000.0	6000.0						10.0	260.0	3.0	6.21		FEW	BKN	M	2400.0	3800.0						
465594	2018-03-29 00:00:00	1095.0	CSDJB	AT7	ATR 72	WI	VLC	2018-03-29 04:20:00	2018-03-29 04:20:00	2018-03-29 04:36:00	LIS	2018-03-29 06:43:00	2018-03-29 06:47:00	2018-03-29 06:35:00	J	WI					16.0	210.0	7.0	6.21		M	M	M									9.0	0.0	0.0	6.21		FEW	BKN	M	2700.0	4000.0						
465595	2018-03-29 00:00:00	587.0	CSTPW	E90	EMBRAER 190	PGA	CGN	2018-03-29 04:25:00	2018-03-29 04:39:00	2018-03-29 04:57:00	LIS	2018-03-29 07:41:00	2018-03-29 07:44:00	2018-03-29 07:35:00	J	NI	2018-03-29 09:10:59	14.0	83.0	0	4.0	230.0	6.0	6.21		FEW	BKN	M	2300.0	2800.0							10.0	260.0	3.0	6.21		FEW	BKN	M	2400.0	3800.0						
465596	2018-03-29 00:00:00	447.0	CSTTQ	319	AIRBUS A319-111	NB	ORY	2018-03-29 04:30:00	2018-03-29 04:43:00	2018-03-29 04:53:00	LIS	2018-03-29 07:08:00	2018-03-29 07:13:00	2018-03-29 07:00:00	J	TP	2018-03-29 05:06:56	13.0	31.0	0	3.0	250.0	5.0	6.21		M	M	M									9.0	0.0	0.0	6.21		FEW	BKN	M	2700.0	4000.0						
465597	2018-03-29 00:00:00	1431.0	CSDJE	AT7	ATR 72	WI	TNG	2018-03-29 04:35:00	2018-03-29 03:35:00	2018-03-29 03:45:00	LIS	2018-03-29 05:53:00	2018-03-29 05:58:00	2018-03-29 06:05:00	J	WI					13.0	220.0	6.0	3.73		FEW	M	M	600.0								10.0	280.0	2.0	6.21		FEW	BKN	M	2700.0	3500.0						
465598	2018-03-29 00:00:00	1049.0	CSTNN	320	AIRBUS A320-211	NB	BCN	2018-03-29 04:40:00	2018-03-29 04:38:00	2018-03-29 04:54:00	LIS	2018-03-29 06:47:00	2018-03-29 06:51:00	2018-03-29 06:35:00	J	TP					12.0	330.0	4.0	6.21		FEW	M	M	2000.0								9.0	0.0	0.0	6.21		FEW	BKN	M	2700.0	4000.0						
465599	2018-03-29 00:00:00	1137.0	CSDJH	AT7	ATR 72	WI	AGP	2018-03-29 04:40:00	2018-03-29 05:00:00	2018-03-29 05:14:00	LIS	2018-03-29 06:29:00	2018-03-29 06:33:00	2018-03-29 06:15:00	J	WI	2018-03-29 05:26:55	10.0	31.0	0	15.0	280.0	9.0	6.21		M	M	M									10.0	0.0	0.0	6.21		FEW	BKN	M	2700.0	4200.0						
465600	2018-03-29 00:00:00	361.0	CSTTI	319	AIRBUS A319-111	NB	LHR	2018-03-29 05:00:00	2018-03-29 05:00:00	2018-03-29 05:15:00	LIS	2018-03-29 07:34:00	2018-03-29 07:41:00	2018-03-29 07:35:00	J	TP					1.0	170.0	3.0	6.21		NCD	M	M									10.0	260.0	3.0	6.21		FEW	BKN	M	2400.0	3800.0						
465601	2018-03-29 00:00:00	669.0	CSTMW	320	AIRBUS A320-211	NB	AMS	2018-03-29 05:00:00	2018-03-29 05:23:00	2018-03-29 05:35:00	LIS	2018-03-29 08:30:00	2018-03-29 08:36:00	2018-03-29 08:00:00	J	TP	2018-03-29 10:58:59	6.0	89.0	0	4.0	220.0	8.0	2.98		SCT	M	M	1200.0								11.0	270.0	3.0	6.21		FEW	BKN	M	2800.0	4400.0						
465602	2018-03-29 00:00:00	1101.0	CSDJF	AT7	ATR 72	WI	SVQ	2018-03-29 05:00:00	2018-03-29 05:00:00	2018-03-29 05:05:00	LIS	2018-03-29 06:01:00	2018-03-29 06:07:00	2018-03-29 06:10:00	J	WI					11.0	320.0	4.0	6.21		M	M	M									10.0	280.0	2.0	6.21		FEW	BKN	M	2700.0	3500.0						
465603	2018-03-29 00:00:00	1670.0	CSTNL	320	AIRBUS A320-211	NB	FNC	2018-03-29 05:00:00	2018-03-29 05:02:00	2018-03-29 05:10:00	LIS	2018-03-29 06:27:00	2018-03-29 06:31:00	2018-03-29 06:35:00	J	TP	2018-03-29 05:10:50	2.0	83.0	0	15.0	20.0	13.0	6.21		SCT	M	M	1500.0								10.0	0.0	0.0	6.21		FEW	BKN	M	2700.0	4200.0						
465604	2018-03-29 00:00:00	1900.0	CSTJH	321	AIRBUS A321-211	NB	FAO	2018-03-29 05:00:00	2018-03-29 05:59:00	2018-03-29 06:09:00	LIS	2018-03-29 06:40:00	2018-03-29 06:47:00	2018-03-29 05:45:00	J	TP	2018-03-29 06:14:50	59.0	64.0	0	12.0	310.0	6.0	6.21		FEW	M	M	2000.0								9.0	0.0	0.0	6.21		FEW	BKN	M	2700.0	4000.0						
465605	2018-03-29 00:00:00	1711.0	CSTTN	319	AIRBUS A319-111	NB	OPO	2018-03-29 05:05:00	2018-03-29 05:33:00	2018-03-29 05:41:00	FNC	2018-03-29 07:30:00	2018-03-29 07:36:00	2018-03-29 07:00:00	J	TP	2018-03-29 05:59:01	6.0	89.0	0	9.0		2.0	6.21		FEW	SCT	M	1800.0	3500.0							16.0	10.0	16.0	6.21		SCT	SCT	M	1500.0	2800.0						
465606	2018-03-29 00:00:00	1065.0	CSDJG	AT7	ATR 72	WI	BIO	2018-03-29 05:10:00	2018-03-29 05:00:00	2018-03-29 05:15:00	LIS	2018-03-29 07:13:00	2018-03-29 07:16:00	2018-03-29 07:20:00	J	WI					9.0	110.0	3.0	6.21		SCT	BKN	M	4100.0	6700.0							10.0	260.0	3.0	6.21		FEW	BKN	M	2400.0	3800.0						
465607	2018-03-29 00:00:00	1921.0	CSTPP	E90	EMBRAER 190	PGA	OPO	2018-03-29 05:15:00	2018-03-29 05:27:00	2018-03-29 05:36:00	LIS	2018-03-29 06:13:00	2018-03-29 06:20:00	2018-03-29 06:15:00	J	NI	2018-03-29 05:46:03	12.0	63.0	A	9.0		2.0	6.21		FEW	SCT	M	1800.0	3500.0							10.0	0.0	0.0	6.21		FEW	BKN	M	2700.0	4200.0						
465608	2018-03-29 00:00:00	1023.0	CSTNH	320	AIRBUS A320-211	NB	MAD	2018-03-29 05:25:00	2018-03-29 05:22:00	2018-03-29 05:38:00	LIS	2018-03-29 06:45:00	2018-03-29 06:49:00	2018-03-29 06:45:00	J	TP					10.0	220.0	6.0	6.21		SCT	M	M	5000.0								9.0	0.0	0.0	6.21		FEW	BKN	M	2700.0	4000.0						
465609	2018-03-29 00:00:00	436.0	CSTJF	321	AIRBUS A321-211	NB	LIS	2018-03-29 05:30:00	2018-03-29 05:47:00	2018-03-29 05:56:00	ORY	2018-03-29 07:53:00	2018-03-29 08:11:00	2018-03-29 07:55:00	J	TP	2018-03-29 09:19:59	4.0	89.0	0	10.0	280.0	2.0	6.21		FEW	BKN	M	2700.0	3500.0							6.0	230.0	9.0	6.21		FEW	M	M	1400.0							
465610	2018-03-29 00:00:00	452.0	CSTTR	319	AIRBUS A319-111	NB	OPO	2018-03-29 05:30:00	2018-03-29 05:26:00	2018-03-29 05:37:00	ORY	2018-03-29 07:18:00	2018-03-29 07:23:00	2018-03-29 07:35:00	J	TP					9.0		2.0	6.21		FEW	SCT	M	1800.0	3500.0							5.0	230.0	6.0	6.21		FEW	M	M	800.0							
465611	2018-03-29 00:00:00	834.0	CSTJG	321	AIRBUS A321-211	NB	LIS	2018-03-29 05:30:00	2018-03-29 05:35:00	2018-03-29 05:44:00	FCO	2018-03-29 08:06:00	2018-03-29 08:14:00	2018-03-29 08:20:00	J	TP	2018-03-29 09:19:59	5.0	2.0	0	9.0	290.0	2.0	6.21		BKN	M	M	3500.0								16.0	140.0	12.0	6.21		FEW	SCT	M	1200.0	4000.0						
465612	2018-03-29 00:00:00	1030.0	CSTTU	319	AIRBUS A319-111	NB	OPO	2018-03-29 05:30:00	2018-03-29 05:38:00	2018-03-29 05:45:00	BCN	2018-03-29 07:01:00	2018-03-29 07:06:00	2018-03-29 07:15:00	J	TP	2018-03-29 06:00:47	8.0	89.0	0	9.0		2.0	6.21		FEW	SCT	M	1800.0	3500.0							13.0	40.0	7.0	6.21		FEW	M	M	2000.0							
465613	2018-03-29 00:00:00	1044.0	CSTNL	320	AIRBUS A320-211	NB	LIS	2018-03-29 05:45:00	2018-03-29 07:23:00	2018-03-29 07:33:00	BCN	2018-03-29 08:58:00	2018-03-29 09:02:00	2018-03-29 07:35:00	J	TP	2018-03-29 14:13:59	16.0	46.0	A	10.0	260.0	3.0	6.21		FEW	BKN	M	2400.0	3800.0							15.0	140.0	5.0	6.21		FEW	M	M	4000.0							
465614	2018-03-29 00:00:00	443.0	CSTTC	319	AIRBUS A319-111	NB	ORY	2018-03-29 05:50:00	2018-03-29 05:52:00	2018-03-29 06:00:00	LIS	2018-03-29 08:13:00	2018-03-29 08:18:00	2018-03-29 08:20:00	J	TP	2018-03-29 06:21:00	2.0	89.0	0	3.0	220.0	5.0	6.21		M	M	M									11.0	270.0	3.0	6.21		FEW	BKN	M	2800.0	4400.0						
465615	2018-03-29 00:00:00	578.0	CSTNR	320	AIRBUS A320-211	NB	LIS	2018-03-29 05:50:00	2018-03-29 06:35:00	2018-03-29 06:49:00	FRA	2018-03-29 09:11:00	2018-03-29 09:23:00	2018-03-29 08:55:00	J	TP	2018-04-05 16:31:59	15.0	93.0	R	10.0	0.0	0.0	6.21		FEW	BKN	M	2700.0	4200.0							7.0	240.0	13.0	6.21		FEW	SCT	M	3200.0	5000.0						
465616	2018-03-29 00:00:00	1026.0	TSINO	320	AIRBUS A320-211	NB	LIS	2018-03-29 05:55:00	2018-03-29 06:10:00	2018-03-29 06:21:00	MAD	2018-03-29 07:07:00	2018-03-29 07:15:00	2018-03-29 07:10:00	J	TP	2018-03-29 06:37:59	5.0	89.0	0	10.0	280.0	2.0	6.21		FEW	BKN	M	2700.0	3500.0							10.0	230.0	6.0	6.21		SCT	M	M	4800.0							
465617	2018-03-29 00:00:00	344.0	CSTPR	E90	EMBRAER 190	PGA	LIS	2018-03-29 06:00:00	2018-03-29 05:59:00	2018-03-29 06:17:00	LCY	2018-03-29 08:33:00	2018-03-29 08:38:00	2018-03-29 08:40:00	J	NI					10.0	280.0	2.0	6.21		FEW	BKN	M	2700.0	3500.0							8.0	150.0	8.0	6.21		FEW	///	M	3900.0							
465618	2018-03-29 00:00:00	646.0	CSTTH	319	AIRBUS A319-111	NB	LIS	2018-03-29 06:00:00	2018-03-29 06:06:00	2018-03-29 06:16:00	BRU	2018-03-29 08:26:00	2018-03-29 08:33:00	2018-03-29 08:40:00	J	TP	2018-03-29 08:37:59	6.0	2.0	0	10.0	280.0	2.0	6.21		FEW	BKN	M	2700.0	3500.0							6.0	230.0	9.0	6.21		BKN	M	M	1100.0							
465619	2018-03-29 00:00:00	762.0	CSTNY	320	AIRBUS A320-211	NB	LIS	2018-03-29 06:00:00	2018-03-29 06:08:00	2018-03-29 06:19:00	OSL	2018-03-29 09:49:00	2018-03-29 09:54:00	2018-03-29 10:00:00	J	TP	2018-03-29 09:18:59	8.0	42.0	C	10.0	280.0	2.0	6.21		FEW	BKN	M	2700.0	3500.0							-2.0	0.0	0.0	6.21		M	M	M								
465620	2018-03-29 00:00:00	922.0	CSTPO	E90	EMBRAER 190	PGA	OPO	2018-03-29 06:00:00	2018-03-29 06:06:00	2018-03-29 06:19:00	ZRH	2018-03-29 08:29:00	2018-03-29 08:34:00	2018-03-29 08:30:00	J	NI	2018-03-29 09:12:59	6.0	81.0	0	10.0	290.0	3.0	6.21		FEW	SCT	M	2000.0	3500.0							6.0	180.0	5.0	6.21		FEW	BKN	M	1200.0	3000.0						
465621	2018-03-29 00:00:00	1926.0	CSDJA	AT7	ATR 72	WI	LIS	2018-03-29 06:00:00	2018-03-29 05:58:00	2018-03-29 06:08:00	OPO	2018-03-29 06:49:00	2018-03-29 06:54:00	2018-03-29 07:00:00	J	WI					10.0	280.0	2.0	6.21		FEW	BKN	M	2700.0	3500.0							10.0	260.0	4.0	6.21		FEW	SCT	M	2000.0	3500.0						
465622	2018-03-29 00:00:00	336.0	CSTTY	E95	EMBRAER 195	PGA	LIS	2018-03-29 06:05:00	2018-03-29 06:19:00	2018-03-29 06:35:00	LGW	2018-03-29 08:44:00	2018-03-29 08:53:00	2018-03-29 08:45:00	J	NI	2018-03-29 06:39:59	14.0	84.0	0	10.0	0.0	0.0	6.21		FEW	BKN	M	2700.0	4200.0							7.0	150.0	7.0	6.21		FEW	SCT	M	1500.0	3500.0						
465623	2018-03-29 00:00:00	1710.0	CSTTP	319	AIRBUS A319-111	NB	FNC	2018-03-29 06:05:00	2018-03-29 05:53:00	2018-03-29 06:00:00	OPO	2018-03-29 07:34:00	2018-03-29 07:40:00	2018-03-29 07:55:00	J	TP					15.0	10.0	16.0	6.21		SCT	M	M	1500.0								10.0	260.0	4.0	6.21		FEW	BKN	M	2200.0	4800.0						
465624	2018-03-29 00:00:00	322.0	CSTTW	E95	EMBRAER 195	PGA	LIS	2018-03-29 06:10:00	2018-03-29 06:15:00	2018-03-29 06:30:00	MAN	2018-03-29 08:51:00	2018-03-29 08:56:00	2018-03-29 09:00:00	J	NI	2018-03-29 06:31:59	5.0	89.0	0	10.0	280.0	2.0	6.21		FEW	BKN	M	2700.0	3500.0							6.0	150.0	6.0	6.21		SCT	BKN	M	4000.0	4800.0						
465625	2018-03-29 00:00:00	1933.0	CSTTE	319	AIRBUS A319-111	NB	OPO	2018-03-29 06:20:00	2018-03-29 06:24:00	2018-03-29 06:35:00	LIS	2018-03-29 07:20:00	2018-03-29 07:26:00	2018-03-29 07:20:00	J	TP	2018-03-29 06:45:02	4.0	89.0	0	10.0	280.0	3.0	6.21		FEW	SCT	M	2000.0	3500.0							10.0	260.0	3.0	6.21		FEW	BKN	M	2400.0	3800.0						
465626	2018-03-29 00:00:00	2655.0	CSTOA	343	AIRBUS A340-312	WB	LIS	2018-03-29 06:20:00	2018-03-29 06:40:00	2018-03-29 06:55:00	MPM	2018-03-29 17:05:00	2018-03-29 17:12:00	2018-03-29 17:00:00	G	TP	2018-03-29 07:05:59	5.0	89.0	0	10.0	0.0	0.0	6.21		FEW	BKN	M	2700.0	4200.0							26.0	50.0	10.0	6.21		M	M	M								
465627	2018-03-29 00:00:00	1008.0	CSTPT	E90	EMBRAER 190	PGA	OPO	2018-03-29 06:30:00	2018-03-29 06:30:00	2018-03-29 06:39:00	MAD	2018-03-29 07:23:00	2018-03-29 07:27:00	2018-03-29 07:40:00	J	NI					10.0	280.0	3.0	6.21		FEW	SCT	M	2000.0	3500.0							11.0	240.0	7.0	6.21		SCT	M	M	4400.0							
465628	2018-03-29 00:00:00	1679.0	FHBIS	320	AIRBUS A320-211	NB	LIS	2018-03-29 06:30:00	2018-03-29 06:47:00	2018-03-29 06:57:00	FNC	2018-03-29 08:29:00	2018-03-29 08:34:00	2018-03-29 08:15:00	J	TP	2018-03-29 09:18:59	17.0	62.0	0	9.0	0.0	0.0	6.21		FEW	BKN	M	2700.0	4000.0							16.0	10.0	14.0	6.21	26.0	SCT	SCT	M	1500.0	2800.0						
465629	2018-03-29 00:00:00	374.0	CSTTL	319	AIRBUS A319-111	NB	LIS	2018-03-29 06:35:00	2018-03-29 06:40:00	2018-03-29 06:51:00	LHR	2018-03-29 09:19:00	2018-03-29 09:33:00	2018-03-29 09:20:00	J	TP	2018-03-29 06:57:59	5.0	89.0	0	10.0	0.0	0.0	6.21		FEW	BKN	M	2700.0	4200.0							8.0	160.0	11.0	6.21		NCD	M	M								
465630	2018-03-29 00:00:00	1082.0	CSDJC	AT7	ATR 72	WI	LIS	2018-03-29 06:45:00	2018-03-29 06:45:00	2018-03-29 07:00:00	LCG	2018-03-29 08:18:00	2018-03-29 08:21:00	2018-03-29 08:20:00	J	WI					10.0	0.0	0.0	6.21		FEW	BKN	M	2700.0	4200.0							9.0	200.0	7.0	6.21		FEW	M	M	4000.0							
465631	2018-03-29 00:00:00	822.0	CSTJH	321	AIRBUS A321-211	NB	LIS	2018-03-29 06:50:00	2018-03-29 07:42:00	2018-03-29 07:55:00	MXP	2018-03-29 10:02:00	2018-03-29 10:09:00	2018-03-29 09:25:00	J	TP	2018-03-29 08:10:59	5.0	89.0	0	10.0	260.0	3.0	6.21		FEW	BKN	M	2400.0	3800.0							12.0	110.0	4.0	3.11		OVC	M	M	2500.0							
465632	2018-03-29 00:00:00	1106.0	CSDJE	AT7	ATR 72	WI	LIS	2018-03-29 06:50:00	2018-03-29 06:56:00	2018-03-29 07:09:00	SVQ	2018-03-29 07:58:00	2018-03-29 08:02:00	2018-03-29 08:05:00	J	WI	2018-03-29 07:12:59	6.0	89.0	0	9.0	0.0	0.0	6.21		FEW	BKN	M	2700.0	4000.0							13.0	300.0	3.0	6.21		FEW	M	M	2500.0							
465633	2018-03-29 00:00:00	1134.0	CSDJF	AT7	ATR 72	WI	LIS	2018-03-29 06:50:00	2018-03-29 07:11:00	2018-03-29 07:22:00	AGP	2018-03-29 08:38:00	2018-03-29 08:42:00	2018-03-29 08:20:00	J	WI	2018-03-29 07:21:59	21.0	83.0	0	9.0	0.0	0.0	6.21		FEW	BKN	M	2700.0	4000.0							17.0	270.0	13.0	6.21		M	M	M								
465634	2018-03-29 00:00:00	492.0	CSTTX	E95	EMBRAER 195	PGA	LIS	2018-03-29 06:55:00	2018-03-29 06:52:00	2018-03-29 07:04:00	TLS	2018-03-29 08:25:00	2018-03-29 08:31:00	2018-03-29 08:45:00	J	NI					9.0	0.0	0.0	6.21		FEW	BKN	M	2700.0	4000.0							10.0		1.0	6.21		BKN	BKN	BKN	1100.0	2400.0	4300.0					
465635	2018-03-29 00:00:00	404.0	CSTPP	E90	EMBRAER 190	PGA	LIS	2018-03-29 07:00:00	2018-03-29 07:01:00	2018-03-29 07:16:00	MRS	2018-03-29 08:54:00	2018-03-29 09:01:00	2018-03-29 09:15:00	J	NI	2018-03-29 07:18:59	1.0	89.0	0	9.0	0.0	0.0	6.21		FEW	BKN	M	2700.0	4000.0							12.0	230.0	4.0	6.21		M	M	M								
465636	2018-03-29 00:00:00	434.0	CSTNS	320	AIRBUS A320-211	NB	LIS	2018-03-29 07:00:00	2018-03-29 07:35:00	2018-03-29 07:47:00	ORY	2018-03-29 09:49:00	2018-03-29 09:53:00	2018-03-29 09:25:00	J	TP	2018-03-30 07:06:59	8.0	89.0	0	10.0	260.0	3.0	6.21		FEW	BKN	M	2400.0	3800.0							10.0	210.0	12.0	6.21		BKN	M	M	3000.0							
465637	2018-03-29 00:00:00	476.0	CSTPU	E90	EMBRAER 190	PGA	LIS	2018-03-29 07:00:00	2018-03-29 07:05:00	2018-03-29 07:18:00	LYS	2018-03-29 09:01:00	2018-03-29 09:07:00	2018-03-29 09:15:00	J	NI	2018-03-29 07:20:59	5.0	16.0	E	9.0	0.0	0.0	6.21		FEW	BKN	M	2700.0	4000.0							10.0	350.0	4.0	6.21		BKN	BKN	M	2200.0	6300.0						
465638	2018-03-29 00:00:00	1828.0	CSTNX	320	AIRBUS A320-211	NB	TER	2018-03-29 07:00:00	2018-03-29 09:25:00	2018-03-29 09:32:00	LIS	2018-03-29 11:38:00	2018-03-29 11:41:00	2018-03-29 09:15:00	J	TP	2018-03-30 07:10:59	15.0	83.0	0	13.0			6.21		SCT	M	M	3000.0								13.0	280.0	8.0	6.21		FEW	BKN	M	3000.0	4000.0						
465639	2018-03-29 00:00:00	1924.0	CSDJH	AT7	ATR 72	WI	LIS	2018-03-29 07:00:00	2018-03-29 07:16:00	2018-03-29 07:25:00	OPO	2018-03-29 08:09:00	2018-03-29 08:12:00	2018-03-29 08:00:00	J	WI	2018-03-29 07:32:59	3.0	89.0	0	10.0	260.0	3.0	6.21		FEW	BKN	M	2400.0	3800.0							11.0	250.0	4.0	6.21		FEW	BKN	M	2000.0	4800.0						
465640	2018-03-29 00:00:00	1272.0	CSTOL	332	AIRBUS A330-200	WB	LIS	2018-03-29 07:05:00	2018-03-29 09:14:00	2018-03-29 09:31:00	VIE	2018-03-29 12:15:00	2018-03-29 12:22:00	2018-03-29 10:20:00	J	TP	2018-03-29 09:40:59	6.0	89.0	0	13.0	290.0	4.0	6.21		FEW	M	M	4800.0								12.0	260.0	17.0	6.21		FEW	BKN	BKN	3800.0	8000.0	10000.0					
465641	2018-03-29 00:00:00	371.0	CSTNI	320	AIRBUS A320-211	NB	LHR	2018-03-29 07:10:00	2018-03-29 07:10:00	2018-03-29 07:24:00	LIS	2018-03-29 09:40:00	2018-03-29 09:46:00	2018-03-29 09:50:00	J	TP					4.0	170.0	5.0	6.21		FEW	M	M	3100.0								12.0	290.0	8.0	6.21		FEW	BKN	M	3800.0	4400.0						
465642	2018-03-29 00:00:00	412.0	CSTTZ	E95	EMBRAER 195	PGA	LIS	2018-03-29 07:15:00	2018-03-29 07:37:00	2018-03-29 07:48:00	NTE	2018-03-29 09:22:00	2018-03-29 09:27:00	2018-03-29 09:15:00	J	NI	2018-03-29 07:54:59	12.0	89.0	0	10.0	260.0	3.0	6.21		FEW	BKN	M	2400.0	3800.0							8.0	200.0	13.0	6.21		FEW	BKN	BKN	2400.0	3500.0	4200.0					
465643	2018-03-29 00:00:00	1098.0	CSDJB	AT7	ATR 72	WI	LIS	2018-03-29 07:15:00	2018-03-29 07:37:00	2018-03-29 07:52:00	VLC	2018-03-29 09:33:00	2018-03-29 09:38:00	2018-03-29 09:20:00	J	WI	2018-03-29 07:55:59	10.0	89.0	0	10.0	260.0	3.0	6.21		FEW	BKN	M	2400.0	3800.0							18.0	30.0	5.0	6.21		FEW	M	M	2500.0							
465644	2018-03-29 00:00:00	562.0	CSTTS	319	AIRBUS A319-111	NB	LIS	2018-03-29 07:20:00	2018-03-29 07:34:00	2018-03-29 07:46:00	HAM	2018-03-29 10:32:00	2018-03-29 10:36:00	2018-03-29 10:35:00	J	TP	2018-03-29 08:03:59	9.0	89.0	0	10.0	260.0	3.0	6.21		FEW	BKN	M	2400.0	3800.0							3.0	280.0	10.0	6.21		BKN	BKN	M	1200.0	2800.0						
465645	2018-03-29 00:00:00	542.0	CSTPV	E90	EMBRAER 190	PGA	LIS	2018-03-29 07:30:00	2018-03-29 07:49:00	2018-03-29 08:04:00	DUS	2018-03-29 10:26:00	2018-03-29 10:28:00	2018-03-29 10:25:00	J	NI	2018-03-29 08:16:59	19.0	5.0	0	10.0		2.0	6.21		FEW	BKN	M	2800.0	4200.0							8.0	240.0	12.0	6.21		FEW	SCT	BKN	1600.0	2400.0	22000.0					
465646	2018-03-29 00:00:00	574.0	CSTTO	319	AIRBUS A319-111	NB	LIS	2018-03-29 07:30:00	2018-03-29 07:46:00	2018-03-29 07:58:00	FRA	2018-03-29 10:29:00	2018-03-29 10:41:00	2018-03-29 10:35:00	J	TP	2018-03-29 08:16:59	8.0	89.0	0	10.0		2.0	6.21		FEW	BKN	M	2800.0	4200.0							9.0	240.0	9.0	6.21		SCT	SCT	M	4000.0	6500.0						
465647	2018-03-29 00:00:00	952.0	CSTNH	320	AIRBUS A320-211	NB	LIS	2018-03-29 07:30:00	2018-03-29 07:58:00	2018-03-29 08:09:00	GVA	2018-03-29 10:04:00	2018-03-29 10:15:00	2018-03-29 09:50:00	J	TP	2018-03-29 10:21:59	7.0	87.0	A	10.0		2.0	6.21		FEW	BKN	M	2800.0	4200.0							10.0	200.0	13.0	6.21		FEW	BKN	M	1700.0	6000.0						
465648	2018-03-29 00:00:00	1941.0	CSDJA	AT7	ATR 72	WI	OPO	2018-03-29 07:30:00	2018-03-29 07:32:00	2018-03-29 07:40:00	LIS	2018-03-29 08:35:00	2018-03-29 08:39:00	2018-03-29 08:30:00	J	WI	2018-03-29 07:43:59	2.0	89.0	0	10.0	260.0	4.0	6.21		FEW	BKN	M	2200.0	4800.0							11.0	270.0	3.0	6.21		FEW	BKN	M	2800.0	4400.0						
465649	2018-03-29 00:00:00	694.0	CSTTG	319	AIRBUS A319-111	NB	LIS	2018-03-29 07:35:00	2018-03-29 08:02:00	2018-03-29 08:17:00	LUX	2018-03-29 10:29:00	2018-03-29 10:35:00	2018-03-29 10:15:00	J	TP	2018-03-29 08:32:59	7.0	89.0	0	10.0		2.0	6.21		FEW	BKN	M	2800.0	4200.0							7.0	220.0	13.0	6.21		FEW	M	M	2500.0							
465650	2018-03-29 00:00:00	288.0	CSTOC	343	AIRBUS A340-312	WB	LAD	2018-03-29 07:40:00	2018-03-29 07:47:00	2018-03-29 07:54:00	LIS	2018-03-29 15:18:00	2018-03-29 15:23:00	2018-03-29 15:30:00	J	TP	2018-04-03 08:46:59	7.0	93.0	R	28.0	180.0	5.0	6.21		SCT	FEW	BKN	2000.0	2300.0	9000.0						14.0	250.0	13.0	6.21		BKN	M	M	3700.0							
465651	2018-03-29 00:00:00	784.0	CSTNN	320	AIRBUS A320-211	NB	LIS	2018-03-29 07:45:00	2018-03-29 08:10:00	2018-03-29 08:24:00	ARN	2018-03-29 11:58:00	2018-03-29 12:05:00	2018-03-29 12:00:00	J	TP	2018-03-30 07:12:59	5.0	89.0	0	10.0		2.0	6.21		FEW	BKN	M	2800.0	4200.0							3.0	120.0	8.0	6.21		M	M	M								
465652	2018-03-29 00:00:00	1680.0	CSTTN	319	AIRBUS A319-111	NB	FNC	2018-03-29 07:45:00	2018-03-29 08:20:00	2018-03-29 08:27:00	LIS	2018-03-29 09:55:00	2018-03-29 10:00:00	2018-03-29 09:20:00	J	TP	2018-03-29 08:36:11	13.0	93.0	M	16.0	10.0	14.0	6.21	26.0	SCT	SCT	M	1500.0	2800.0							12.0	290.0	8.0	6.21		FEW	BKN	M	3800.0	4400.0						
465653	2018-03-29 00:00:00	558.0	CSTNU	320	AIRBUS A320-211	NB	LIS	2018-03-29 07:50:00	2018-03-29 07:59:00	2018-03-29 08:15:00	MUC	2018-03-29 10:45:00	2018-03-29 10:56:00	2018-03-29 10:50:00	J	TP	2018-03-29 08:23:59	9.0	15.0	D	10.0		2.0	6.21		FEW	BKN	M	2800.0	4200.0							7.0	280.0	8.0	6.21		SCT	SCT	M	3000.0	8500.0						
465654	2018-03-29 00:00:00	334.0	CSTTA	319	AIRBUS A319-111	NB	OPO	2018-03-29 07:55:00	2018-03-29 07:57:00	2018-03-29 08:09:00	LGW	2018-03-29 10:02:00	2018-03-29 10:10:00	2018-03-29 10:05:00	J	TP	2018-03-29 08:16:05	2.0	89.0	0	11.0	250.0	4.0	6.21		FEW	BKN	M	2000.0	4800.0							8.0	170.0	10.0	6.21		SCT	BKN	M	2000.0	2800.0						
465655	2018-03-29 00:00:00	488.0	CSTPS	E90	EMBRAER 190	PGA	LIS	2018-03-29 07:55:00	2018-03-29 08:27:00	2018-03-29 08:39:00	NCE	2018-03-29 10:34:00	2018-03-29 10:38:00	2018-03-29 10:15:00	J	NI	2018-03-29 09:07:59	10.0	89.0	0	11.0	270.0	3.0	6.21		FEW	BKN	M	2800.0	4400.0							14.0	60.0	3.0	6.21		SCT	BKN	M	7300.0	10000.0						
465656	2018-03-29 00:00:00	832.0	CSTTE	319	AIRBUS A319-111	NB	LIS	2018-03-29 07:55:00	2018-03-29 08:26:00	2018-03-29 08:41:00	FCO	2018-03-29 11:09:00	2018-03-29 11:15:00	2018-03-29 10:50:00	J	TP	2018-04-03 10:06:59	2.0	93.0	Q	11.0	270.0	3.0	6.21		FEW	BKN	M	2800.0	4400.0							17.0	160.0	18.0	6.21		SCT	M	M	1100.0							
465657	2018-03-29 00:00:00	1011.0	TSINO	320	AIRBUS A320-211	NB	MAD	2018-03-29 07:55:00	2018-03-29 08:00:00	2018-03-29 08:18:00	LIS	2018-03-29 09:14:00	2018-03-29 09:18:00	2018-03-29 09:15:00	J	TP	2018-03-29 08:22:03	5.0	93.0	0	11.0	240.0	5.0	6.21		FEW	M	M	4400.0								12.0	280.0	9.0	6.21		FEW	SCT	M	3400.0	4000.0						
465658	2018-03-29 00:00:00	932.0	CSTTQ	319	AIRBUS A319-111	NB	LIS	2018-03-29 08:00:00	2018-03-29 08:15:00	2018-03-29 08:27:00	ZRH	2018-03-29 10:41:00	2018-03-29 10:46:00	2018-03-29 10:40:00	J	TP	2018-03-29 08:39:59	15.0	89.0	0	10.0		2.0	6.21		FEW	BKN	M	2800.0	4200.0							8.0	170.0	3.0	6.21		SCT	SCT	M	2200.0	6000.0						
465659	2018-03-29 00:00:00	1033.0	CSTTU	319	AIRBUS A319-111	NB	BCN	2018-03-29 08:00:00	2018-03-29 08:11:00	2018-03-29 08:26:00	OPO	2018-03-29 10:02:00	2018-03-29 10:04:00	2018-03-29 09:50:00	J	TP	2018-03-29 09:09:59	11.0	89.0	0	15.0	70.0	5.0	6.21		FEW	M	M	4500.0								12.0	220.0	12.0	6.21		FEW	BKN	M	2500.0	4500.0						
465660	2018-03-29 00:00:00	1930.0	CSDJD	AT7	ATR 72	WI	LIS	2018-03-29 08:00:00	2018-03-29 08:07:00	2018-03-29 08:20:00	OPO	2018-03-29 09:02:00	2018-03-29 09:05:00	2018-03-29 09:00:00	J	WI	2018-03-29 08:34:59	7.0	89.0	0	10.0		2.0	6.21		FEW	BKN	M	2800.0	4200.0							12.0	230.0	10.0	6.21		FEW	SCT	BKN	2500.0	4000.0	4800.0					
465661	2018-03-29 00:00:00	664.0	CSTNK	320	AIRBUS A320-211	NB	LIS	2018-03-29 08:05:00	2018-03-29 08:46:00	2018-03-29 09:00:00	AMS	2018-03-29 11:27:00	2018-03-29 11:38:00	2018-03-29 11:00:00	J	TP	2018-03-29 09:11:59	16.0	89.0	0	13.0	290.0	4.0	6.21		FEW	M	M	4800.0								9.0	270.0	12.0	6.21		FEW	M	M	2700.0							
465662	2018-03-29 00:00:00	1040.0	CSTTD	319	AIRBUS A319-111	NB	LIS	2018-03-29 08:05:00	2018-03-29 08:19:00	2018-03-29 08:36:00	BCN	2018-03-29 10:03:00	2018-03-29 10:11:00	2018-03-29 09:55:00	J	TP	2018-03-29 08:41:59	11.0	89.0	0	11.0	270.0	3.0	6.21		FEW	BKN	M	2800.0	4400.0							15.0	170.0	8.0	6.21		FEW	SCT	M	4000.0	5000.0						
465663	2018-03-29 00:00:00	1016.0	CSTTJ	319	AIRBUS A319-111	NB	LIS	2018-03-29 08:10:00	2018-03-29 08:21:00	2018-03-29 08:32:00	MAD	2018-03-29 09:25:00	2018-03-29 09:28:00	2018-03-29 09:25:00	J	TP	2018-03-29 08:34:59	11.0	89.0	0	11.0	270.0	3.0	6.21		FEW	BKN	M	2800.0	4400.0							13.0	260.0	7.0	6.21		SCT	M	M	3500.0							
465664	2018-03-29 00:00:00	864.0	CSTTB	319	AIRBUS A319-111	NB	LIS	2018-03-29 08:15:00	2018-03-29 09:08:00	2018-03-29 09:18:00	VCE	2018-03-29 11:32:00	2018-03-29 11:38:00	2018-03-29 11:05:00	J	TP	2018-04-06 10:43:59	11.0	89.0	0	13.0	290.0	4.0	6.21		FEW	M	M	4800.0								12.0	80.0	4.0	6.21		BKN	M	M	5000.0							
465665	2018-03-29 00:00:00	453.0	CSTTR	319	AIRBUS A319-111	NB	ORY	2018-03-29 08:20:00	2018-03-29 08:26:00	2018-03-29 08:34:00	OPO	2018-03-29 10:27:00	2018-03-29 10:31:00	2018-03-29 10:25:00	J	TP	2018-03-29 08:50:14	6.0	87.0	0	7.0	220.0	10.0	6.21		SCT	M	M	1700.0								12.0	220.0	14.0	6.21		FEW	BKN	M	2200.0	3800.0						
465666	2018-03-29 00:00:00	1005.0	CSTPT	E90	EMBRAER 190	PGA	MAD	2018-03-29 08:20:00	2018-03-29 08:15:00	2018-03-29 08:29:00	OPO	2018-03-29 09:19:00	2018-03-29 09:23:00	2018-03-29 09:30:00	J	NI					11.0	240.0	5.0	6.21		FEW	M	M	4400.0								12.0	220.0	9.0	6.21		FEW	BKN	M	2500.0	4800.0						
465667	2018-03-29 00:00:00	1553.0	CSTNT	320	AIRBUS A320-211	NB	LIS	2018-03-29 08:20:00	2018-03-29 08:29:00	2018-03-29 08:43:00	VXE	2018-03-29 12:47:00	2018-03-29 12:50:00	2018-03-29 12:40:00	J	TP	2018-03-29 10:13:59	9.0	42.0	D	11.0	270.0	3.0	6.21		FEW	BKN	M	2800.0	4400.0							25.0	60.0	20.0	6.21		FEW	M	M	2200.0							
465668	2018-03-29 00:00:00	1041.0	CSTNL	320	AIRBUS A320-211	NB	BCN	2018-03-29 08:25:00	2018-03-29 10:03:00	2018-03-29 10:20:00	LIS	2018-03-29 12:00:00	2018-03-29 12:06:00	2018-03-29 10:20:00	J	TP	2018-03-29 10:32:59	16.0	83.0	0	15.0	170.0	8.0	6.21		FEW	SCT	M	4000.0	5000.0							13.0	290.0	10.0	6.21		FEW	BKN	M	3800.0	4200.0						
465669	2018-03-29 00:00:00	1454.0	CSTTI	319	AIRBUS A319-111	NB	LIS	2018-03-29 08:25:00	2018-03-29 08:37:00	2018-03-29 08:51:00	RAK	2018-03-29 10:03:00	2018-03-29 10:06:00	2018-03-29 10:00:00	J	TP	2018-03-29 09:16:59	1.0	93.0	R	11.0	270.0	3.0	6.21		FEW	BKN	M	2800.0	4400.0							20.0	350.0	3.0	4.35		FEW	SCT	M	9000.0	20000.0						
465670	2018-03-29 00:00:00	1907.0	CSTTK	319	AIRBUS A319-111	NB	LIS	2018-03-29 08:30:00	2018-03-29 08:46:00	2018-03-29 09:03:00	FAO	2018-03-29 09:30:00	2018-03-29 09:34:00	2018-03-29 09:15:00	J	TP	2018-03-29 09:14:59	6.0	89.0	0	13.0	290.0	4.0	6.21		FEW	M	M	4800.0								14.0	320.0	11.0	6.21		FEW	BKN	M	2000.0	3500.0						
465671	2018-03-29 00:00:00	1927.0	CSDJH	AT7	ATR 72	WI	OPO	2018-03-29 08:30:00	2018-03-29 08:38:00	2018-03-29 08:45:00	LIS	2018-03-29 09:28:00	2018-03-29 09:31:00	2018-03-29 09:30:00	J	WI	2018-03-29 08:52:18	8.0	93.0	M	11.0	230.0	6.0	6.21		FEW	BKN	M	2000.0	4500.0							12.0	280.0	9.0	6.21		FEW	SCT	M	3400.0	4000.0						
465672	2018-03-29 00:00:00	9700.0	CSTPW	E90	EMBRAER 190	PGA	LIS	2018-03-29 08:30:00	2018-03-29 08:45:00	2018-03-29 09:34:00	LIS	2018-03-29 12:15:00	2018-03-29 12:18:00	2018-03-29 11:30:00	K	NI					11.0	270.0	3.0	6.21		FEW	BKN	M	2800.0	4400.0							14.0	290.0	10.0	6.21	20.0	SCT	M	M	4400.0							
465673	2018-03-29 00:00:00	1262.0	CSTNG	320	AIRBUS A320-211	NB	LIS	2018-03-29 08:35:00	2018-03-29 08:35:00	2018-03-29 08:48:00	WAW	2018-03-29 12:02:00	2018-03-29 12:06:00	2018-03-29 12:25:00	J	TP					11.0	270.0	3.0	6.21		FEW	BKN	M	2800.0	4400.0							2.0	140.0	7.0	2.11		BKN	M	M	400.0							
465674	2018-03-29 00:00:00	437.0	CSTJF	321	AIRBUS A321-211	NB	ORY	2018-03-29 08:45:00	2018-03-29 09:13:00	2018-03-29 09:21:00	LIS	2018-03-29 11:35:00	2018-03-29 11:38:00	2018-03-29 11:15:00	J	TP	2018-03-29 09:44:15	12.0	83.0	0	8.0	220.0	10.0	6.21		SCT	M	M	2200.0								13.0	280.0	8.0	6.21		FEW	BKN	M	3000.0	4000.0						
465675	2018-03-29 00:00:00	1107.0	CSDJE	AT7	ATR 72	WI	SVQ	2018-03-29 08:45:00	2018-03-29 08:39:00	2018-03-29 08:52:00	LIS	2018-03-29 09:49:00	2018-03-29 09:54:00	2018-03-29 09:55:00	J	WI					14.0		2.0	6.21		FEW	M	M	2500.0								12.0	290.0	8.0	6.21		FEW	BKN	M	3800.0	4400.0						
465676	2018-03-29 00:00:00	1529.0	CSTNW	320	AIRBUS A320-211	NB	LIS	2018-03-29 08:45:00	2018-03-29 09:21:00	2018-03-29 09:37:00	ACC	2018-03-29 15:10:00	2018-03-29 15:13:00	2018-03-29 14:25:00	J	TP	2018-03-29 09:44:59	36.0	42.0	D	12.0	280.0	9.0	6.21		FEW	SCT	M	3400.0	4000.0							31.0	180.0	14.0	6.21		M	M	M								
465677	2018-03-29 00:00:00	938.0	CSTTP	319	AIRBUS A319-111	NB	OPO	2018-03-29 08:50:00	2018-03-29 08:47:00	2018-03-29 08:54:00	GVA	2018-03-29 10:38:00	2018-03-29 10:41:00	2018-03-29 10:55:00	J	TP					12.0	230.0	10.0	6.21		FEW	SCT	BKN	2500.0	4000.0	4800.0						10.0	210.0	13.0	6.21		FEW	BKN	M	2000.0	5500.0						
465678	2018-03-29 00:00:00	440.0	CSTMW	320	AIRBUS A320-211	NB	LIS	2018-03-29 08:55:00	2018-03-29 09:42:00	2018-03-29 09:54:00	ORY	2018-03-29 11:51:00	2018-03-29 11:55:00	2018-03-29 11:20:00	J	TP	2018-03-29 10:09:59	7.0	89.0	0	12.0	280.0	9.0	6.21		FEW	SCT	M	3400.0	4000.0							11.0	200.0	13.0	6.21		BKN	SCT	M	4300.0	4900.0						
465679	2018-03-29 00:00:00	59.0	CSTOU	333	AIRBUS A330-300	WB	LIS	2018-03-29 09:00:00	2018-03-29 09:03:00	2018-03-29 09:21:00	BSB	2018-03-29 18:15:00	2018-03-29 18:24:00	2018-03-29 18:30:00	J	TP	2018-03-29 09:23:59	3.0	89.0	0	13.0	290.0	4.0	6.21		FEW	M	M	4800.0								27.0	60.0	9.0	6.21		BKN	M	M	4000.0							
465680	2018-03-29 00:00:00	103.0	CSTOX	333	AIRBUS A330-300	WB	LIS	2018-03-29 09:00:00	2018-03-29 09:11:00	2018-03-29 09:24:00	CNF	2018-03-29 18:25:00	2018-03-29 18:28:00	2018-03-29 18:30:00	J	TP	2018-03-29 09:25:59	11.0	89.0	0	13.0	290.0	4.0	6.21		FEW	M	M	4800.0								26.0	90.0	8.0	6.21		SCT	M	M	4000.0							
465681	2018-03-29 00:00:00	1085.0	CSDJC	AT7	ATR 72	WI	LCG	2018-03-29 09:00:00	2018-03-29 08:52:00	2018-03-29 09:00:00	LIS	2018-03-29 10:13:00	2018-03-29 10:16:00	2018-03-29 10:40:00	J	WI					9.0	250.0	8.0	6.21		FEW	M	M	4000.0								12.0	300.0	8.0	6.21		FEW	BKN	M	3200.0	4400.0						
465682	2018-03-29 00:00:00	1133.0	CSDJF	AT7	ATR 72	WI	AGP	2018-03-29 09:00:00	2018-03-29 09:30:00	2018-03-29 09:43:00	LIS	2018-03-29 11:04:00	2018-03-29 11:09:00	2018-03-29 10:40:00	J	WI	2018-03-29 09:46:22	8.0	81.0	0	16.0	300.0	13.0	6.21		M	M	M									13.0	290.0	9.0	6.21		FEW	BKN	M	3000.0	3800.0						
465683	2018-03-29 00:00:00	1674.0	FHBIS	320	AIRBUS A320-211	NB	FNC	2018-03-29 09:00:00	2018-03-29 09:22:00	2018-03-29 09:33:00	LIS	2018-03-29 10:56:00	2018-03-29 10:59:00	2018-03-29 10:35:00	J	TP	2018-03-29 12:15:59	3.0	83.0	0	17.0	10.0	15.0	6.21	26.0	SCT	M	M	1500.0								13.0	290.0	9.0	6.21		FEW	BKN	M	3000.0	3800.0						
465684	2018-03-29 00:00:00	1944.0	CSDJA	AT7	ATR 72	WI	LIS	2018-03-29 09:00:00	2018-03-29 09:11:00	2018-03-29 09:29:00	OPO	2018-03-29 10:20:00	2018-03-29 10:24:00	2018-03-29 10:00:00	J	WI	2018-03-29 09:13:59	2.0	89.0	0	13.0	290.0	4.0	6.21		FEW	M	M	4800.0								12.0	220.0	14.0	6.21		FEW	BKN	M	2200.0	3800.0						
465685	2018-03-29 00:00:00	366.0	CSTTC	319	AIRBUS A319-111	NB	LIS	2018-03-29 09:05:00	2018-03-29 09:29:00	2018-03-29 09:42:00	LHR	2018-03-29 11:59:00	2018-03-29 12:09:00	2018-03-29 11:45:00	J	TP	2018-03-29 09:45:59	24.0	84.0	0	12.0	280.0	9.0	6.21		FEW	SCT	M	3400.0	4000.0							8.0	150.0	13.0	6.21		SCT	BKN	///	2700.0	3500.0						
465686	2018-03-29 00:00:00	349.0	CSTPR	E90	EMBRAER 190	PGA	LCY	2018-03-29 09:10:00	2018-03-29 09:18:00	2018-03-29 09:28:00	LIS	2018-03-29 11:55:00	2018-03-29 12:00:00	2018-03-29 11:45:00	J	NI	2018-03-29 09:43:28	4.0	87.0	0	9.0	160.0	8.0	6.21		FEW	M	M	2400.0								13.0	290.0	10.0	6.21		FEW	BKN	M	3800.0	4200.0						
465687	2018-03-29 00:00:00	841.0	CSTJG	321	AIRBUS A321-211	NB	FCO	2018-03-29 09:10:00	2018-03-29 09:18:00	2018-03-29 09:32:00	LIS	2018-03-29 12:44:00	2018-03-29 12:47:00	2018-03-29 12:15:00	J	TP	2018-03-29 10:09:22	8.0	68.0	0	17.0	160.0	14.0	6.21		SCT	M	M	2600.0								14.0	270.0	10.0	6.21	20.0	BKN	M	M	4400.0							
465688	2018-03-29 00:00:00	923.0	CSTPO	E90	EMBRAER 190	PGA	ZRH	2018-03-29 09:15:00	2018-03-29 09:14:00	2018-03-29 09:25:00	OPO	2018-03-29 11:52:00	2018-03-29 11:55:00	2018-03-29 11:50:00	J	NI					7.0	170.0	4.0	6.21		FEW	BKN	M	1500.0	2200.0							11.0	240.0	9.0	3.73		SCT	BKN	M	1400.0	1800.0						
465689	2018-03-29 00:00:00	491.0	CSTTX	E95	EMBRAER 195	PGA	TLS	2018-03-29 09:25:00	2018-03-29 09:33:00	2018-03-29 09:42:00	LIS	2018-03-29 11:23:00	2018-03-29 11:27:00	2018-03-29 11:25:00	J	NI	2018-03-30 07:14:59	8.0	89.0	0	11.0	0.0	0.0	6.21		SCT	BKN	BKN	1500.0	2300.0	2900.0						13.0	280.0	8.0	6.21		FEW	BKN	M	3000.0	4000.0						
465690	2018-03-29 00:00:00	647.0	CSTTH	319	AIRBUS A319-111	NB	BRU	2018-03-29 09:30:00	2018-03-29 09:35:00	2018-03-29 09:42:00	LIS	2018-03-29 12:16:00	2018-03-29 12:19:00	2018-03-29 12:20:00	J	TP	2018-03-29 10:34:59	4.0	89.0	0	6.0	240.0	11.0	6.21		SCT	M	M	1900.0								14.0	290.0	10.0	6.21	20.0	SCT	M	M	4400.0							
465691	2018-03-29 00:00:00	1931.0	CSDJD	AT7	ATR 72	WI	OPO	2018-03-29 09:30:00	2018-03-29 09:30:00	2018-03-29 09:40:00	LIS	2018-03-29 10:23:00	2018-03-29 10:25:00	2018-03-29 10:30:00	J	WI					12.0	220.0	9.0	6.21		FEW	BKN	M	2500.0	4800.0							12.0	300.0	8.0	6.21		FEW	BKN	M	3200.0	4400.0						
465692	2018-03-29 00:00:00	223.0	CSTOI	332	AIRBUS A330-200	WB	LIS	2018-03-29 09:35:00	2018-03-29 09:45:00	2018-03-29 10:00:00	MIA	2018-03-29 18:36:00	2018-03-29 18:39:00	2018-03-29 18:30:00	J	TP	2018-03-29 10:08:59	10.0	89.0	0	12.0	280.0	9.0	6.21		FEW	SCT	M	3400.0	4000.0										10.0		FEW	SCT	M	3800.0	4600.0						
465693	2018-03-29 00:00:00	339.0	CSTTY	E95	EMBRAER 195	PGA	LGW	2018-03-29 09:35:00	2018-03-29 09:55:00	2018-03-29 10:14:00	LIS	2018-03-29 12:46:00	2018-03-29 12:50:00	2018-03-29 12:15:00	J	NI	2018-03-30 07:17:59	3.0	89.0	0	8.0	160.0	9.0	6.21		FEW	SCT	BKN	2100.0	2900.0	4300.0						14.0	270.0	10.0	6.21	20.0	BKN	M	M	4400.0							
465694	2018-03-29 00:00:00	581.0	CSTNR	320	AIRBUS A320-211	NB	FRA	2018-03-29 09:40:00	2018-03-29 10:46:00	2018-03-29 11:01:00	LIS	2018-03-29 13:49:00	2018-03-29 13:53:00	2018-03-29 12:50:00	J	TP	2018-04-06 10:29:59	6.0	93.0	F	9.0	240.0	9.0	6.21		SCT	SCT	M	4000.0	6500.0							14.0	280.0	9.0	6.21		FEW	SCT	M	3800.0	4400.0						
465695	2018-03-29 00:00:00	1116.0	CSTPQ	E90	EMBRAER 190	PGA	LIS	2018-03-29 09:40:00	2018-03-29 09:47:00	2018-03-29 09:56:00	LPA	2018-03-29 12:02:00	2018-03-29 12:05:00	2018-03-29 12:00:00	J	NI	2018-03-29 09:58:59	7.0	89.0	0	12.0	290.0	8.0	6.21		FEW	BKN	M	3800.0	4400.0							23.0	30.0	14.0	5.59		NSC	M	M								
465696	2018-03-29 00:00:00	1671.0	CSTQD	320	AIRBUS A320-211	NB	LIS	2018-03-29 09:40:00	2018-03-29 09:51:00	2018-03-29 10:02:00	FNC	2018-03-29 11:31:00	2018-03-29 11:34:00	2018-03-29 11:25:00	J	TP	2018-03-29 10:03:59	7.0	15.0	A	12.0	290.0	8.0	6.21		FEW	BKN	M	3800.0	4400.0							16.0	20.0	14.0	6.21	24.0	SCT	SCT	M	1300.0	3000.0						
465697	2018-03-29 00:00:00	323.0	CSTTW	E95	EMBRAER 195	PGA	MAN	2018-03-29 09:45:00	2018-03-29 09:42:00	2018-03-29 09:58:00	LIS	2018-03-29 12:37:00	2018-03-29 12:42:00	2018-03-29 12:40:00	J	NI					8.0	160.0	7.0	6.21		FEW	M	M	2000.0								14.0	290.0	10.0	6.21	20.0	SCT	M	M	4400.0							
465698	2018-03-29 00:00:00	413.0	CSTTZ	E95	EMBRAER 195	PGA	NTE	2018-03-29 09:55:00	2018-03-29 10:10:00	2018-03-29 10:19:00	LIS	2018-03-29 12:11:00	2018-03-29 12:15:00	2018-03-29 11:55:00	J	NI	2018-03-29 10:34:24	3.0	81.0	0	7.0	230.0	12.0	2.24		FEW	BKN	BKN	1900.0	3000.0	3500.0						13.0	290.0	10.0	6.21		FEW	BKN	M	3800.0	4200.0						
465699	2018-03-29 00:00:00	471.0	CSTPU	E90	EMBRAER 190	PGA	LYS	2018-03-29 09:55:00	2018-03-29 09:55:00	2018-03-29 10:04:00	LIS	2018-03-29 12:28:00	2018-03-29 12:35:00	2018-03-29 12:25:00	J	NI					10.0		2.0	6.21		BKN	BKN	M	2600.0	4600.0							14.0	290.0	10.0	6.21	20.0	SCT	M	M	4400.0							
465700	2018-03-29 00:00:00	1312.0	CSTKR	763	BOEING 767-300/300ER		LIS	2018-03-29 09:55:00	2018-03-29 11:02:00	2018-03-29 11:22:00	BUD	2018-03-29 14:18:00	2018-03-29 14:24:00	2018-03-29 13:25:00	J	TP	2018-03-29 11:41:59	67.0	93.0	H	13.0	290.0	9.0	6.21		FEW	BKN	M	3000.0	3800.0							10.0	190.0	8.0	4.35		FEW	OVC	M	1000.0	5200.0						
465701	2018-03-29 00:00:00	217.0	CSTOO	332	AIRBUS A330-200	WB	LIS	2018-03-29 10:00:00	2018-03-29 10:02:00	2018-03-29 10:24:00	BOS	2018-03-29 17:55:00	2018-03-29 18:07:00	2018-03-29 17:20:00	J	TP	2018-03-29 10:49:59	2.0	89.0	0	12.0	290.0	8.0	6.21		FEW	BKN	M	3800.0	4400.0								130.0	7.0	10.0		SCT	BKN	M	3999.0	6000.0						
465702	2018-03-29 00:00:00	403.0	CSTPP	E90	EMBRAER 190	PGA	MRS	2018-03-29 10:00:00	2018-03-29 09:48:00	2018-03-29 10:04:00	LIS	2018-03-29 12:18:00	2018-03-29 12:23:00	2018-03-29 12:20:00	J	NI					14.0		2.0	6.21		M	M	M									14.0	290.0	10.0	6.21	20.0	SCT	M	M	4400.0							
465703	2018-03-29 00:00:00	1038.0	CSTNJ	320	AIRBUS A320-211	NB	LIS	2018-03-29 10:00:00	2018-03-29 10:04:00	2018-03-29 10:20:00	BCN	2018-03-29 11:46:00	2018-03-29 11:46:00	2018-03-29 11:45:00	J	TP	2018-03-29 10:28:59	4.0	31.0	B	12.0	290.0	8.0	6.21		FEW	BKN	M	3800.0	4400.0							15.0	190.0	10.0	6.21		FEW	M	M	3000.0							
465704	2018-03-29 00:00:00	1097.0	CSDJB	AT7	ATR 72	WI	VLC	2018-03-29 10:00:00	2018-03-29 10:17:00	2018-03-29 10:26:00	LIS	2018-03-29 12:34:00	2018-03-29 12:38:00	2018-03-29 12:20:00	J	WI	2018-03-29 10:28:27	17.0	93.0	0	19.0	90.0	5.0	6.21		FEW	M	M	2500.0								14.0	290.0	10.0	6.21	20.0	SCT	M	M	4400.0							
465705	2018-03-29 00:00:00	1867.0	CSTNP	320	AIRBUS A320-211	NB	LIS	2018-03-29 10:00:00	2018-03-29 09:59:00	2018-03-29 10:17:00	PDL	2018-03-29 12:28:00	2018-03-29 12:30:00	2018-03-29 12:25:00	J	TP					12.0	290.0	8.0	6.21		FEW	BKN	M	3800.0	4400.0							15.0	340.0	11.0	6.21		FEW	SCT	M	2000.0	4000.0						
465706	2018-03-29 00:00:00	1902.0	CSTTK	319	AIRBUS A319-111	NB	FAO	2018-03-29 10:00:00	2018-03-29 10:10:00	2018-03-29 10:21:00	LIS	2018-03-29 10:59:00	2018-03-29 11:04:00	2018-03-29 10:50:00	J	TP	2018-03-29 10:29:29	10.0	93.0	0	14.0	320.0	12.0	6.21		FEW	BKN	M	2000.0	3500.0							13.0	290.0	9.0	6.21		FEW	BKN	M	3000.0	3800.0						
465707	2018-03-29 00:00:00	1934.0	CSDJH	AT7	ATR 72	WI	LIS	2018-03-29 10:00:00	2018-03-29 10:00:00	2018-03-29 10:14:00	OPO	2018-03-29 11:15:00	2018-03-29 11:17:00	2018-03-29 11:00:00	J	WI					12.0	290.0	8.0	6.21		FEW	BKN	M	3800.0	4400.0							11.0	230.0	9.0	4.97		SCT	BKN	M	2000.0	2800.0						
465708	2018-03-29 00:00:00	648.0	CSTTN	319	AIRBUS A319-111	NB	LIS	2018-03-29 10:05:00	2018-03-29 10:53:00	2018-03-29 11:01:00	BRU	2018-03-29 13:13:00	2018-03-29 13:17:00	2018-03-29 12:45:00	J	TP	2018-03-29 11:20:59	8.0	85.0	C	13.0	290.0	9.0	6.21		FEW	BKN	M	3000.0	3800.0							10.0	220.0	10.0	6.21		FEW	M	M	4300.0							
465709	2018-03-29 00:00:00	1019.0	CSTTJ	319	AIRBUS A319-111	NB	MAD	2018-03-29 10:10:00	2018-03-29 10:12:00	2018-03-29 10:30:00	LIS	2018-03-29 11:25:00	2018-03-29 11:28:00	2018-03-29 11:30:00	J	TP	2018-03-29 10:55:32	2.0	93.0	0	13.0	240.0	8.0	6.21	19.0	SCT	M	M	3500.0								13.0	280.0	8.0	6.21		FEW	BKN	M	3000.0	4000.0						
465710	2018-03-29 00:00:00	89.0	CSTFM	772	BOEING 777-200		LIS	2018-03-29 10:15:00	2018-03-29 13:00:00	2018-03-29 13:16:00	GRU	2018-03-29 22:41:00	2018-03-29 22:50:00	2018-03-29 20:30:00	J	TP	2018-04-05 11:52:59	135.0	93.0	R	14.0	270.0	10.0	6.21	20.0	BKN	M	M	4400.0								21.0	170.0	3.0	4.97		BKN	M	M	1500.0							
465711	2018-03-29 00:00:00	827.0	CSTJH	321	AIRBUS A321-211	NB	MXP	2018-03-29 10:15:00	2018-03-29 11:09:00	2018-03-29 11:21:00	LIS	2018-03-29 14:09:00	2018-03-29 14:12:00	2018-03-29 12:55:00	J	TP	2018-03-29 12:17:31	10.0	36.0	0	11.0	130.0	8.0	3.11		BKN	M	M	2000.0								14.0	280.0	9.0	6.21		FEW	SCT	M	3800.0	4400.0						
465712	2018-03-29 00:00:00	2729.0	CSTNS	320	AIRBUS A320-211	NB	ORY	2018-03-29 10:15:00	2018-03-29 10:51:00	2018-03-29 10:59:00	OPO	2018-03-29 12:50:00	2018-03-29 12:56:00	2018-03-29 12:20:00	G	TP	2018-04-02 09:10:59	8.0	89.0	0	11.0	220.0	11.0	6.21		BKN	M	M	3600.0								11.0	230.0	7.0	6.21		FEW	SCT	M	2000.0	4000.0						
465713	2018-03-29 00:00:00	363.0	CSTTL	319	AIRBUS A319-111	NB	LHR	2018-03-29 10:20:00	2018-03-29 10:43:00	2018-03-29 11:02:00	LIS	2018-03-29 13:28:00	2018-03-29 13:33:00	2018-03-29 13:05:00	J	TP	2018-03-30 07:20:59	4.0	89.0	0	8.0	160.0	15.0	6.21		SCT	BKN	BKN	2500.0	2900.0	3700.0						14.0	280.0	9.0	6.21		FEW	SCT	M	3800.0	4200.0						
465714	2018-03-29 00:00:00	872.0	TSINO	320	AIRBUS A320-211	NB	LIS	2018-03-29 10:20:00	2018-03-29 10:26:00	2018-03-29 10:42:00	BLQ	2018-03-29 12:52:00	2018-03-29 12:55:00	2018-03-29 13:00:00	J	TP	2018-03-29 10:42:59	6.0	89.0	0	12.0	300.0	8.0	6.21		FEW	BKN	M	3200.0	4400.0							19.0	280.0	5.0	6.21		FEW	SCT	M	5500.0	7500.0						
465715	2018-03-29 00:00:00	1935.0	CSDJA	AT7	ATR 72	WI	OPO	2018-03-29 10:30:00	2018-03-29 10:52:00	2018-03-29 11:09:00	LIS	2018-03-29 11:49:00	2018-03-29 11:54:00	2018-03-29 11:30:00	J	WI	2018-03-29 11:40:45	22.0	93.0	R	12.0	220.0	10.0	6.21		FEW	BKN	M	2000.0	3000.0							13.0	290.0	10.0	6.21		FEW	BKN	M	3800.0	4200.0						
465716	2018-03-29 00:00:00	686.0	CSTTU	319	AIRBUS A319-111	NB	OPO	2018-03-29 10:35:00	2018-03-29 10:51:00	2018-03-29 11:03:00	LUX	2018-03-29 12:56:00	2018-03-29 13:00:00	2018-03-29 12:55:00	J	TP	2018-03-29 14:35:59	2.0	89.0	0	12.0	220.0	10.0	6.21		FEW	BKN	M	2000.0	3000.0							8.0	220.0	9.0	6.21		SCT	M	M	3900.0							
465717	2018-03-29 00:00:00	951.0	CSTNH	320	AIRBUS A320-211	NB	GVA	2018-03-29 10:35:00	2018-03-29 11:41:00	2018-03-29 11:55:00	LIS	2018-03-29 14:14:00	2018-03-29 14:18:00	2018-03-29 13:10:00	J	TP	2018-03-29 11:55:46	31.0	83.0	0	10.0	210.0	14.0	6.21		FEW	BKN	M	2700.0	5000.0							15.0	260.0	10.0	6.21		BKN	M	M	4000.0							
465718	2018-03-29 00:00:00	1122.0	CSDJE	AT7	ATR 72	WI	LIS	2018-03-29 10:35:00	2018-03-29 10:35:00	2018-03-29 10:48:00	ALC	2018-03-29 12:31:00	2018-03-29 12:37:00	2018-03-29 12:50:00	J	WI					12.0	300.0	8.0	6.21		FEW	BKN	M	3200.0	4400.0							24.0	260.0	7.0	6.21		M	M	M								
465719	2018-03-29 00:00:00	1035.0	CSTTD	319	AIRBUS A319-111	NB	BCN	2018-03-29 10:40:00	2018-03-29 10:57:00	2018-03-29 11:14:00	LIS	2018-03-29 12:56:00	2018-03-29 12:59:00	2018-03-29 12:40:00	J	TP	2018-03-29 11:20:30	1.0	89.0	0	15.0	180.0	9.0	6.21		FEW	M	M	4000.0								14.0	270.0	10.0	6.21	20.0	BKN	M	M	4400.0							
465720	2018-03-29 00:00:00	761.0	CSTNY	320	AIRBUS A320-211	NB	OSL	2018-03-29 10:45:00	2018-03-29 10:46:00	2018-03-29 10:57:00	LIS	2018-03-29 14:59:00	2018-03-29 15:03:00	2018-03-29 14:50:00	J	TP	2018-04-02 08:47:59	1.0	89.0	0	1.0	0.0	0.0	6.21		M	M	M									14.0	260.0	14.0	6.21		BKN	M	M	4000.0							
465721	2018-03-29 00:00:00	1453.0	CSTTI	319	AIRBUS A319-111	NB	RAK	2018-03-29 10:45:00	2018-03-29 10:50:00	2018-03-29 11:01:00	LIS	2018-03-29 12:31:00	2018-03-29 12:35:00	2018-03-29 12:20:00	J	TP	2018-03-29 11:23:36	5.0	93.0	0	21.0		2.0	6.21		SCT	SCT	M	9000.0	20000.0							14.0	290.0	10.0	6.21	20.0	SCT	M	M	4400.0							
465722	2018-03-29 00:00:00	483.0	CSTPS	E90	EMBRAER 190	PGA	NCE	2018-03-29 10:55:00	2018-03-29 11:19:00	2018-03-29 11:34:00	LIS	2018-03-29 13:56:00	2018-03-29 13:59:00	2018-03-29 13:35:00	J	NI	2018-04-05 16:04:59	1.0	89.0	0	16.0	70.0	3.0	6.21		SCT	BKN	M	7300.0	11000.0							14.0	280.0	9.0	6.21		FEW	SCT	M	3800.0	4400.0						
465723	2018-03-29 00:00:00	331.0	CSTTA	319	AIRBUS A319-111	NB	LGW	2018-03-29 11:00:00	2018-03-29 10:54:00	2018-03-29 11:10:00	OPO	2018-03-29 13:15:00	2018-03-29 13:19:00	2018-03-29 13:20:00	J	TP					8.0	170.0	10.0	6.21		SCT	BKN	M	1800.0	2800.0							11.0	220.0	12.0	4.97		FEW	BKN	M	2000.0	4000.0						
465724	2018-03-29 00:00:00	693.0	CSTTG	319	AIRBUS A319-111	NB	LUX	2018-03-29 11:00:00	2018-03-29 11:42:00	2018-03-29 11:55:00	LIS	2018-03-29 14:30:00	2018-03-29 14:32:00	2018-03-29 13:50:00	J	TP	2018-03-29 12:09:46	22.0	83.0	0	6.0	250.0	12.0	6.21		FEW	SCT	M	3000.0	4500.0							15.0	260.0	10.0	6.21		BKN	M	M	4000.0							
465725	2018-03-29 00:00:00	1901.0	CSTTK	319	AIRBUS A319-111	NB	LIS	2018-03-29 11:00:00	2018-03-29 11:55:00	2018-03-29 12:09:00	FAO	2018-03-29 12:35:00	2018-03-29 12:39:00	2018-03-29 11:45:00	J	TP	2018-03-29 12:21:59	6.0	89.0	0	13.0	290.0	10.0	6.21		FEW	BKN	M	3800.0	4200.0							16.0	260.0	12.0	6.21		FEW	SCT	M	2000.0	4500.0						
465726	2018-03-29 00:00:00	1936.0	CSDJD	AT7	ATR 72	WI	LIS	2018-03-29 11:00:00	2018-03-29 11:01:00	2018-03-29 11:08:00	OPO	2018-03-29 12:00:00	2018-03-29 12:05:00	2018-03-29 12:00:00	J	WI	2018-03-29 11:14:59	1.0	89.0	0	13.0	290.0	9.0	6.21		FEW	BKN	M	3000.0	3800.0							11.0	240.0	9.0	3.73		SCT	BKN	M	1400.0	1800.0						
465727	2018-03-29 00:00:00	354.0	CSTPT	E90	EMBRAER 190	PGA	OPO	2018-03-29 11:05:00	2018-03-29 11:14:00	2018-03-29 11:26:00	LCY	2018-03-29 13:16:00	2018-03-29 13:22:00	2018-03-29 13:20:00	J	NI	2018-03-29 11:40:49	4.0	16.0	D	12.0	220.0	10.0	6.21		FEW	BKN	M	2000.0	3000.0							8.0	160.0	13.0	4.97		SCT	BKN	BKN	2000.0	2400.0	3100.0					
465728	2018-03-29 00:00:00	541.0	CSTPV	E90	EMBRAER 190	PGA	DUS	2018-03-29 11:05:00	2018-03-29 11:17:00	2018-03-29 11:28:00	LIS	2018-03-29 14:21:00	2018-03-29 14:24:00	2018-03-29 14:10:00	J	NI	2018-03-29 11:33:40	9.0	83.0	0	8.0	250.0	10.0	6.21		FEW	BKN	BKN	1600.0	2800.0	22000.0						15.0	260.0	10.0	6.21		BKN	M	M	4000.0							
465729	2018-03-29 00:00:00	658.0	CSTTR	319	AIRBUS A319-111	NB	OPO	2018-03-29 11:15:00	2018-03-29 11:22:00	2018-03-29 11:30:00	AMS	2018-03-29 13:41:00	2018-03-29 13:48:00	2018-03-29 14:00:00	J	TP	2018-03-29 11:33:39	6.0	89.0	0	11.0	230.0	9.0	4.97		SCT	BKN	M	2000.0	2800.0							9.0	250.0	11.0	6.21		FEW	M	M	3000.0							
465730	2018-03-29 00:00:00	561.0	CSTTS	319	AIRBUS A319-111	NB	HAM	2018-03-29 11:20:00	2018-03-29 11:57:00	2018-03-29 12:07:00	LIS	2018-03-29 15:21:00	2018-03-29 15:25:00	2018-03-29 14:50:00	J	TP	2018-03-29 12:33:43	36.0	87.0	A	3.0	290.0	10.0	6.21		BKN	M	M	1300.0								14.0	250.0	13.0	6.21		BKN	M	M	3700.0							
465731	2018-03-29 00:00:00	1102.0	CSDJG	AT7	ATR 72	WI	LIS	2018-03-29 11:20:00	2018-03-29 11:16:00	2018-03-29 11:25:00	SVQ	2018-03-29 12:15:00	2018-03-29 12:20:00	2018-03-29 12:35:00	J	WI					13.0	280.0	8.0	6.21		FEW	BKN	M	3000.0	4000.0							17.0	260.0	8.0	6.21		BKN	M	M	4500.0							
465732	2018-03-29 00:00:00	1140.0	CSDJC	AT7	ATR 72	WI	LIS	2018-03-29 11:20:00	2018-03-29 11:16:00	2018-03-29 11:29:00	VGO	2018-03-29 12:36:00	2018-03-29 12:38:00	2018-03-29 12:40:00	J	WI					13.0	280.0	8.0	6.21		FEW	BKN	M	3000.0	4000.0							8.0	250.0	14.0	1.86		FEW	SCT	BKN	1000.0	2000.0	3300.0					
465733	2018-03-29 00:00:00	1271.0	CSTOL	332	AIRBUS A330-200	WB	VIE	2018-03-29 11:20:00	2018-03-29 13:49:00	2018-03-29 14:00:00	LIS	2018-03-29 17:24:00	2018-03-29 17:29:00	2018-03-29 14:55:00	J	TP	2018-04-06 12:06:59	7.0	93.0	E	12.0	260.0	13.0	6.21		FEW	BKN	M	4000.0	6000.0							11.0	250.0	16.0	3.11		SCT	BKN	M	1000.0	1600.0						
465734	2018-03-29 00:00:00	573.0	CSTTO	319	AIRBUS A319-111	NB	FRA	2018-03-29 11:25:00	2018-03-29 11:34:00	2018-03-29 11:50:00	LIS	2018-03-29 14:39:00	2018-03-29 14:45:00	2018-03-29 14:35:00	J	TP	2018-03-30 07:37:59	9.0	81.0	0	9.0	230.0	10.0	6.21		SCT	BKN	M	4000.0	5000.0							15.0	260.0	10.0	6.21		BKN	M	M	4000.0							
465735	2018-03-29 00:00:00	836.0	CSTNM	320	AIRBUS A320-211	NB	LIS	2018-03-29 11:25:00	2018-03-29 12:24:00	2018-03-29 12:38:00	FCO	2018-03-29 15:02:00	2018-03-29 15:05:00	2018-03-29 14:15:00	J	TP	2018-03-29 12:41:59	6.0	89.0	0	14.0	290.0	10.0	6.21	20.0	SCT	M	M	4400.0								17.0	160.0	17.0	6.21		FEW	M	M	3000.0							
465736	2018-03-29 00:00:00	442.0	FHBIS	320	AIRBUS A320-211	NB	LIS	2018-03-29 11:30:00	2018-03-29 12:02:00	2018-03-29 12:17:00	ORY	2018-03-29 14:18:00	2018-03-29 14:25:00	2018-03-29 13:55:00	J	TP	2018-03-29 12:20:59	13.0	62.0	0	13.0	290.0	10.0	6.21		FEW	BKN	M	3800.0	4200.0							11.0	190.0	14.0	6.21		BKN	BKN	BKN	4600.0	5300.0	16000.0					
465737	2018-03-29 00:00:00	931.0	CSTTQ	319	AIRBUS A319-111	NB	ZRH	2018-03-29 11:30:00	2018-03-29 11:43:00	2018-03-29 11:54:00	LIS	2018-03-29 14:33:00	2018-03-29 14:38:00	2018-03-29 14:20:00	J	TP	2018-04-18 14:21:59	6.0	16.0	E	8.0		3.0	6.21		SCT	BKN	M	2400.0	4000.0							15.0	260.0	10.0	6.21		BKN	M	M	4000.0							
465738	2018-03-29 00:00:00	1937.0	CSDJH	AT7	ATR 72	WI	OPO	2018-03-29 11:30:00	2018-03-29 11:59:00	2018-03-29 12:14:00	LIS	2018-03-29 13:02:00	2018-03-29 13:17:00	2018-03-29 12:30:00	J	WI	2018-03-29 12:18:50	12.0	71.0	0	11.0	240.0	9.0	3.73		SCT	BKN	M	1400.0	1800.0							14.0	280.0	9.0	6.21		FEW	SCT	M	3800.0	4200.0						
465739	2018-03-29 00:00:00	557.0	CSTNU	320	AIRBUS A320-211	NB	MUC	2018-03-29 11:35:00	2018-03-29 11:52:00	2018-03-29 12:03:00	LIS	2018-03-29 15:12:00	2018-03-29 15:16:00	2018-03-29 14:50:00	J	TP	2018-03-30 07:37:59	12.0	83.0	0	9.0	220.0	8.0	6.21		FEW	SCT	M	3300.0	8500.0							14.0	250.0	13.0	6.21		BKN	M	M	3700.0							
465740	2018-03-29 00:00:00	839.0	CSTTE	319	AIRBUS A319-111	NB	FCO	2018-03-29 11:35:00	2018-03-29 12:03:00	2018-03-29 12:16:00	LIS	2018-03-29 15:15:00	2018-03-29 15:22:00	2018-03-29 14:45:00	J	TP	2018-03-29 12:26:46	3.0	89.0	0	17.0	160.0	16.0	6.21		SCT	M	M	1100.0								14.0	250.0	13.0	6.21		BKN	M	M	3700.0							
465741	2018-03-29 00:00:00	939.0	CSTTP	319	AIRBUS A319-111	NB	GVA	2018-03-29 11:40:00	2018-03-29 11:43:00	2018-03-29 12:01:00	OPO	2018-03-29 14:12:00	2018-03-29 14:15:00	2018-03-29 13:55:00	J	TP	2018-04-02 08:35:59	3.0	89.0	0	10.0	210.0	14.0	6.21		FEW	BKN	M	2700.0	5000.0							11.0	210.0	7.0	4.97		FEW	FEW	BKN	900.0	1500.0	3000.0					
465742	2018-03-29 00:00:00	663.0	CSTNK	320	AIRBUS A320-211	NB	AMS	2018-03-29 11:45:00	2018-03-29 13:04:00	2018-03-29 13:20:00	LIS	2018-03-29 16:03:00	2018-03-29 16:07:00	2018-03-29 14:50:00	J	TP	2018-04-03 08:51:59	79.0	19.0	0	10.0	270.0	12.0	6.21		FEW	M	M	3000.0								14.0	240.0	15.0	6.21		BKN	M	M	3300.0							
465743	2018-03-29 00:00:00	201.0	CSTOK	332	AIRBUS A330-200	WB	LIS	2018-03-29 11:55:00	2018-03-29 11:54:00	2018-03-29 12:12:00	EWR	2018-03-29 20:09:00	2018-03-29 20:19:00	2018-03-29 19:50:00	J	TP					13.0	290.0	10.0	6.21		FEW	BKN	M	3800.0	4200.0								80.0	6.0	4.0		OVC	M	M	600.0							
465744	2018-03-29 00:00:00	368.0	CSTNI	320	AIRBUS A320-211	NB	LIS	2018-03-29 11:55:00	2018-03-29 11:53:00	2018-03-29 12:07:00	LHR	2018-03-29 14:18:00	2018-03-29 14:30:00	2018-03-29 14:35:00	J	TP					13.0	290.0	10.0	6.21		FEW	BKN	M	3800.0	4200.0							6.0	150.0	14.0	6.21		SCT	BKN	OVC	1400.0	1900.0	3100.0					
465745	2018-03-29 00:00:00	863.0	CSTTB	319	AIRBUS A319-111	NB	VCE	2018-03-29 11:55:00	2018-03-29 12:42:00	2018-03-29 12:49:00	LIS	2018-03-29 15:50:00	2018-03-29 15:53:00	2018-03-29 15:05:00	J	TP	2018-03-29 13:31:51	25.0	16.0	H	13.0	30.0	6.0	4.97		SCT	M	M	5000.0								14.0	240.0	15.0	6.21		BKN	M	M	3300.0							
465746	2018-03-29 00:00:00	1938.0	CSDJF	AT7	ATR 72	WI	LIS	2018-03-29 12:00:00	2018-03-29 12:01:00	2018-03-29 12:10:00	OPO	2018-03-29 13:07:00	2018-03-29 13:09:00	2018-03-29 13:00:00	J	WI	2018-03-29 12:03:59	1.0	89.0	0	13.0	290.0	10.0	6.21		FEW	BKN	M	3800.0	4200.0							11.0	230.0	7.0	6.21		FEW	SCT	M	2000.0	4000.0						
465747	2018-03-29 00:00:00	117.0	CSTOM	332	AIRBUS A330-200	WB	LIS	2018-03-29 12:05:00	2018-03-29 12:14:00	2018-03-29 12:28:00	POA	2018-03-29 23:09:00	2018-03-29 23:16:00	2018-03-29 23:25:00	J	TP	2018-03-29 12:39:59	9.0	89.0	0	13.0	290.0	10.0	6.21		FEW	BKN	M	3800.0	4200.0							24.0	140.0	6.0	6.21		M	M	M								
465748	2018-03-29 00:00:00	439.0	CSTMW	320	AIRBUS A320-211	NB	ORY	2018-03-29 12:10:00	2018-03-29 12:59:00	2018-03-29 13:08:00	LIS	2018-03-29 15:27:00	2018-03-29 15:31:00	2018-03-29 14:40:00	J	TP	2018-03-30 07:39:59	20.0	87.0	0	11.0	210.0	13.0	6.21		BKN	SCT	BKN	4700.0	5300.0	21000.0						14.0	250.0	13.0	6.21		BKN	M	M	3700.0							
465749	2018-03-29 00:00:00	466.0	CSTPW	E90	EMBRAER 190	PGA	LIS	2018-03-29 12:10:00	2018-03-29 13:14:00	2018-03-29 13:26:00	BOD	2018-03-29 14:50:00	2018-03-29 14:53:00	2018-03-29 13:55:00	J	NI	2018-04-05 15:55:59	15.0	93.0	M	14.0	270.0	10.0	6.21	20.0	BKN	M	M	4400.0								14.0	240.0	13.0	6.21		BKN	BKN	M	4100.0	5000.0						
465750	2018-03-29 00:00:00	1682.0	CSTQD	320	AIRBUS A320-211	NB	FNC	2018-03-29 12:10:00	2018-03-29 12:31:00	2018-03-29 12:39:00	LIS	2018-03-29 14:03:00	2018-03-29 14:06:00	2018-03-29 13:50:00	J	TP	2018-03-29 12:53:51	12.0	83.0	0	16.0	10.0	13.0	6.21		SCT	SCT	M	1300.0	3000.0							14.0	280.0	9.0	6.21		FEW	SCT	M	3800.0	4400.0						
465751	2018-03-29 00:00:00	79.0	CSTOP	332	AIRBUS A330-200	WB	OPO	2018-03-29 12:20:00	2018-03-29 12:45:00	2018-03-29 13:04:00	GIG	2018-03-29 22:38:00	2018-03-29 22:43:00	2018-03-29 22:40:00	J	TP	2018-04-13 15:24:59	1.0	32.0	C	10.0	220.0	7.0	6.21		SCT	BKN	M	1700.0	2200.0							27.0	100.0	15.0	6.21		FEW	M	M	4000.0							
465752	2018-03-29 00:00:00	1028.0	CSTTJ	319	AIRBUS A319-111	NB	LIS	2018-03-29 12:20:00	2018-03-29 12:22:00	2018-03-29 12:35:00	MAD	2018-03-29 13:32:00	2018-03-29 13:40:00	2018-03-29 13:35:00	J	TP	2018-03-29 12:45:59	2.0	89.0	0	14.0	290.0	10.0	6.21	20.0	SCT	M	M	4400.0								15.0	200.0	11.0	6.21	25.0	SCT	M	M	4500.0							
465753	2018-03-29 00:00:00	1861.0	FHBAL	319	AIRBUS A319-111	NB	OPO	2018-03-29 12:20:00	2018-03-29 12:29:00	2018-03-29 12:43:00	PDL	2018-03-29 15:02:00	2018-03-29 15:05:00	2018-03-29 14:45:00	J	TP	2018-03-29 12:57:55	9.0	71.0	0	10.0	220.0	7.0	6.21		SCT	BKN	M	1700.0	2200.0							15.0	280.0	18.0	6.21		FEW	SCT	M	2500.0	4000.0						
465754	2018-03-29 00:00:00	522.0	CSTTX	E95	EMBRAER 195	PGA	LIS	2018-03-29 12:25:00	2018-03-29 12:24:00	2018-03-29 12:41:00	STR	2018-03-29 15:01:00	2018-03-29 15:09:00	2018-03-29 15:15:00	J	NI					14.0	290.0	10.0	6.21	20.0	SCT	M	M	4400.0								9.0	360.0	5.0	6.21		SCT	SCT	BKN	4700.0	11000.0	25000.0					
465755	2018-03-29 00:00:00	926.0	CSTJF	321	AIRBUS A321-211	NB	LIS	2018-03-29 12:30:00	2018-03-29 12:32:00	2018-03-29 12:48:00	ZRH	2018-03-29 15:01:00	2018-03-29 15:09:00	2018-03-29 15:10:00	J	TP	2018-03-29 13:10:59	2.0	39.0	C	14.0	290.0	10.0	6.21	20.0	SCT	M	M	4400.0								6.0	270.0	3.0	6.21		FEW	BKN	M	2300.0	3300.0						
465756	2018-03-29 00:00:00	1039.0	CSTNJ	320	AIRBUS A320-211	NB	BCN	2018-03-29 12:30:00	2018-03-29 12:52:00	2018-03-29 13:07:00	LIS	2018-03-29 14:46:00	2018-03-29 14:46:00	2018-03-29 14:25:00	J	TP	2018-04-18 09:09:59	5.0	82.0	0	15.0	190.0	10.0	6.21		FEW	M	M	2000.0								14.0	260.0	14.0	6.21		BKN	M	M	4000.0							
465757	2018-03-29 00:00:00	1906.0	CSTTK	319	AIRBUS A319-111	NB	FAO	2018-03-29 12:30:00	2018-03-29 13:17:00	2018-03-29 13:25:00	LIS	2018-03-29 14:06:00	2018-03-29 14:09:00	2018-03-29 13:15:00	J	TP	2018-03-29 13:30:01	47.0	93.0	0	16.0	240.0	14.0	6.21		M	M	M									14.0	280.0	9.0	6.21		FEW	SCT	M	3800.0	4400.0						
465758	2018-03-29 00:00:00	1939.0	CSDJD	AT7	ATR 72	WI	OPO	2018-03-29 12:30:00	2018-03-29 12:37:00	2018-03-29 12:50:00	LIS	2018-03-29 13:31:00	2018-03-29 13:34:00	2018-03-29 13:30:00	J	WI	2018-03-29 12:52:49	2.0	89.0	0	10.0	220.0	7.0	6.21		SCT	BKN	M	1700.0	2200.0							14.0	280.0	9.0	6.21		FEW	SCT	M	3800.0	4200.0						
465759	2018-03-29 00:00:00	9314.0	ECLPR	738	BOEING 737-800		PMI	2018-03-29 12:30:00	2018-03-29 12:55:00	2018-03-29 13:06:00	OPO	2018-03-29 14:47:00	2018-03-29 14:51:00	2018-03-29 14:25:00	P	UX					21.0	220.0	12.0	6.21		FEW	M	M	2500.0								12.0	230.0	10.0	6.21		FEW	FEW	BKN	1500.0	2000.0	3000.0					
465760	2018-03-29 00:00:00	1681.0	CSTNL	320	AIRBUS A320-211	NB	LIS	2018-03-29 12:35:00	2018-03-29 12:52:00	2018-03-29 13:00:00	FNC	2018-03-29 14:26:00	2018-03-29 14:29:00	2018-03-29 14:15:00	J	TP	2018-03-29 13:05:59	17.0	89.0	0	14.0	270.0	10.0	6.21	20.0	BKN	M	M	4400.0								15.0	20.0	14.0	6.21		SCT	BKN	M	1300.0	3000.0						
465761	2018-03-29 00:00:00	359.0	CSTTC	319	AIRBUS A319-111	NB	LHR	2018-03-29 12:45:00	2018-03-29 13:31:00	2018-03-29 13:48:00	LIS	2018-03-29 16:08:00	2018-03-29 16:11:00	2018-03-29 15:30:00	J	TP	2018-03-29 14:06:02	36.0	83.0	0	8.0	150.0	12.0	6.21		SCT	BKN	BKN	2100.0	2700.0	3500.0						14.0	240.0	15.0	6.21		BKN	M	M	3300.0							
465762	2018-03-29 00:00:00	402.0	CSTTZ	E95	EMBRAER 195	PGA	LIS	2018-03-29 12:45:00	2018-03-29 13:03:00	2018-03-29 13:14:00	MRS	2018-03-29 14:57:00	2018-03-29 15:00:00	2018-03-29 15:00:00	J	NI	2018-03-29 13:35:59	5.0	89.0	0	14.0	270.0	10.0	6.21	20.0	BKN	M	M	4400.0								18.0	250.0	8.0	6.21		M	M	M								
465763	2018-03-29 00:00:00	924.0	CSTPO	E90	EMBRAER 190	PGA	OPO	2018-03-29 12:45:00	2018-03-29 12:40:00	2018-03-29 12:55:00	ZRH	2018-03-29 15:04:00	2018-03-29 15:10:00	2018-03-29 15:15:00	J	NI					10.0	220.0	7.0	6.21		SCT	BKN	M	1700.0	2200.0							6.0	270.0	3.0	6.21		FEW	BKN	M	2300.0	3300.0						
465764	2018-03-29 00:00:00	1119.0	CSTPQ	E90	EMBRAER 190	PGA	LPA	2018-03-29 12:45:00	2018-03-29 12:54:00	2018-03-29 13:07:00	LIS	2018-03-29 15:02:00	2018-03-29 15:06:00	2018-03-29 15:00:00	J	NI	2018-04-18 14:23:59	6.0	89.0	0	23.0	20.0	16.0	5.59		NSC	M	M									14.0	260.0	14.0	6.21		BKN	M	M	4000.0							
465765	2018-03-29 00:00:00	783.0	CSTNN	320	AIRBUS A320-211	NB	ARN	2018-03-29 12:50:00	2018-03-29 13:05:00	2018-03-29 13:16:00	LIS	2018-03-29 17:17:00	2018-03-29 17:20:00	2018-03-29 17:15:00	J	TP	2018-04-18 14:20:59	15.0	37.0	D	3.0	120.0	7.0	6.21	18.0	M	M	M									11.0	250.0	16.0	3.11		SCT	BKN	M	1000.0	1600.0						
465766	2018-03-29 00:00:00	1428.0	CSDJA	AT7	ATR 72	WI	LIS	2018-03-29 13:00:00	2018-03-29 13:10:00	2018-03-29 13:20:00	FEZ	2018-03-29 14:58:00	2018-03-29 15:00:00	2018-03-29 14:55:00	J	WI	2018-03-29 13:20:59	10.0	34.0	D	14.0	270.0	10.0	6.21	20.0	BKN	M	M	4400.0								20.0	290.0	4.0	6.21		FEW	SCT	BKN	3000.0	10000.0	23000.0					
465767	2018-03-29 00:00:00	1946.0	CSDJB	AT7	ATR 72	WI	LIS	2018-03-29 13:00:00	2018-03-29 13:15:00	2018-03-29 13:22:00	OPO	2018-03-29 14:18:00	2018-03-29 14:20:00	2018-03-29 14:00:00	J	WI	2018-03-29 13:25:59	15.0	93.0	Q	14.0	270.0	10.0	6.21	20.0	BKN	M	M	4400.0								13.0	230.0	14.0	6.21	24.0	SCT	FEW	BKN	1500.0	2000.0	3000.0					
465768	2018-03-29 00:00:00	1042.0	CSTTH	319	AIRBUS A319-111	NB	LIS	2018-03-29 13:05:00	2018-03-29 13:19:00	2018-03-29 13:32:00	BCN	2018-03-29 14:49:00	2018-03-29 14:54:00	2018-03-29 14:55:00	J	TP	2018-03-29 13:43:59	5.0	89.0	0	14.0	280.0	9.0	6.21		FEW	SCT	M	3800.0	4200.0							15.0	190.0	8.0	6.21		FEW	M	M	3000.0							
465769	2018-03-29 00:00:00	2729.0	CSTNS	320	AIRBUS A320-211	NB	OPO	2018-03-29 13:05:00	2018-03-29 14:00:00	2018-03-29 14:14:00	LIS	2018-03-29 14:51:00	2018-03-29 14:55:00	2018-03-29 14:00:00	G	TP	2018-03-30 07:43:59	3.0	89.0	0	11.0	210.0	7.0	4.97		FEW	FEW	BKN	900.0	1500.0	3000.0						14.0	260.0	14.0	6.21		BKN	M	M	4000.0							
465770	2018-03-29 00:00:00	484.0	CSTPR	E90	EMBRAER 190	PGA	LIS	2018-03-29 13:10:00	2018-03-29 13:25:00	2018-03-29 13:35:00	NCE	2018-03-29 15:29:00	2018-03-29 15:35:00	2018-03-29 15:35:00	J	NI	2018-03-29 13:35:59	5.0	89.0	0	14.0	280.0	9.0	6.21		FEW	SCT	M	3800.0	4200.0							15.0	210.0	17.0	6.21		FEW	M	M	6600.0							
465771	2018-03-29 00:00:00	948.0	CSTNX	320	AIRBUS A320-211	NB	LIS	2018-03-29 13:10:00	2018-03-29 13:17:00	2018-03-29 13:29:00	GVA	2018-03-29 15:24:00	2018-03-29 15:28:00	2018-03-29 15:30:00	J	TP	2018-03-29 14:47:59	4.0	89.0	0	14.0	280.0	9.0	6.21		FEW	SCT	M	3800.0	4200.0							12.0	240.0	9.0	6.21		FEW	SCT	M	3000.0	4500.0						
465772	2018-03-29 00:00:00	1265.0	CSTNG	320	AIRBUS A320-211	NB	WAW	2018-03-29 13:10:00	2018-03-29 13:18:00	2018-03-29 13:30:00	LIS	2018-03-29 17:31:00	2018-03-29 17:34:00	2018-03-29 17:25:00	J	TP	2018-03-29 13:38:50	8.0	81.0	0	4.0	180.0	3.0	1.43		SCT	BKN	M	300.0	700.0							11.0	250.0	16.0	3.11		SCT	BKN	M	1000.0	1600.0						
465773	2018-03-29 00:00:00	1450.0	CSTPP	E90	EMBRAER 190	PGA	LIS	2018-03-29 13:10:00	2018-03-29 13:23:00	2018-03-29 13:39:00	RAK	2018-03-29 14:55:00	2018-03-29 14:58:00	2018-03-29 14:45:00	J	NI	2018-03-29 13:50:59	8.0	89.0	0	14.0	280.0	9.0	6.21		FEW	SCT	M	3800.0	4200.0							26.0	310.0	6.0	6.21		SCT	SCT	M	9000.0	20000.0						
465774	2018-03-29 00:00:00	1105.0	CSDJG	AT7	ATR 72	WI	SVQ	2018-03-29 13:15:00	2018-03-29 13:38:00	2018-03-29 13:45:00	LIS	2018-03-29 14:58:00	2018-03-29 15:01:00	2018-03-29 14:25:00	J	WI	2018-03-29 13:56:50	23.0	83.0	0	18.0	270.0	9.0	6.21	21.0	FEW	M	M	4500.0								14.0	260.0	14.0	6.21		BKN	M	M	4000.0							
465775	2018-03-29 00:00:00	1434.0	CSTTD	319	AIRBUS A319-111	NB	LIS	2018-03-29 13:15:00	2018-03-29 14:20:00	2018-03-29 14:29:00	CMN	2018-03-29 15:29:00	2018-03-29 15:33:00	2018-03-29 14:55:00	J	TP	2018-04-06 12:15:59	3.0	93.0	N	15.0	260.0	10.0	6.21		BKN	M	M	4000.0								18.0	360.0	9.0	6.21		SCT	SCT	M	2000.0	10000.0						
465776	2018-03-29 00:00:00	1868.0	CSTNP	320	AIRBUS A320-211	NB	PDL	2018-03-29 13:15:00	2018-03-29 14:05:00	2018-03-29 14:15:00	LIS	2018-03-29 16:18:00	2018-03-29 16:22:00	2018-03-29 15:30:00	J	TP	2018-03-30 07:45:59	50.0	83.0	0	15.0	320.0	10.0	6.21		FEW	SCT	M	2500.0	4000.0							13.0	250.0	12.0	6.21		FEW	BKN	M	3000.0	3500.0						
465777	2018-03-29 00:00:00	472.0	CSTTW	E95	EMBRAER 195	PGA	LIS	2018-03-29 13:20:00	2018-03-29 13:32:00	2018-03-29 13:47:00	LYS	2018-03-29 15:35:00	2018-03-29 15:40:00	2018-03-29 15:35:00	J	NI	2018-04-09 15:56:59	10.0	89.0	0	14.0	280.0	9.0	6.21		FEW	SCT	M	3800.0	4200.0							14.0	120.0	5.0	6.21		FEW	M	M	4500.0							
465778	2018-03-29 00:00:00	586.0	CSTPU	E90	EMBRAER 190	PGA	LIS	2018-03-29 13:20:00	2018-03-29 13:28:00	2018-03-29 13:42:00	CGN	2018-03-29 16:03:00	2018-03-29 16:06:00	2018-03-29 16:10:00	J	NI	2018-03-29 13:54:59	8.0	86.0	D	14.0	280.0	9.0	6.21		FEW	SCT	M	3800.0	4200.0							11.0		2.0	6.21		FEW	M	M	4700.0							
465779	2018-03-29 00:00:00	1141.0	CSDJC	AT7	ATR 72	WI	VGO	2018-03-29 13:20:00	2018-03-29 13:39:00	2018-03-29 13:45:00	LIS	2018-03-29 14:44:00	2018-03-29 14:48:00	2018-03-29 14:40:00	J	WI	2018-03-29 13:48:55	19.0	83.0	0	9.0	190.0	6.0	6.21		SCT	BKN	BKN	800.0	1300.0	2500.0						14.0	260.0	14.0	6.21		BKN	M	M	4000.0							
465780	2018-03-29 00:00:00	324.0	CSTTY	E95	EMBRAER 195	PGA	LIS	2018-03-29 13:25:00	2018-03-29 13:41:00	2018-03-29 13:55:00	MAN	2018-03-29 16:10:00	2018-03-29 16:19:00	2018-03-29 16:15:00	J	NI	2018-03-29 14:20:59	11.0	19.0	B	14.0	280.0	9.0	6.21		FEW	SCT	M	3800.0	4200.0							6.0	110.0	8.0	6.21		FEW	BKN	M	1700.0	2700.0						
465781	2018-03-29 00:00:00	1274.0	CSTJG	321	AIRBUS A321-211	NB	LIS	2018-03-29 13:25:00	2018-03-29 13:44:00	2018-03-29 14:11:00	VIE	2018-03-29 16:58:00	2018-03-29 17:06:00	2018-03-29 16:45:00	J	TP	2018-03-29 14:26:59	12.0	19.0	B	14.0	280.0	9.0	6.21		FEW	SCT	M	3800.0	4200.0							9.0	230.0	10.0	6.21		FEW	BKN	M	5000.0	6000.0						
465782	2018-03-29 00:00:00	643.0	CSTTN	319	AIRBUS A319-111	NB	BRU	2018-03-29 13:30:00	2018-03-29 14:05:00	2018-03-29 14:15:00	LIS	2018-03-29 16:47:00	2018-03-29 16:52:00	2018-03-29 16:20:00	J	TP	2018-03-29 14:17:58	3.0	83.0	0	10.0	220.0	7.0	6.21		FEW	M	M	4600.0								13.0	250.0	14.0	6.21		FEW	BKN	M	2800.0	3500.0						
465783	2018-03-29 00:00:00	1123.0	CSDJE	AT7	ATR 72	WI	ALC	2018-03-29 13:30:00	2018-03-29 13:52:00	2018-03-29 14:01:00	LIS	2018-03-29 16:07:00	2018-03-29 16:11:00	2018-03-29 16:00:00	J	WI	2018-03-29 14:06:03	22.0	83.0	0	23.0	110.0	7.0	6.21		M	M	M									14.0	240.0	15.0	6.21		BKN	M	M	3300.0							
465784	2018-03-29 00:00:00	1558.0	CSTNT	320	AIRBUS A320-211	NB	VXE	2018-03-29 13:30:00	2018-03-29 13:33:00	2018-03-29 13:41:00	LIS	2018-03-29 17:22:00	2018-03-29 17:26:00	2018-03-29 17:25:00	J	TP	2018-03-29 13:42:59	3.0	93.0	0	25.0	50.0	18.0	6.21		FEW	M	M	2200.0								11.0	250.0	16.0	3.11		SCT	BKN	M	1000.0	1600.0						
465785	2018-03-29 00:00:00	1947.0	CSDJF	AT7	ATR 72	WI	OPO	2018-03-29 13:30:00	2018-03-29 13:51:00	2018-03-29 14:06:00	LIS	2018-03-29 14:49:00	2018-03-29 14:52:00	2018-03-29 14:30:00	J	WI	2018-03-29 14:12:01	12.0	83.0	0	11.0	210.0	7.0	4.97		FEW	FEW	BKN	900.0	1500.0	3000.0						14.0	260.0	14.0	6.21		BKN	M	M	4000.0							
465786	2018-03-29 00:00:00	1300.0	CSTRO	320	AIRBUS A320-211	NB	LIS	2018-03-29 13:35:00	2018-03-29 14:09:00	2018-03-29 14:19:00	PRG	2018-03-29 17:00:00	2018-03-29 17:08:00	2018-03-29 16:50:00	J	TP	2018-03-29 15:01:59	9.0	89.0	0	14.0	280.0	9.0	6.21		FEW	SCT	M	3800.0	4400.0							7.0	260.0	7.0	6.21		M	M	M								
465787	2018-03-29 00:00:00	687.0	CSTTU	319	AIRBUS A319-111	NB	LUX	2018-03-29 13:40:00	2018-03-29 13:52:00	2018-03-29 14:00:00	OPO	2018-03-29 16:25:00	2018-03-29 16:27:00	2018-03-29 16:10:00	J	TP	2018-03-29 14:06:51	7.0	87.0	0	8.0	220.0	11.0	6.21		FEW	SCT	BKN	2500.0	3600.0	4200.0						12.0	210.0	17.0	6.21		SCT	FEW	BKN	1300.0	1500.0	2500.0					
465788	2018-03-29 00:00:00	576.0	CSTNQ	320	AIRBUS A320-211	NB	LIS	2018-03-29 13:45:00	2018-03-29 13:55:00	2018-03-29 14:08:00	FRA	2018-03-29 16:38:00	2018-03-29 16:47:00	2018-03-29 16:50:00	J	TP	2018-03-29 14:21:59	10.0	81.0	0	14.0	280.0	9.0	6.21		FEW	SCT	M	3800.0	4400.0							10.0	220.0	11.0	6.21		FEW	M	M	4500.0							
465789	2018-03-29 00:00:00	871.0	TSINO	320	AIRBUS A320-211	NB	BLQ	2018-03-29 13:45:00	2018-03-29 13:50:00	2018-03-29 14:13:00	LIS	2018-03-29 16:58:00	2018-03-29 17:00:00	2018-03-29 16:45:00	J	TP	2018-03-29 14:26:56	5.0	81.0	0	18.0	290.0	5.0	6.21		FEW	SCT	M	5500.0	7500.0							13.0	250.0	14.0	6.21		FEW	BKN	M	2800.0	3500.0						
465790	2018-03-29 00:00:00	353.0	CSTPT	E90	EMBRAER 190	PGA	LCY	2018-03-29 13:50:00	2018-03-29 13:59:00	2018-03-29 14:07:00	OPO	2018-03-29 16:09:00	2018-03-29 16:13:00	2018-03-29 16:10:00	J	NI	2018-03-29 14:52:10	7.0	19.0	B	8.0	150.0	11.0	6.21		SCT	BKN	BKN	1700.0	2100.0	2900.0						12.0	230.0	12.0	6.21		FEW	FEW	BKN	1500.0	2000.0	3000.0					
465791	2018-03-29 00:00:00	432.0	CSTTL	319	AIRBUS A319-111	NB	LIS	2018-03-29 13:50:00	2018-03-29 14:38:00	2018-03-29 14:55:00	ORY	2018-03-29 16:51:00	2018-03-29 16:56:00	2018-03-29 16:15:00	J	TP	2018-03-29 15:09:59	13.0	89.0	0	15.0	260.0	10.0	6.21		BKN	M	M	4000.0								8.0	250.0	16.0	6.21		FEW	BKN	M	3300.0	5300.0						
465792	2018-03-29 00:00:00	554.0	CSTOH	332	AIRBUS A330-200	WB	LIS	2018-03-29 13:55:00	2018-03-29 14:02:00	2018-03-29 14:22:00	MUC	2018-03-29 16:54:00	2018-03-29 17:05:00	2018-03-29 16:55:00	J	TP	2018-03-29 14:49:59	7.0	65.0	0	14.0	280.0	9.0	6.21		FEW	SCT	M	3800.0	4400.0							8.0	170.0	8.0	6.21		FEW	BKN	M	2500.0	5500.0						
465793	2018-03-29 00:00:00	662.0	CSTNR	320	AIRBUS A320-211	NB	LIS	2018-03-29 14:00:00	2018-03-29 14:42:00	2018-03-29 15:04:00	AMS	2018-03-29 17:27:00	2018-03-29 18:01:00	2018-03-29 16:50:00	J	TP	2018-03-29 15:10:59	4.0	83.0	0	15.0	260.0	10.0	6.21		BKN	M	M	4000.0								7.0	40.0	3.0	6.21		FEW	M	M	3500.0							
465794	2018-03-29 00:00:00	1952.0	CSDJH	AT7	ATR 72	WI	LIS	2018-03-29 14:00:00	2018-03-29 14:21:00	2018-03-29 14:32:00	OPO	2018-03-29 15:30:00	2018-03-29 15:33:00	2018-03-29 15:00:00	J	WI	2018-03-29 14:34:59	21.0	89.0	0	15.0	260.0	10.0	6.21		BKN	M	M	4000.0								12.0	220.0	12.0	6.21		FEW	SCT	M	1500.0	4000.0						
465795	2018-03-29 00:00:00	356.0	CSTNH	320	AIRBUS A320-211	NB	LIS	2018-03-29 14:05:00	2018-03-29 15:11:00	2018-03-29 15:22:00	LHR	2018-03-29 17:36:00	2018-03-29 17:45:00	2018-03-29 16:45:00	J	TP	2018-03-29 15:48:59	3.0	89.0	0	14.0	260.0	14.0	6.21		BKN	M	M	4000.0								7.0	180.0	11.0	6.21		BKN	BKN	BKN	1800.0	2600.0	4000.0					
465796	2018-03-29 00:00:00	1315.0	CSTKR	763	BOEING 767-300/300ER		BUD	2018-03-29 14:10:00	2018-03-29 15:29:00	2018-03-29 15:42:00	LIS	2018-03-29 19:37:00	2018-03-29 19:43:00	2018-03-29 18:00:00	J	TP	2018-04-06 12:08:59	79.0	93.0	R	9.0	200.0	6.0	4.97		FEW	OVC	M	1800.0	5600.0							12.0	220.0	13.0	6.21		SCT	BKN	M	1300.0	2400.0						
465797	2018-03-29 00:00:00	496.0	CSTPS	E90	EMBRAER 190	PGA	LIS	2018-03-29 14:15:00	2018-03-29 15:06:00	2018-03-29 15:17:00	TLS	2018-03-29 16:37:00	2018-03-29 16:43:00	2018-03-29 16:05:00	J	NI	2018-03-29 15:19:59	27.0	89.0	0	14.0	260.0	14.0	6.21		BKN	M	M	4000.0								14.0	190.0	1.0	6.21		FEW	BKN	OVC	1500.0	5600.0	6800.0					
465798	2018-03-29 00:00:00	1027.0	CSTTJ	319	AIRBUS A319-111	NB	MAD	2018-03-29 14:30:00	2018-03-29 15:07:00	2018-03-29 15:19:00	LIS	2018-03-29 16:21:00	2018-03-29 16:24:00	2018-03-29 15:50:00	J	TP	2018-03-29 15:25:11	32.0	83.0	0	15.0	200.0	13.0	6.21		FEW	M	M	4500.0								13.0	250.0	12.0	6.21		FEW	BKN	M	3000.0	3500.0						
465799	2018-03-29 00:00:00	1949.0	CSDJB	AT7	ATR 72	WI	OPO	2018-03-29 14:30:00	2018-03-29 14:51:00	2018-03-29 14:59:00	LIS	2018-03-29 15:42:00	2018-03-29 15:46:00	2018-03-29 15:30:00	J	WI	2018-03-29 15:06:02	1.0	89.0	0	12.0	230.0	10.0	6.21		FEW	FEW	BKN	1500.0	2000.0	3000.0						14.0	240.0	15.0	6.21		BKN	M	M	3300.0							
465800	2018-03-29 00:00:00	467.0	CSTPW	E90	EMBRAER 190	PGA	BOD	2018-03-29 14:35:00	2018-03-29 15:30:00	2018-03-29 15:40:00	LIS	2018-03-29 17:17:00	2018-03-29 17:22:00	2018-03-29 16:30:00	J	NI	2018-03-29 15:52:03	55.0	93.0	0	14.0	230.0	13.0	6.21		FEW	SCT	M	4400.0	15000.0							11.0	250.0	16.0	3.11		SCT	BKN	M	1000.0	1600.0						
465801	2018-03-29 00:00:00	842.0	CSTQD	320	AIRBUS A320-211	NB	LIS	2018-03-29 14:35:00	2018-03-29 15:15:00	2018-03-29 15:27:00	FCO	2018-03-29 17:49:00	2018-03-29 17:59:00	2018-03-29 17:25:00	J	TP	2018-03-29 15:52:59	14.0	89.0	0	14.0	260.0	14.0	6.21		BKN	M	M	4000.0								14.0	150.0	13.0	6.21		FEW	M	M	2500.0							
465802	2018-03-29 00:00:00	441.0	FHBIS	320	AIRBUS A320-211	NB	ORY	2018-03-29 14:40:00	2018-03-29 15:24:00	2018-03-29 15:34:00	LIS	2018-03-29 18:07:00	2018-03-29 18:10:00	2018-03-29 17:10:00	J	TP	2018-03-30 07:56:59	15.0	81.0	0	11.0	190.0	13.0	6.21		M	M	M									11.0	220.0	13.0	6.21		FEW	BKN	M	1000.0	1200.0						
465803	2018-03-29 00:00:00	659.0	CSTTR	319	AIRBUS A319-111	NB	AMS	2018-03-29 14:45:00	2018-03-29 15:10:00	2018-03-29 15:19:00	OPO	2018-03-29 17:45:00	2018-03-29 17:48:00	2018-03-29 17:30:00	J	TP	2018-04-03 08:49:59	25.0	85.0	0	9.0	270.0	10.0	6.21		FEW	M	M	3200.0								11.0	210.0	13.0	6.21		FEW	FEW	BKN	1200.0	1500.0	2000.0					
465804	2018-03-29 00:00:00	824.0	CSTJH	321	AIRBUS A321-211	NB	LIS	2018-03-29 14:50:00	2018-03-29 16:50:00	2018-03-29 17:09:00	MXP	2018-03-29 19:15:00	2018-03-29 19:24:00	2018-03-29 17:25:00	J	TP	2018-03-29 17:12:59	25.0	89.0	0	13.0	250.0	14.0	6.21		FEW	BKN	M	2800.0	3500.0							11.0	20.0	6.0	4.35		BKN	M	M	2500.0							
465805	2018-03-29 00:00:00	644.0	CSTTG	319	AIRBUS A319-111	NB	LIS	2018-03-29 14:55:00	2018-03-29 15:33:00	2018-03-29 15:46:00	BRU	2018-03-29 18:01:00	2018-03-29 18:06:00	2018-03-29 17:35:00	J	TP	2018-03-29 15:53:59	38.0	46.0	A	14.0	250.0	13.0	6.21		BKN	M	M	3700.0								9.0	170.0	6.0	6.21		M	M	M								
465806	2018-03-29 00:00:00	1676.0	CSTNL	320	AIRBUS A320-211	NB	FNC	2018-03-29 15:00:00	2018-03-29 15:16:00	2018-03-29 15:27:00	LIS	2018-03-29 16:50:00	2018-03-29 16:53:00	2018-03-29 16:35:00	J	TP	2018-04-02 08:32:59	2.0	89.0	0	15.0	20.0	13.0	6.21		SCT	BKN	M	1300.0	3000.0							13.0	250.0	14.0	6.21		FEW	BKN	M	2800.0	3500.0						
465807	2018-03-29 00:00:00	1960.0	CSDJD	AT7	ATR 72	WI	LIS	2018-03-29 15:00:00	2018-03-29 15:21:00	2018-03-29 15:33:00	OPO	2018-03-29 16:23:00	2018-03-29 16:25:00	2018-03-29 16:00:00	J	WI	2018-03-29 15:39:59	21.0	89.0	0	14.0	250.0	13.0	6.21		BKN	M	M	3700.0								12.0	210.0	17.0	6.21		SCT	FEW	BKN	1300.0	1500.0	2500.0					
465808	2018-03-29 00:00:00	456.0	CSTTA	319	AIRBUS A319-111	NB	OPO	2018-03-29 15:05:00	2018-03-29 15:06:00	2018-03-29 15:13:00	ORY	2018-03-29 16:47:00	2018-03-29 16:51:00	2018-03-29 17:10:00	J	TP	2018-03-29 15:21:14	1.0	89.0	0	12.0	230.0	10.0	6.21		FEW	FEW	BKN	1500.0	2000.0	3000.0						8.0	250.0	16.0	6.21		FEW	BKN	M	3300.0	5300.0						
465809	2018-03-29 00:00:00	833.0	CSTNM	320	AIRBUS A320-211	NB	FCO	2018-03-29 15:05:00	2018-03-29 16:02:00	2018-03-29 16:15:00	LIS	2018-03-29 19:11:00	2018-03-29 19:18:00	2018-03-29 18:10:00	J	TP	2018-03-30 08:01:59	6.0	89.0	0	15.0	150.0	19.0	6.21		SCT	M	M	1200.0								12.0	220.0	13.0	6.21		SCT	BKN	M	1300.0	2400.0						
465810	2018-03-29 00:00:00	1066.0	CSDJG	AT7	ATR 72	WI	LIS	2018-03-29 15:05:00	2018-03-29 15:40:00	2018-03-29 15:48:00	BIO	2018-03-29 17:20:00	2018-03-29 17:23:00	2018-03-29 17:10:00	J	WI	2018-03-29 15:54:59	35.0	93.0	M	14.0	250.0	13.0	6.21		BKN	M	M	3700.0								13.0	300.0	11.0	6.21		FEW	M	M	6500.0							
465811	2018-03-29 00:00:00	1687.0	CSTTQ	319	AIRBUS A319-111	NB	LIS	2018-03-29 15:05:00	2018-03-29 15:29:00	2018-03-29 15:38:00	FNC	2018-03-29 17:03:00	2018-03-29 17:06:00	2018-03-29 16:50:00	J	TP	2018-03-29 15:50:59	6.0	41.0	A	14.0	250.0	13.0	6.21		BKN	M	M	3700.0								15.0	10.0	15.0	6.21		FEW	BKN	M	1500.0	3000.0						
465812	2018-03-29 00:00:00	364.0	CSTNJ	320	AIRBUS A320-211	NB	LIS	2018-03-29 15:10:00	2018-03-29 16:02:00	2018-03-29 16:17:00	LHR	2018-03-29 18:28:00	2018-03-29 18:59:00	2018-03-29 17:50:00	J	TP	2018-03-29 16:53:59	20.0	41.0	A	14.0	240.0	15.0	6.21		BKN	M	M	3300.0								4.0	180.0	6.0	6.21		SCT	///	M	3100.0							
465813	2018-03-29 00:00:00	942.0	ECLPR	738	BOEING 737-800		OPO	2018-03-29 15:15:00	2018-03-29 15:49:00	2018-03-29 16:01:00	GVA	2018-03-29 17:40:00	2018-03-29 17:43:00	2018-03-29 17:20:00	J	TP	2018-04-02 09:02:59	6.0	89.0	0	12.0	230.0	12.0	6.21		FEW	FEW	BKN	1500.0	2000.0	3000.0						10.0	210.0	7.0	6.21		FEW	M	M	4000.0							
465814	2018-03-29 00:00:00	1529.0	CSTNW	320	AIRBUS A320-211	NB	ACC	2018-03-29 15:15:00	2018-03-29 16:10:00	2018-03-29 16:18:00	TMS	2018-03-29 17:39:00	2018-03-29 17:43:00	2018-03-29 16:55:00	J	TP	2018-04-06 14:14:59	31.0	93.0	H	30.0	190.0	15.0	6.21		SCT	M	M	1700.0								29.0	180.0	8.0	6.21		FEW	SCT	M	2000.0	4000.0						
465815	2018-03-29 00:00:00	1024.0	CSTTO	319	AIRBUS A319-111	NB	LIS	2018-03-29 15:20:00	2018-03-29 15:32:00	2018-03-29 15:43:00	MAD	2018-03-29 16:37:00	2018-03-29 16:45:00	2018-03-29 16:35:00	J	TP	2018-03-29 15:53:59	2.0	89.0	0	14.0	250.0	13.0	6.21		BKN	M	M	3700.0								15.0	210.0	16.0	6.21		FEW	M	M	4500.0							
465816	2018-03-29 00:00:00	1092.0	CSDJC	AT7	ATR 72	WI	LIS	2018-03-29 15:20:00	2018-03-29 15:27:00	2018-03-29 15:39:00	VLC	2018-03-29 17:21:00	2018-03-29 17:29:00	2018-03-29 17:25:00	J	WI	2018-03-29 15:40:59	7.0	93.0	R	14.0	250.0	13.0	6.21		BKN	M	M	3700.0								23.0	270.0	11.0	6.21		FEW	M	M	4500.0							
465817	2018-03-29 00:00:00	1903.0	CSTMW	320	AIRBUS A320-211	NB	LIS	2018-03-29 15:25:00	2018-03-29 16:49:00	2018-03-29 17:13:00	FAO	2018-03-29 17:42:00	2018-03-29 17:46:00	2018-03-29 16:10:00	J	TP	2018-03-29 17:20:59	23.0	89.0	0	13.0	250.0	14.0	6.21		FEW	BKN	M	2800.0	3500.0							15.0	270.0	18.0	6.21		FEW	M	M	4000.0							
465818	2018-03-29 00:00:00	1451.0	CSTPP	E90	EMBRAER 190	PGA	RAK	2018-03-29 15:30:00	2018-03-29 15:29:00	2018-03-29 15:42:00	LIS	2018-03-29 17:04:00	2018-03-29 17:10:00	2018-03-29 17:05:00	J	NI					26.0	300.0	8.0	6.21		SCT	SCT	M	9000.0	20000.0							13.0	250.0	14.0	6.21		FEW	BKN	M	2800.0	3500.0						
465819	2018-03-29 00:00:00	1951.0	CSDJH	AT7	ATR 72	WI	OPO	2018-03-29 15:30:00	2018-03-29 16:01:00	2018-03-29 16:13:00	LIS	2018-03-29 17:01:00	2018-03-29 17:03:00	2018-03-29 16:30:00	J	WI	2018-03-29 16:14:13	31.0	93.0	M	12.0	230.0	12.0	6.21		FEW	FEW	BKN	1500.0	2000.0	3000.0						13.0	250.0	14.0	6.21		FEW	BKN	M	2800.0	3500.0						
465820	2018-03-29 00:00:00	377.0	CSTNI	320	AIRBUS A320-211	NB	LHR	2018-03-29 15:35:00	2018-03-29 15:46:00	2018-03-29 16:17:00	LIS	2018-03-29 18:36:00	2018-03-29 18:40:00	2018-03-29 18:15:00	J	TP	2018-03-29 16:32:06	11.0	89.0	0	6.0	120.0	10.0	5.59		SCT	BKN	BKN	1100.0	1600.0	2000.0						12.0	230.0	12.0	6.21		SCT	M	M	1200.0							
465821	2018-03-29 00:00:00	1036.0	CSTNY	320	AIRBUS A320-211	NB	LIS	2018-03-29 15:35:00	2018-03-29 15:54:00	2018-03-29 16:07:00	BCN	2018-03-29 17:27:00	2018-03-29 17:32:00	2018-03-29 17:25:00	J	TP	2018-03-29 16:13:59	6.0	19.0	A	14.0	240.0	15.0	6.21		BKN	M	M	3300.0								14.0	210.0	4.0	6.21		FEW	M	M	1500.0							
465822	2018-03-29 00:00:00	1427.0	CSDJA	AT7	ATR 72	WI	FEZ	2018-03-29 15:35:00	2018-03-29 15:35:00	2018-03-29 15:50:00	LIS	2018-03-29 17:41:00	2018-03-29 17:44:00	2018-03-29 17:40:00	J	WI					20.0	260.0	7.0	6.21		FEW	SCT	BKN	3000.0	10000.0	23000.0						11.0	250.0	16.0	3.11		SCT	BKN	M	1000.0	1600.0						
465823	2018-03-29 00:00:00	1443.0	CSTTD	319	AIRBUS A319-111	NB	CMN	2018-03-29 15:35:00	2018-03-29 16:30:00	2018-03-29 16:42:00	LIS	2018-03-29 17:44:00	2018-03-29 17:47:00	2018-03-29 17:15:00	J	TP	2018-03-29 19:56:59	12.0	16.0	0	17.0	360.0	10.0	6.21		SCT	SCT	M	2000.0	10000.0							11.0	220.0	13.0	6.21		FEW	BKN	M	1000.0	1200.0						
465824	2018-03-29 00:00:00	1866.0	FHBAL	319	AIRBUS A319-111	NB	PDL	2018-03-29 15:35:00	2018-03-29 15:55:00	2018-03-29 16:07:00	OPO	2018-03-29 18:05:00	2018-03-29 18:08:00	2018-03-29 17:50:00	J	TP	2018-03-29 16:29:16	20.0	93.0	R	15.0	280.0	18.0	6.21		FEW	SCT	M	2500.0	4000.0							11.0	210.0	13.0	6.21		FEW	FEW	BKN	1200.0	1500.0	2000.0					
465825	2018-03-29 00:00:00	346.0	CSTPQ	E90	EMBRAER 190	PGA	LIS	2018-03-29 15:40:00	2018-03-29 16:10:00	2018-03-29 16:22:00	LCY	2018-03-29 18:40:00	2018-03-29 18:46:00	2018-03-29 18:20:00	J	NI	2018-03-29 16:27:59	24.0	82.0	0	14.0	240.0	15.0	6.21		BKN	M	M	3300.0								8.0	160.0	7.0	6.21		FEW	///	M	4000.0							
465826	2018-03-29 00:00:00	401.0	CSTTZ	E95	EMBRAER 195	PGA	MRS	2018-03-29 15:40:00	2018-03-29 15:56:00	2018-03-29 16:08:00	LIS	2018-03-29 18:18:00	2018-03-29 18:22:00	2018-03-29 18:05:00	J	NI	2018-03-29 16:17:08	8.0	49.0	0	17.0	230.0	10.0	6.21		M	M	M									12.0	230.0	12.0	6.21		SCT	M	M	1200.0							
465827	2018-03-29 00:00:00	438.0	CSTTS	319	AIRBUS A319-111	NB	LIS	2018-03-29 15:40:00	2018-03-29 16:13:00	2018-03-29 16:25:00	ORY	2018-03-29 18:19:00	2018-03-29 18:27:00	2018-03-29 18:05:00	J	TP	2018-03-29 16:31:59	30.0	93.0	A	14.0	240.0	15.0	6.21		BKN	M	M	3300.0								7.0	210.0	13.0	6.21		FEW	BKN	M	3600.0	4300.0						
465828	2018-03-29 00:00:00	1037.0	CSTTH	319	AIRBUS A319-111	NB	BCN	2018-03-29 15:40:00	2018-03-29 15:41:00	2018-03-29 15:53:00	LIS	2018-03-29 17:37:00	2018-03-29 17:41:00	2018-03-29 17:35:00	J	TP	2018-03-29 15:58:14	1.0	89.0	0	14.0	180.0	7.0	6.21		FEW	M	M	4000.0								11.0	250.0	16.0	3.11		SCT	BKN	M	1000.0	1600.0						
465829	2018-03-29 00:00:00	22.0	CSTOE	332	AIRBUS A330-200	WB	LIS	2018-03-29 15:45:00	2018-03-29 15:51:00	2018-03-29 16:10:00	SSA	2018-03-30 00:15:00	2018-03-30 00:26:00	2018-03-30 00:20:00	J	TP	2018-03-29 16:22:59	6.0	89.0	0	14.0	240.0	15.0	6.21		BKN	M	M	3300.0								27.0	120.0	6.0	6.21		FEW	M	M	2000.0							
465830	2018-03-29 00:00:00	523.0	CSTTX	E95	EMBRAER 195	PGA	STR	2018-03-29 15:55:00	2018-03-29 15:53:00	2018-03-29 16:07:00	LIS	2018-03-29 19:07:00	2018-03-29 19:11:00	2018-03-29 19:05:00	J	NI					9.0	10.0	4.0	6.21		SCT	SCT	BKN	4500.0	11000.0	25000.0						12.0	230.0	12.0	6.21		BKN	M	M	1300.0							
465831	2018-03-29 00:00:00	921.0	CSTPO	E90	EMBRAER 190	PGA	ZRH	2018-03-29 16:00:00	2018-03-29 16:48:00	2018-03-29 17:03:00	OPO	2018-03-29 19:35:00	2018-03-29 19:41:00	2018-03-29 18:35:00	J	NI	2018-03-29 17:06:18	27.0	82.0	0	6.0	170.0	5.0	6.21		FEW	BKN	M	1800.0	5600.0							10.0	250.0	9.0	6.21		FEW	FEW	BKN	1200.0	1500.0	4000.0					
465832	2018-03-29 00:00:00	927.0	CSTJF	321	AIRBUS A321-211	NB	ZRH	2018-03-29 16:00:00	2018-03-29 16:11:00	2018-03-29 16:27:00	LIS	2018-03-29 19:28:00	2018-03-29 19:35:00	2018-03-29 18:50:00	J	TP	2018-03-30 08:07:59	11.0	82.0	0	6.0	170.0	6.0	6.21		FEW	SCT	BKN	1800.0	5000.0	7500.0						12.0	220.0	13.0	6.21		SCT	BKN	M	1300.0	2400.0						
465833	2018-03-29 00:00:00	1962.0	CSDJF	AT7	ATR 72	WI	LIS	2018-03-29 16:00:00	2018-03-29 16:05:00	2018-03-29 16:20:00	OPO	2018-03-29 17:12:00	2018-03-29 17:15:00	2018-03-29 17:00:00	J	WI	2018-03-29 16:21:59	5.0	36.0	A	14.0	240.0	15.0	6.21		BKN	M	M	3300.0								12.0	220.0	13.0	6.21		SCT	FEW	M	1500.0	2000.0						
465834	2018-03-29 00:00:00	11.0	CSTOF	332	AIRBUS A330-200	WB	LIS	2018-03-29 16:05:00	2018-03-29 16:42:00	2018-03-29 17:01:00	REC	2018-03-30 00:09:00	2018-03-30 00:13:00	2018-03-29 23:45:00	J	TP	2018-03-29 22:49:59	37.0	46.0	A	13.0	250.0	12.0	6.21		FEW	BKN	M	3000.0	3500.0							25.0	210.0	3.0	6.21		SCT	BKN	M	2000.0	5000.0						
465835	2018-03-29 00:00:00	35.0	CSTOV	333	AIRBUS A330-300	WB	LIS	2018-03-29 16:05:00	2018-03-29 16:23:00	2018-03-29 16:43:00	FOR	2018-03-29 23:37:00	2018-03-29 23:46:00	2018-03-29 23:40:00	J	TP	2018-03-29 16:49:59	13.0	89.0	0	13.0	250.0	12.0	6.21		FEW	BKN	M	3000.0	3500.0							25.0	50.0	4.0	2.49		FEW	BKN	BKN	800.0	1400.0	8000.0					
465836	2018-03-29 00:00:00	209.0	CSTON	332	AIRBUS A330-200	WB	LIS	2018-03-29 16:10:00	2018-03-29 16:17:00	2018-03-29 16:35:00	JFK	2018-03-30 00:37:00	2018-03-30 00:52:00	2018-03-30 00:00:00	J	TP	2018-03-29 16:51:59	7.0	39.0	C	13.0	250.0	12.0	6.21		FEW	BKN	M	3000.0	3500.0							7.78	90.0	10.0	0.0		VV 	M	M	200.0							
465837	2018-03-29 00:00:00	477.0	CSTTW	E95	EMBRAER 195	PGA	LYS	2018-03-29 16:15:00	2018-03-29 16:30:00	2018-03-29 16:48:00	LIS	2018-03-29 19:16:00	2018-03-29 19:20:00	2018-03-29 18:45:00	J	NI	2018-03-30 08:09:59	10.0	87.0	A	14.0	90.0	4.0	6.21		FEW	M	M	4600.0								12.0	220.0	13.0	6.21		SCT	BKN	M	1300.0	2400.0						
465838	2018-03-29 00:00:00	487.0	CSTPR	E90	EMBRAER 190	PGA	NCE	2018-03-29 16:15:00	2018-03-29 16:10:00	2018-03-29 16:19:00	LIS	2018-03-29 18:44:00	2018-03-29 18:49:00	2018-03-29 18:50:00	J	NI					15.0	200.0	17.0	6.21		FEW	M	M	1000.0								12.0	230.0	12.0	6.21		BKN	M	M	1300.0							
465839	2018-03-29 00:00:00	947.0	CSTNX	320	AIRBUS A320-211	NB	GVA	2018-03-29 16:20:00	2018-03-29 16:22:00	2018-03-29 16:36:00	LIS	2018-03-29 18:54:00	2018-03-29 18:58:00	2018-03-29 18:55:00	J	TP	2018-03-29 16:37:18	2.0	89.0	0	12.0	230.0	10.0	6.21		FEW	SCT	M	3000.0	4500.0							12.0	230.0	12.0	6.21		BKN	M	M	1300.0							
465840	2018-03-29 00:00:00	1689.0	CSTTK	319	AIRBUS A319-111	NB	LIS	2018-03-29 16:30:00	2018-03-29 17:54:00	2018-03-29 18:08:00	FNC	2018-03-29 19:35:00	2018-03-29 19:38:00	2018-03-29 18:15:00	J	TP	2018-03-29 18:17:59	43.0	89.0	0	11.0	220.0	13.0	6.21		FEW	BKN	M	1000.0	1200.0							15.0	10.0	7.0	6.21	18.0	FEW	BKN	M	1600.0	3000.0						
465841	2018-03-29 00:00:00	1953.0	CSDJD	AT7	ATR 72	WI	OPO	2018-03-29 16:30:00	2018-03-29 17:02:00	2018-03-29 17:15:00	LIS	2018-03-29 18:04:00	2018-03-29 18:06:00	2018-03-29 17:30:00	J	WI	2018-03-29 17:19:22	3.0	16.0	H	12.0	220.0	13.0	6.21		SCT	FEW	M	1500.0	2000.0							11.0	220.0	13.0	6.21		FEW	BKN	M	1000.0	1200.0						
465842	2018-03-29 00:00:00	1112.0	CSDJE	AT7	ATR 72	WI	LIS	2018-03-29 16:40:00	2018-03-29 17:03:00	2018-03-29 17:26:00	OVD	2018-03-29 18:50:00	2018-03-29 18:55:00	2018-03-29 18:30:00	J	WI	2018-03-29 17:04:59	23.0	89.0	0	13.0	250.0	14.0	6.21		FEW	BKN	M	2800.0	3500.0							8.0	0.0	0.0	6.21		FEW	SCT	M	2500.0	6000.0						
465843	2018-03-29 00:00:00	493.0	CSTPS	E90	EMBRAER 190	PGA	TLS	2018-03-29 16:45:00	2018-03-29 17:29:00	2018-03-29 17:39:00	LIS	2018-03-29 19:33:00	2018-03-29 19:39:00	2018-03-29 18:45:00	J	NI	2018-03-30 08:13:59	37.0	93.0	0	13.0	40.0	3.0	6.21		BKN	OVC	M	4600.0	5400.0							12.0	220.0	13.0	6.21		SCT	BKN	M	1300.0	2400.0						
465844	2018-03-29 00:00:00	589.0	CSTPU	E90	EMBRAER 190	PGA	CGN	2018-03-29 16:50:00	2018-03-29 17:26:00	2018-03-29 17:33:00	LIS	2018-03-29 20:20:00	2018-03-29 20:23:00	2018-03-29 20:00:00	J	NI	2018-04-09 11:02:59	11.0	16.0	H	9.0		2.0	6.21		FEW	M	M	4700.0								12.0	250.0	13.0	6.21		FEW	M	M	1200.0							
465845	2018-03-29 00:00:00	338.0	CSTPT	E90	EMBRAER 190	PGA	OPO	2018-03-29 16:55:00	2018-03-29 17:00:00	2018-03-29 17:17:00	LGW	2018-03-29 19:07:00	2018-03-29 19:16:00	2018-03-29 19:10:00	J	NI	2018-03-29 17:24:13	5.0	16.0	H	12.0	220.0	13.0	6.21		SCT	FEW	M	1500.0	2000.0							6.0	160.0	7.0	6.21		FEW	M	M	3000.0							
465846	2018-03-29 00:00:00	816.0	CSTTU	319	AIRBUS A319-111	NB	OPO	2018-03-29 16:55:00	2018-03-29 17:24:00	2018-03-29 17:31:00	MXP	2018-03-29 19:18:00	2018-03-29 19:22:00	2018-03-29 19:30:00	J	TP	2018-03-29 17:38:16	12.0	16.0	H	12.0	210.0	13.0	6.21		FEW	FEW	BKN	1500.0	2000.0	2500.0						11.0	20.0	6.0	4.35		BKN	M	M	2500.0							
465847	2018-03-29 00:00:00	1904.0	CSTMW	320	AIRBUS A320-211	NB	FAO	2018-03-29 16:55:00	2018-03-29 18:30:00	2018-03-29 18:40:00	LIS	2018-03-29 19:27:00	2018-03-29 19:31:00	2018-03-29 17:40:00	J	TP	2018-03-29 18:54:30	95.0	93.0	0	14.0	270.0	19.0	6.21		FEW	M	M	4000.0								12.0	220.0	13.0	6.21		SCT	BKN	M	1300.0	2400.0						
465848	2018-03-29 00:00:00	321.0	CSTTY	E95	EMBRAER 195	PGA	MAN	2018-03-29 17:00:00	2018-03-29 17:11:00	2018-03-29 17:23:00	LIS	2018-03-29 19:53:00	2018-03-29 19:58:00	2018-03-29 19:45:00	J	NI	2018-03-29 17:39:17	7.0	87.0	0	6.0	90.0	8.0	6.21		SCT	SCT	M	3100.0	4700.0							12.0	240.0	10.0	6.21		SCT	BKN	M	1200.0	1800.0						
465849	2018-03-29 00:00:00	431.0	CSTTL	319	AIRBUS A319-111	NB	ORY	2018-03-29 17:00:00	2018-03-29 17:50:00	2018-03-29 17:57:00	LIS	2018-03-29 20:09:00	2018-03-29 20:13:00	2018-03-29 19:30:00	J	TP	2018-04-02 08:52:59	3.0	89.0	0	7.0	200.0	6.0	6.21		FEW	BKN	M	3600.0	4300.0							12.0	240.0	10.0	6.21		SCT	BKN	M	1200.0	1800.0						
465850	2018-03-29 00:00:00	566.0	CSTTB	319	AIRBUS A319-111	NB	LIS	2018-03-29 17:00:00	2018-03-29 17:37:00	2018-03-29 17:53:00	HAM	2018-03-29 20:33:00	2018-03-29 20:40:00	2018-03-29 20:15:00	J	TP	2018-03-29 17:57:59	22.0	89.0	0	11.0	250.0	16.0	3.11		SCT	BKN	M	1000.0	1600.0							1.0	350.0	3.0	6.21		FEW	BKN	M	1700.0	2200.0						
465851	2018-03-29 00:00:00	1964.0	CSDJH	AT7	ATR 72	WI	LIS	2018-03-29 17:00:00	2018-03-29 17:59:00	2018-03-29 18:17:00	OPO	2018-03-29 19:12:00	2018-03-29 19:16:00	2018-03-29 18:00:00	J	WI	2018-03-29 18:05:59	26.0	89.0	0	11.0	220.0	13.0	6.21		FEW	BKN	M	1000.0	1200.0							10.0	250.0	9.0	6.21		FEW	FEW	BKN	1200.0	1500.0	4000.0					
465852	2018-03-29 00:00:00	532.0	CSTTJ	319	AIRBUS A319-111	NB	LIS	2018-03-29 17:05:00	2018-03-29 17:23:00	2018-03-29 17:41:00	TXL	2018-03-29 20:33:00	2018-03-29 20:37:00	2018-03-29 20:30:00	J	TP	2018-03-29 17:47:59	18.0	89.0	0	11.0	250.0	16.0	3.11		SCT	BKN	M	1000.0	1600.0							5.0	280.0	6.0	6.21		BKN	BKN	M	3000.0	6300.0						
465853	2018-03-29 00:00:00	3.0	CSTOG	332	AIRBUS A330-200	WB	LIS	2018-03-29 17:10:00	2018-03-29 17:31:00	2018-03-29 17:47:00	NAT	2018-03-30 00:36:00	2018-03-30 00:42:00	2018-03-30 00:40:00	J	TP	2018-03-29 17:49:59	21.0	89.0	0	11.0	250.0	16.0	3.11		SCT	BKN	M	1000.0	1600.0							24.0	180.0	8.0	6.21		SCT	SCT	FEW	1000.0	1700.0	3300.0					
465854	2018-03-29 00:00:00	448.0	CSTTN	319	AIRBUS A319-111	NB	LIS	2018-03-29 17:10:00	2018-03-29 17:58:00	2018-03-29 18:13:00	ORY	2018-03-29 20:12:00	2018-03-29 20:17:00	2018-03-29 19:35:00	J	TP	2018-03-29 18:17:59	21.0	89.0	0	11.0	220.0	13.0	6.21		FEW	BKN	M	1000.0	1200.0							7.0	200.0	9.0	6.21		FEW	BKN	M	4300.0	6000.0						
465855	2018-03-29 00:00:00	572.0	CSTNP	320	AIRBUS A320-211	NB	LIS	2018-03-29 17:20:00	2018-03-29 17:43:00	2018-03-29 18:01:00	FRA	2018-03-29 20:33:00	2018-03-29 20:43:00	2018-03-29 20:20:00	J	TP	2018-03-29 18:04:59	23.0	89.0	0	11.0	250.0	16.0	3.11		SCT	BKN	M	1000.0	1600.0							3.0	160.0	3.0	6.21		M	M	M								
465856	2018-03-29 00:00:00	752.0	CSTNU	320	AIRBUS A320-211	NB	LIS	2018-03-29 17:20:00	2018-03-29 17:55:00	2018-03-29 18:11:00	CPH	2018-03-29 21:11:00	2018-03-29 21:17:00	2018-03-29 20:50:00	J	TP	2018-03-29 18:20:59	24.0	89.0	0	11.0	220.0	13.0	6.21		FEW	BKN	M	1000.0	1200.0							0.0	20.0	16.0	6.21		FEW	BKN	M	1900.0	2200.0						
465857	2018-03-29 00:00:00	1029.0	CSTTO	319	AIRBUS A319-111	NB	MAD	2018-03-29 17:20:00	2018-03-29 17:51:00	2018-03-29 18:07:00	LIS	2018-03-29 19:09:00	2018-03-29 19:13:00	2018-03-29 18:40:00	J	TP	2018-03-29 18:25:22	21.0	83.0	0	13.0	210.0	18.0	6.21		FEW	M	M	5000.0								12.0	230.0	12.0	6.21		BKN	M	M	1300.0							
465858	2018-03-29 00:00:00	1955.0	CSDJF	AT7	ATR 72	WI	OPO	2018-03-29 17:30:00	2018-03-29 17:43:00	2018-03-29 17:50:00	LIS	2018-03-29 18:34:00	2018-03-29 18:41:00	2018-03-29 18:30:00	J	WI	2018-03-29 17:56:13	13.0	93.0	E	12.0	210.0	13.0	6.21		FEW	FEW	BKN	1500.0	2000.0	2500.0						12.0	230.0	12.0	6.21		SCT	M	M	1200.0							
465859	2018-03-29 00:00:00	579.0	CSTNQ	320	AIRBUS A320-211	NB	FRA	2018-03-29 17:35:00	2018-03-29 17:52:00	2018-03-29 18:03:00	LIS	2018-03-29 20:56:00	2018-03-29 21:01:00	2018-03-29 20:45:00	J	TP	2018-03-30 08:17:59	17.0	16.0	H	8.0	180.0	5.0	6.21		FEW	M	M	4500.0								11.0	250.0	10.0	6.21		FEW	SCT	M	2200.0	3400.0						
465860	2018-03-29 00:00:00	668.0	CSTNS	320	AIRBUS A320-211	NB	LIS	2018-03-29 17:35:00	2018-03-29 18:01:00	2018-03-29 18:16:00	AMS	2018-03-29 20:39:00	2018-03-29 20:47:00	2018-03-29 20:30:00	J	TP	2018-03-29 18:20:59	26.0	89.0	0	11.0	220.0	13.0	6.21		FEW	BKN	M	1000.0	1200.0							7.0	110.0	9.0	6.21		FEW	SCT	M	3500.0	4800.0						
465861	2018-03-29 00:00:00	1305.0	CSTRO	320	AIRBUS A320-211	NB	PRG	2018-03-29 17:35:00	2018-03-29 17:50:00	2018-03-29 18:03:00	LIS	2018-03-29 21:25:00	2018-03-29 21:31:00	2018-03-29 21:05:00	J	TP	2018-03-29 18:07:14	15.0	93.0	H	4.0	270.0	4.0	6.21		M	M	M									12.0	240.0	12.0	6.21		FEW	M	M	1800.0							
465862	2018-03-29 00:00:00	1686.0	CSTTQ	319	AIRBUS A319-111	NB	FNC	2018-03-29 17:35:00	2018-03-29 17:39:00	2018-03-29 17:56:00	LIS	2018-03-29 19:30:00	2018-03-29 19:34:00	2018-03-29 19:10:00	J	TP	2018-03-30 08:16:59	2.0	93.0	H	15.0	10.0	16.0	6.21		FEW	BKN	M	1500.0	3000.0							12.0	220.0	13.0	6.21		SCT	BKN	M	1300.0	2400.0						
465863	2018-03-29 00:00:00	551.0	CSTOH	332	AIRBUS A330-200	WB	MUC	2018-03-29 17:40:00	2018-03-29 18:15:00	2018-03-29 18:29:00	LIS	2018-03-29 21:17:00	2018-03-29 21:23:00	2018-03-29 20:55:00	J	TP	2018-04-03 10:05:59	3.0	93.0	Q	6.0	180.0	10.0	6.21		SCT	BKN	M	4500.0	11000.0							12.0	240.0	12.0	6.21		FEW	M	M	1800.0							
465864	2018-03-29 00:00:00	661.0	CSTNR	320	AIRBUS A320-211	NB	AMS	2018-03-29 17:40:00	2018-03-29 19:09:00	2018-03-29 19:22:00	LIS	2018-03-29 22:07:00	2018-03-29 22:12:00	2018-03-29 20:45:00	J	TP	2018-04-17 08:23:59	9.0	16.0	0	6.0	90.0	6.0	6.21		M	M	M									11.0	240.0	10.0	6.21		FEW	SCT	M	1200.0	1600.0						
465865	2018-03-29 00:00:00	369.0	CSTNH	320	AIRBUS A320-211	NB	LHR	2018-03-29 17:45:00	2018-03-29 18:41:00	2018-03-29 19:17:00	LIS	2018-03-29 21:40:00	2018-03-29 21:47:00	2018-03-29 20:25:00	J	TP	2018-03-29 19:48:25	6.0	14.0	A	4.0	180.0	6.0	6.21		SCT	///	M	3100.0								11.0	240.0	10.0	6.21		FEW	SCT	M	1200.0	1600.0						
465866	2018-03-29 00:00:00	1273.0	CSTJG	321	AIRBUS A321-211	NB	VIE	2018-03-29 17:45:00	2018-03-29 18:07:00	2018-03-29 18:19:00	LIS	2018-03-29 22:01:00	2018-03-29 22:05:00	2018-03-29 21:20:00	J	TP	2018-03-29 18:26:27	6.0	89.0	0	8.0	220.0	8.0	6.21		FEW	OVC	M	4200.0	5000.0							11.0	240.0	10.0	6.21		FEW	SCT	M	1200.0	1600.0						
465867	2018-03-29 00:00:00	1067.0	CSDJG	AT7	ATR 72	WI	BIO	2018-03-29 17:50:00	2018-03-29 18:00:00	2018-03-29 18:10:00	LIS	2018-03-29 20:13:00	2018-03-29 20:18:00	2018-03-29 20:00:00	J	WI	2018-03-29 18:12:25	10.0	93.0	0	13.0	290.0	7.0	6.21		FEW	M	M	6500.0								12.0	250.0	13.0	6.21		FEW	M	M	1200.0							
465868	2018-03-29 00:00:00	457.0	CSTTA	319	AIRBUS A319-111	NB	ORY	2018-03-29 17:55:00	2018-03-29 18:03:00	2018-03-29 18:14:00	OPO	2018-03-29 20:09:00	2018-03-29 20:14:00	2018-03-29 20:00:00	J	TP	2018-03-29 18:36:24	8.0	85.0	0	7.0	200.0	6.0	6.21		FEW	BKN	M	3600.0	4300.0							10.0	250.0	7.0	6.21		BKN	BKN	M	1700.0	4000.0						
465869	2018-03-29 00:00:00	524.0	CSTPP	E90	EMBRAER 190	PGA	LIS	2018-03-29 18:00:00	2018-03-29 18:23:00	2018-03-29 18:38:00	STR	2018-03-29 20:57:00	2018-03-29 21:04:00	2018-03-29 20:50:00	J	NI	2018-03-29 18:46:59	13.0	89.0	0	12.0	230.0	12.0	6.21		SCT	M	M	1200.0								4.0	360.0	3.0	6.21		BKN	M	M	4000.0							
465870	2018-03-29 00:00:00	928.0	CSTNK	320	AIRBUS A320-211	NB	LIS	2018-03-29 18:00:00	2018-03-29 18:18:00	2018-03-29 18:35:00	ZRH	2018-03-29 20:45:00	2018-03-29 20:49:00	2018-03-29 20:40:00	J	TP	2018-03-29 18:42:59	18.0	89.0	0	12.0	230.0	12.0	6.21		SCT	M	M	1200.0								4.0	120.0	3.0	6.21		SCT	M	M	4500.0							
465871	2018-03-29 00:00:00	1018.0	CSTTE	319	AIRBUS A319-111	NB	LIS	2018-03-29 18:00:00	2018-03-29 18:17:00	2018-03-29 18:31:00	MAD	2018-03-29 19:27:00	2018-03-29 19:38:00	2018-03-29 19:20:00	J	TP	2018-03-29 18:32:59	17.0	89.0	0	12.0	230.0	12.0	6.21		SCT	M	M	1200.0								11.0	220.0	15.0	6.21	29.0	FEW	M	M	5000.0							
465872	2018-03-29 00:00:00	1966.0	CSDJD	AT7	ATR 72	WI	LIS	2018-03-29 18:00:00	2018-03-29 18:48:00	2018-03-29 19:02:00	OPO	2018-03-29 19:49:00	2018-03-29 19:52:00	2018-03-29 19:00:00	J	WI	2018-03-29 18:50:59	12.0	89.0	0	12.0	230.0	12.0	6.21		BKN	M	M	1300.0								10.0	250.0	7.0	6.21		BKN	BKN	M	1700.0	4000.0						
465873	2018-03-29 00:00:00	358.0	CSTNL	320	AIRBUS A320-211	NB	LIS	2018-03-29 18:05:00	2018-03-29 19:00:00	2018-03-29 19:14:00	LHR	2018-03-29 21:17:00	2018-03-29 21:26:00	2018-03-29 20:45:00	J	TP	2018-03-29 19:22:59	55.0	95.0	A	12.0	230.0	12.0	6.21		BKN	M	M	1300.0								3.0	140.0	5.0	6.21		NCD	M	M								
465874	2018-03-29 00:00:00	937.0	ECLPR	738	BOEING 737-800		GVA	2018-03-29 18:05:00	2018-03-29 18:43:00	2018-03-29 18:58:00	OPO	2018-03-29 21:06:00	2018-03-29 21:13:00	2018-03-29 20:20:00	J	TP	2018-04-06 10:57:59	8.0	93.0	M	8.0	330.0	2.0	6.21		M	M	M									10.0	280.0	11.0	6.21	22.0	FEW	BKN	M	2500.0	3000.0						
465875	2018-03-29 00:00:00	1093.0	CSDJC	AT7	ATR 72	WI	VLC	2018-03-29 18:05:00	2018-03-29 18:09:00	2018-03-29 18:29:00	LIS	2018-03-29 20:35:00	2018-03-29 20:39:00	2018-03-29 20:20:00	J	WI	2018-03-29 18:33:19	4.0	93.0	0	22.0	270.0	6.0	6.21		FEW	M	M	4500.0								12.0	250.0	13.0	6.21		FEW	M	M	1200.0							
465876	2018-03-29 00:00:00	1045.0	CSTNY	320	AIRBUS A320-211	NB	BCN	2018-03-29 18:10:00	2018-03-29 18:21:00	2018-03-29 18:31:00	LIS	2018-03-29 20:07:00	2018-03-29 20:13:00	2018-03-29 20:05:00	J	TP	2018-03-29 19:05:34	4.0	15.0	A	13.0		2.0	6.21		FEW	M	M	2000.0								12.0	240.0	10.0	6.21		SCT	BKN	M	1200.0	1800.0						
465877	2018-03-29 00:00:00	829.0	CSTJH	321	AIRBUS A321-211	NB	MXP	2018-03-29 18:15:00	2018-03-29 20:24:00	2018-03-29 20:39:00	LIS	2018-03-29 23:22:00	2018-03-29 23:26:00	2018-03-29 21:10:00	J	TP	2018-03-29 20:51:46	10.0	16.0	0	11.0	80.0	4.0	4.35		FEW	BKN	M	2000.0	5000.0							11.0	290.0	8.0	5.59	18.0	FEW	SCT	BKN	1300.0	1800.0	2400.0					
465878	2018-03-29 00:00:00	843.0	CSTQD	320	AIRBUS A320-211	NB	FCO	2018-03-29 18:15:00	2018-03-29 19:00:00	2018-03-29 19:17:00	LIS	2018-03-29 22:17:00	2018-03-29 22:24:00	2018-03-29 21:20:00	J	TP	2018-04-02 08:38:59	5.0	16.0	0	14.0	150.0	14.0	6.21		FEW	M	M	1500.0								12.0	270.0	8.0	6.21		SCT	BKN	M	1800.0	2800.0						
465879	2018-03-29 00:00:00	552.0	CSTTH	319	AIRBUS A319-111	NB	LIS	2018-03-29 18:20:00	2018-03-29 18:42:00	2018-03-29 18:53:00	MUC	2018-03-29 21:22:00	2018-03-29 21:31:00	2018-03-29 21:20:00	J	TP	2018-03-29 18:59:59	16.0	89.0	0	12.0	230.0	12.0	6.21		SCT	M	M	1200.0								5.0	190.0	6.0	6.21		SCT	SCT	M	4000.0	7000.0						
465880	2018-03-29 00:00:00	649.0	CSTTG	319	AIRBUS A319-111	NB	BRU	2018-03-29 18:25:00	2018-03-29 18:52:00	2018-03-29 19:01:00	LIS	2018-03-29 21:34:00	2018-03-29 21:42:00	2018-03-29 21:15:00	J	TP	2018-03-29 19:10:27	1.0	89.0	0	9.0	150.0	7.0	6.21		M	M	M									12.0	240.0	12.0	6.21		FEW	M	M	1800.0							
465881	2018-03-29 00:00:00	1677.0	FHBIS	320	AIRBUS A320-211	NB	LIS	2018-03-29 18:25:00	2018-03-29 19:16:00	2018-03-29 19:30:00	FNC	2018-03-29 21:00:00	2018-03-29 21:03:00	2018-03-29 20:10:00	J	TP	2018-03-29 19:59:59	21.0	89.0	0	12.0	220.0	13.0	6.21		SCT	BKN	M	1300.0	2400.0							15.0	10.0	7.0	6.21		SCT	SCT	M	1600.0	3000.0						
465882	2018-03-29 00:00:00	82.0	CSTOB	343	AIRBUS A340-312	WB	GRU	2018-03-29 18:30:00	2018-03-29 18:29:00	2018-03-29 18:39:00	LIS	2018-03-30 04:02:00	2018-03-30 04:06:00	2018-03-30 04:20:00	J	TP					27.0	90.0	4.0	6.21		BKN	FEW	M	4000.0	4500.0							9.0	280.0	5.0	6.21		SCT	BKN	M	3200.0	4200.0						
465883	2018-03-29 00:00:00	1479.0	CSTTI	319	AIRBUS A319-111	NB	LIS	2018-03-29 18:30:00	2018-03-29 19:05:00	2018-03-29 19:25:00	OXB	2018-03-29 23:44:00	2018-03-29 23:50:00	2018-03-29 22:50:00	J	TP	2018-03-29 19:26:59	35.0	89.0	0	12.0	230.0	12.0	6.21		BKN	M	M	1300.0								23.0	270.0	5.0	4.35		NSC	M	M								
465884	2018-03-29 00:00:00	1957.0	CSDJH	AT7	ATR 72	WI	OPO	2018-03-29 18:30:00	2018-03-29 19:49:00	2018-03-29 19:54:00	LIS	2018-03-29 20:40:00	2018-03-29 20:50:00	2018-03-29 19:30:00	J	WI	2018-03-29 19:56:40	3.0	89.0	0	10.0	250.0	7.0	6.21		BKN	BKN	M	1700.0	4000.0							11.0	250.0	10.0	6.21		FEW	SCT	M	2200.0	3400.0						
465885	2018-03-29 00:00:00	1034.0	ECLPR	738	BOEING 737-800		OPO	2018-03-29 18:35:00	2018-03-29 22:10:00	2018-03-29 22:18:00	BCN	2018-03-29 23:29:00	2018-03-29 23:37:00	2018-03-29 20:20:00	J	TP	2018-04-06 11:04:59	15.0	93.0	Q	10.0	300.0	12.0	6.21	26.0	FEW	SCT	M	2500.0	4000.0							12.0		2.0	6.21		FEW	SCT	M	1000.0	1700.0						
465886	2018-03-29 00:00:00	74.0	CSTOQ	332	AIRBUS A330-200	WB	GIG	2018-03-29 18:40:00	2018-03-29 18:31:00	2018-03-29 18:56:00	LIS	2018-03-30 03:56:00	2018-03-30 04:01:00	2018-03-30 04:20:00	J	TP					30.0	140.0	13.0	6.21		FEW	M	M	2000.0								9.0	280.0	5.0	6.21		SCT	BKN	M	3200.0	4200.0						
465887	2018-03-29 00:00:00	284.0	CSTOA	343	AIRBUS A340-312	WB	MPM	2018-03-29 18:40:00	2018-03-29 19:15:00	2018-03-29 19:28:00	LIS	2018-03-30 06:04:00	2018-03-30 06:08:00	2018-03-30 05:40:00	J	TP	2018-03-30 08:53:59	20.0	41.0	B	26.0	70.0	10.0	6.21		M	M	M									9.0	270.0	3.0	6.21		FEW	M	M	4400.0							
465888	2018-03-29 00:00:00	446.0	CSTNG	320	AIRBUS A320-211	NB	LIS	2018-03-29 18:40:00	2018-03-29 18:54:00	2018-03-29 19:04:00	ORY	2018-03-29 20:59:00	2018-03-29 21:07:00	2018-03-29 21:05:00	J	TP	2018-03-29 19:09:59	14.0	89.0	0	12.0	230.0	12.0	6.21		BKN	M	M	1300.0								7.0	190.0	7.0	6.21		M	M	M								
465889	2018-03-29 00:00:00	1302.0	CSTNT	320	AIRBUS A320-211	NB	LIS	2018-03-29 18:40:00	2018-03-29 19:11:00	2018-03-29 19:27:00	PRG	2018-03-29 22:08:00	2018-03-29 22:13:00	2018-03-29 21:55:00	J	TP	2018-03-29 19:41:59	14.0	89.0	0	12.0	230.0	12.0	6.21		BKN	M	M	1300.0								0.0	180.0	5.0	6.21		M	M	M								
465890	2018-03-29 00:00:00	838.0	CSTNM	320	AIRBUS A320-211	NB	LIS	2018-03-29 18:45:00	2018-03-29 20:42:00	2018-03-29 20:57:00	FCO	2018-03-29 23:18:00	2018-03-29 23:27:00	2018-03-29 21:35:00	J	TP	2018-03-29 21:14:59	11.0	46.0	A	12.0	250.0	13.0	6.21		FEW	M	M	1200.0								13.0	140.0	15.0	6.21		M	M	M								
465891	2018-03-29 00:00:00	347.0	CSTPQ	E90	EMBRAER 190	PGA	LCY	2018-03-29 18:50:00	2018-03-29 19:38:00	2018-03-29 19:43:00	LIS	2018-03-29 22:10:00	2018-03-29 22:14:00	2018-03-29 21:25:00	J	NI	2018-03-30 10:13:59	13.0	16.0	H	8.0	160.0	8.0	6.21		NCD	M	M									11.0	240.0	10.0	6.21		FEW	SCT	M	1200.0	1600.0						
465892	2018-03-29 00:00:00	367.0	CSTNJ	320	AIRBUS A320-211	NB	LHR	2018-03-29 18:50:00	2018-03-29 20:02:00	2018-03-29 20:31:00	LIS	2018-03-29 22:42:00	2018-03-29 22:42:00	2018-03-29 21:30:00	J	TP	2018-03-29 20:39:43	3.0	89.0	0	5.0	150.0	7.0	6.21		NCD	M	M									12.0	270.0	8.0	6.21		SCT	BKN	M	1800.0	2800.0						
465893	2018-03-29 00:00:00	458.0	CSTTR	319	AIRBUS A319-111	NB	OPO	2018-03-29 18:50:00	2018-03-29 18:55:00	2018-03-29 19:04:00	ORY	2018-03-29 20:52:00	2018-03-29 20:59:00	2018-03-29 20:55:00	J	TP	2018-03-29 19:07:21	5.0	89.0	0	10.0	270.0	10.0	4.97		FEW	FEW	BKN	1000.0	1500.0	2500.0						7.0	190.0	7.0	6.21		M	M	M								
465894	2018-03-29 00:00:00	449.0	CSTTS	319	AIRBUS A319-111	NB	ORY	2018-03-29 18:55:00	2018-03-29 19:19:00	2018-03-29 19:27:00	LIS	2018-03-29 21:37:00	2018-03-29 21:41:00	2018-03-29 21:20:00	J	TP	2018-04-02 08:56:59	2.0	89.0	0	7.0	190.0	10.0	6.21		FEW	BKN	M	4300.0	5600.0							12.0	240.0	12.0	6.21		FEW	M	M	1800.0							
465895	2018-03-29 00:00:00	642.0	CSTNN	320	AIRBUS A320-211	NB	LIS	2018-03-29 19:00:00	2018-03-29 19:22:00	2018-03-29 19:43:00	BRU	2018-03-29 21:53:00	2018-03-29 21:57:00	2018-03-29 21:35:00	J	TP	2018-03-29 19:45:59	22.0	89.0	0	12.0	220.0	13.0	6.21		SCT	BKN	M	1300.0	2400.0							8.0	180.0	7.0	6.21		FEW	BKN	M	1900.0	4000.0						
465896	2018-03-29 00:00:00	1714.0	CSTTK	319	AIRBUS A319-111	NB	FNC	2018-03-29 19:00:00	2018-03-29 20:21:00	2018-03-29 20:29:00	OPO	2018-03-29 22:14:00	2018-03-29 22:23:00	2018-03-29 20:50:00	J	TP	2018-03-29 20:36:48	43.0	93.0	M	15.0	20.0	6.0	6.21		FEW	BKN	M	1600.0	3000.0							9.0	310.0	12.0	6.21		SCT	BKN	M	2000.0	3800.0						
465897	2018-03-29 00:00:00	1970.0	CSDJF	AT7	ATR 72	WI	LIS	2018-03-29 19:00:00	2018-03-29 19:29:00	2018-03-29 19:45:00	OPO	2018-03-29 20:26:00	2018-03-29 20:29:00	2018-03-29 20:00:00	J	WI	2018-03-29 19:48:59	18.0	89.0	0	12.0	220.0	13.0	6.21		SCT	BKN	M	1300.0	2400.0							9.0	260.0	11.0	4.97	22.0	FEW	BKN	BKN	1500.0	2000.0	4000.0					
465898	2018-03-29 00:00:00	584.0	CSTTZ	E95	EMBRAER 195	PGA	LIS	2018-03-29 19:05:00	2018-03-29 19:34:00	2018-03-29 19:48:00	CGN	2018-03-29 22:05:00	2018-03-29 22:13:00	2018-03-29 21:50:00	J	NI	2018-03-29 19:51:59	29.0	89.0	0	12.0	220.0	13.0	6.21		SCT	BKN	M	1300.0	2400.0							5.0	110.0	5.0	6.21		M	M	M								
465899	2018-03-29 00:00:00	1060.0	CSDJA	AT7	ATR 72	WI	LIS	2018-03-29 19:10:00	2018-03-29 19:33:00	2018-03-29 19:49:00	BIO	2018-03-29 21:21:00	2018-03-29 21:25:00	2018-03-29 21:10:00	J	WI	2018-03-29 19:57:59	13.0	89.0	0	12.0	220.0	13.0	6.21		SCT	BKN	M	1300.0	2400.0							11.0		1.0	6.21		FEW	M	M	7000.0							
465900	2018-03-29 00:00:00	1113.0	CSDJE	AT7	ATR 72	WI	OVD	2018-03-29 19:10:00	2018-03-29 19:25:00	2018-03-29 19:32:00	LIS	2018-03-29 21:08:00	2018-03-29 21:14:00	2018-03-29 20:55:00	J	WI	2018-03-29 19:36:38	15.0	93.0	Q	9.0	0.0	0.0	6.21		FEW	BKN	M	2500.0	6000.0							11.0	250.0	10.0	6.21		FEW	SCT	M	2200.0	3400.0						
465901	2018-03-29 00:00:00	1006.0	CSTPO	E90	EMBRAER 190	PGA	OPO	2018-03-29 19:15:00	2018-03-29 20:28:00	2018-03-29 20:39:00	MAD	2018-03-29 21:26:00	2018-03-29 21:39:00	2018-03-29 20:25:00	J	NI	2018-03-29 20:47:43	7.0	89.0	0	9.0	260.0	11.0	4.97	22.0	FEW	BKN	BKN	1500.0	2000.0	4000.0						10.0	230.0	17.0	6.21		M	M	M								
465902	2018-03-29 00:00:00	362.0	CSTTO	319	AIRBUS A319-111	NB	LIS	2018-03-29 19:20:00	2018-03-29 19:57:00	2018-03-29 20:11:00	LHR	2018-03-29 22:07:00	2018-03-29 22:15:00	2018-03-29 21:55:00	J	TP	2018-04-05 13:53:59	4.0	93.0	R	12.0	240.0	10.0	6.21		SCT	BKN	M	1200.0	1800.0							4.0	140.0	4.0	6.21		NCD	M	M								
465903	2018-03-29 00:00:00	946.0	CSTTC	319	AIRBUS A319-111	NB	LIS	2018-03-29 19:25:00	2018-03-29 19:50:00	2018-03-29 20:08:00	GVA	2018-03-29 21:58:00	2018-03-29 22:02:00	2018-03-29 21:45:00	J	TP	2018-03-29 20:11:59	25.0	81.0	0	12.0	240.0	10.0	6.21		SCT	BKN	M	1200.0	1800.0							6.0	30.0	4.0	6.21		FEW	BKN	M	6800.0	8000.0						
465904	2018-03-29 00:00:00	1959.0	CSDJD	AT7	ATR 72	WI	OPO	2018-03-29 19:30:00	2018-03-29 20:22:00	2018-03-29 20:31:00	LIS	2018-03-29 21:20:00	2018-03-29 21:23:00	2018-03-29 20:30:00	J	WI	2018-03-29 20:32:41	52.0	93.0	M	9.0	260.0	11.0	4.97	22.0	FEW	BKN	BKN	1500.0	2000.0	4000.0						12.0	240.0	12.0	6.21		FEW	M	M	1800.0							
465905	2018-03-29 00:00:00	1528.0	CSTNW	320	AIRBUS A320-211	NB	TMS	2018-03-29 19:35:00	2018-03-29 20:13:00	2018-03-29 20:18:00	ACC	2018-03-29 21:35:00	2018-03-29 21:41:00	2018-03-29 21:15:00	J	TP	2018-03-30 09:17:59	38.0	93.0	0	28.0	220.0	4.0	6.21		FEW	SCT	M	2000.0	4000.0							28.0	210.0	8.0	6.21		M	M	M								
465906	2018-03-29 00:00:00	1547.0	CSTKR	763	BOEING 767-300/300ER		LIS	2018-03-29 19:45:00	2018-03-29 21:29:00	2018-03-29 21:47:00	SID	2018-03-30 01:34:00	2018-03-30 01:42:00	2018-03-29 23:55:00	J	TP	2018-03-29 21:38:59	44.0	87.0	E	12.0	240.0	12.0	6.21		FEW	M	M	1800.0								20.0	10.0	13.0	6.21		FEW	M	M	1300.0							
465907	2018-03-29 00:00:00	1968.0	CSTPR	E90	EMBRAER 190	PGA	LIS	2018-03-29 19:45:00	2018-03-29 20:12:00	2018-03-29 20:27:00	OPO	2018-03-29 21:04:00	2018-03-29 21:09:00	2018-03-29 20:40:00	J	NI	2018-03-29 20:30:59	27.0	95.0	B	12.0	240.0	10.0	6.21		SCT	BKN	M	1200.0	1800.0							10.0	280.0	11.0	6.21	22.0	FEW	BKN	M	2500.0	3000.0						
465908	2018-03-29 00:00:00	337.0	CSTPT	E90	EMBRAER 190	PGA	LGW	2018-03-29 19:50:00	2018-03-29 20:15:00	2018-03-29 20:36:00	OPO	2018-03-29 22:34:00	2018-03-29 22:39:00	2018-03-29 22:10:00	J	NI	2018-04-05 12:03:59	4.0	87.0	F	5.0	160.0	6.0	6.21		FEW	M	M	4800.0								9.0	310.0	12.0	6.21		SCT	BKN	M	2000.0	3800.0						
465909	2018-03-29 00:00:00	1485.0	CSTJF	321	AIRBUS A321-211	NB	LIS	2018-03-29 19:50:00	2018-03-29 20:31:00	2018-03-29 20:41:00	DSS	2018-03-30 00:36:00	2018-03-30 00:42:00	2018-03-29 23:50:00	J	TP	2018-03-29 21:08:59	11.0	71.0	0	12.0	250.0	13.0	6.21		FEW	M	M	1200.0								18.0	350.0	22.0	4.97		SCT	M	M	600.0							
465910	2018-03-29 00:00:00	828.0	CSTTQ	319	AIRBUS A319-111	NB	LIS	2018-03-29 19:55:00	2018-03-29 20:42:00	2018-03-29 20:54:00	MXP	2018-03-29 22:51:00	2018-03-29 22:56:00	2018-03-29 22:30:00	J	TP	2018-03-29 21:19:59	23.0	81.0	0	12.0	250.0	13.0	6.21		FEW	M	M	1200.0								10.0	40.0	5.0	2.49		BKN	M	M	2000.0							
465911	2018-03-29 00:00:00	2208.0	CSTNI	320	AIRBUS A320-211	NB	LIS	2018-03-29 19:55:00	2018-03-29 20:05:00	2018-03-29 20:17:00	BCN	2018-03-29 21:37:00	2018-03-29 21:45:00	2018-03-29 21:45:00	J	TP	2018-03-29 20:19:59	10.0	95.0	A	12.0	240.0	10.0	6.21		SCT	BKN	M	1200.0	1800.0							13.0		2.0	6.21		FEW	M	M	1500.0							
465912	2018-03-29 00:00:00	58.0	CSTOU	333	AIRBUS A330-300	WB	BSB	2018-03-29 20:00:00	2018-03-29 19:59:00	2018-03-29 20:18:00	LIS	2018-03-30 05:07:00	2018-03-30 05:11:00	2018-03-30 05:00:00	J	TP					27.0	110.0	8.0	6.21		FEW	FEW	M	4000.0	4500.0							9.0	260.0	4.0	6.21		SCT	M	M	4000.0							
465913	2018-03-29 00:00:00	104.0	CSTOX	333	AIRBUS A330-300	WB	CNF	2018-03-29 20:00:00	2018-03-29 19:55:00	2018-03-29 20:12:00	LIS	2018-03-30 05:02:00	2018-03-30 05:08:00	2018-03-30 05:10:00	J	TP					26.0	60.0	7.0	6.21		FEW	M	M	4000.0								9.0	260.0	4.0	6.21		SCT	M	M	4000.0							
465914	2018-03-29 00:00:00	1533.0	CSTNX	320	AIRBUS A320-211	NB	LIS	2018-03-29 20:00:00	2018-03-29 20:13:00	2018-03-29 20:31:00	RAI	2018-03-30 00:29:00	2018-03-30 00:32:00	2018-03-30 00:15:00	J	TP	2018-03-29 20:34:59	5.0	89.0	0	12.0	240.0	10.0	6.21		SCT	BKN	M	1200.0	1800.0							21.0	30.0	15.0	6.21		SCT	M	M	1600.0							
465915	2018-03-29 00:00:00	1021.0	CSTTE	319	AIRBUS A319-111	NB	MAD	2018-03-29 20:05:00	2018-03-29 20:32:00	2018-03-29 20:44:00	LIS	2018-03-29 21:43:00	2018-03-29 21:48:00	2018-03-29 21:25:00	J	TP	2018-03-29 20:47:45	9.0	43.0	0	11.0	230.0	18.0	6.21		FEW	M	M	5000.0								11.0	240.0	10.0	6.21		FEW	SCT	M	1200.0	1600.0						
465916	2018-03-29 00:00:00	1090.0	CSDJH	AT7	ATR 72	WI	LIS	2018-03-29 20:10:00	2018-03-29 21:24:00	2018-03-29 21:36:00	VLC	2018-03-29 23:07:00	2018-03-29 23:11:00	2018-03-29 22:15:00	J	WI	2018-03-29 21:28:59	74.0	93.0	M	12.0	240.0	12.0	6.21		FEW	M	M	1800.0								16.0	260.0	10.0	6.21		M	M	M								
465917	2018-03-29 00:00:00	224.0	CSTOI	332	AIRBUS A330-200	WB	MIA	2018-03-29 20:15:00	2018-03-29 20:22:00	2018-03-29 20:37:00	LIS	2018-03-30 04:17:00	2018-03-30 04:21:00	2018-03-30 04:20:00	J	TP	2018-03-29 20:54:34	7.0	89.0	0		140.0	10.0	10.0	15.0	BKN	M	M	3800.0								9.0	280.0	4.0	6.21		FEW	M	M	4800.0							
465918	2018-03-29 00:00:00	817.0	CSTTU	319	AIRBUS A319-111	NB	MXP	2018-03-29 20:20:00	2018-03-29 20:24:00	2018-03-29 20:35:00	OPO	2018-03-29 23:00:00	2018-03-29 23:04:00	2018-03-29 23:05:00	J	TP	2018-03-29 20:44:42	4.0	36.0	A	11.0	80.0	4.0	4.35		FEW	BKN	M	2000.0	5000.0							9.0	310.0	10.0	6.21		FEW	BKN	M	2500.0	4000.0						
465919	2018-03-29 00:00:00	1971.0	CSDJF	AT7	ATR 72	WI	OPO	2018-03-29 20:30:00	2018-03-29 21:01:00	2018-03-29 21:15:00	LIS	2018-03-29 21:56:00	2018-03-29 21:58:00	2018-03-29 21:30:00	J	WI	2018-03-29 21:21:33	2.0	89.0	0	10.0	280.0	11.0	6.21	22.0	FEW	BKN	M	2500.0	3000.0							11.0	240.0	10.0	6.21		FEW	SCT	M	1200.0	1600.0						
465920	2018-03-29 00:00:00	1022.0	CSTTL	319	AIRBUS A319-111	NB	LIS	2018-03-29 20:35:00	2018-03-29 21:04:00	2018-03-29 21:15:00	MAD	2018-03-29 22:08:00	2018-03-29 22:22:00	2018-03-29 21:50:00	J	TP	2018-03-29 21:22:59	6.0	19.0	B	11.0	250.0	10.0	6.21		FEW	SCT	M	2200.0	3400.0							10.0	220.0	18.0	6.21	32.0	FEW	M	M	7500.0							
465921	2018-03-29 00:00:00	1031.0	ECIDA	738	BOEING 737-800		BCN	2018-03-29 20:35:00	2018-03-29 21:35:00	2018-03-29 21:48:00	OPO	2018-03-29 23:24:00	2018-03-29 23:27:00	2018-03-29 22:20:00	J	TP	2018-04-18 13:59:59	30.0	93.0	R	13.0		2.0	6.21		FEW	M	M	1500.0								9.0	310.0	9.0	6.21		SCT	BKN	M	3000.0	4300.0						
465922	2018-03-29 00:00:00	478.0	CSTPW	E90	EMBRAER 190	PGA	LIS	2018-03-29 20:40:00	2018-03-29 21:03:00	2018-03-29 21:09:00	LYS	2018-03-29 23:04:00	2018-03-29 23:10:00	2018-03-29 22:55:00	J	NI	2018-03-29 21:21:59	23.0	81.0	0	11.0	250.0	10.0	6.21		FEW	SCT	M	2200.0	3400.0							9.0	140.0	9.0	6.21		M	M	M								
465923	2018-03-29 00:00:00	1136.0	CSDJG	AT7	ATR 72	WI	LIS	2018-03-29 20:40:00	2018-03-29 21:00:00	2018-03-29 21:06:00	AGP	2018-03-29 22:13:00	2018-03-29 22:16:00	2018-03-29 22:10:00	J	WI	2018-03-29 21:19:59	2.0	89.0	0	11.0	250.0	10.0	6.21		FEW	SCT	M	2200.0	3400.0							13.0	290.0	11.0	6.21		M	M	M								
465924	2018-03-29 00:00:00	1691.0	CSTNY	320	AIRBUS A320-211	NB	LIS	2018-03-29 20:50:00	2018-03-29 21:32:00	2018-03-29 21:42:00	FNC	2018-03-29 23:05:00	2018-03-29 23:09:00	2018-03-29 22:35:00	J	TP	2018-03-30 01:00:59	34.0	17.0	B	12.0	240.0	12.0	6.21		FEW	M	M	1800.0								14.0	10.0	8.0	6.21		FEW	M	M	1600.0							
465925	2018-03-29 00:00:00	1713.0	CSTTA	319	AIRBUS A319-111	NB	OPO	2018-03-29 20:50:00	2018-03-29 21:02:00	2018-03-29 21:12:00	FNC	2018-03-29 22:48:00	2018-03-29 22:52:00	2018-03-29 22:50:00	J	TP	2018-03-29 21:16:42	3.0	89.0	0	10.0	280.0	11.0	6.21	22.0	FEW	BKN	M	2500.0	3000.0							14.0	10.0	8.0	6.21		FEW	M	M	1600.0							
465926	2018-03-29 00:00:00	1688.0	FHBIS	320	AIRBUS A320-211	NB	FNC	2018-03-29 20:55:00	2018-03-29 21:46:00	2018-03-29 21:53:00	LIS	2018-03-29 23:18:00	2018-03-29 23:21:00	2018-03-29 22:30:00	J	TP	2018-04-02 08:30:59	51.0	93.0	M	15.0	10.0	6.0	6.21		SCT	SCT	M	1600.0	3000.0							11.0	290.0	8.0	5.59	18.0	FEW	SCT	BKN	1300.0	1800.0	2400.0					
465927	2018-03-29 00:00:00	1009.0	CSTPO	E90	EMBRAER 190	PGA	MAD	2018-03-29 21:05:00	2018-03-29 22:32:00	2018-03-29 22:44:00	OPO	2018-03-29 23:38:00	2018-03-29 23:43:00	2018-03-29 22:20:00	J	NI	2018-04-02 11:40:59	12.0	32.0	0	10.0	220.0	18.0	6.21	32.0	FEW	M	M	7500.0								9.0	310.0	9.0	6.21		SCT	BKN	M	3000.0	4300.0						
465928	2018-03-29 00:00:00	1104.0	CSDJC	AT7	ATR 72	WI	LIS	2018-03-29 21:05:00	2018-03-29 21:12:00	2018-03-29 21:26:00	SVQ	2018-03-29 22:13:00	2018-03-29 22:16:00	2018-03-29 22:15:00	J	WI	2018-03-29 21:29:59	7.0	93.0	Q	11.0	250.0	10.0	6.21		FEW	SCT	M	2200.0	3400.0							12.0	280.0	7.0	6.21		FEW	M	M	4900.0							
465929	2018-03-29 00:00:00	1823.0	CSTNH	320	AIRBUS A320-211	NB	LIS	2018-03-29 21:10:00	2018-03-29 22:32:00	2018-03-29 22:43:00	TER	2018-03-30 01:00:00	2018-03-30 01:08:00	2018-03-29 23:40:00	J	TP	2018-03-29 22:57:59	82.0	93.0	K	12.0	270.0	8.0	6.21		SCT	BKN	M	1800.0	2800.0							13.0			6.21		FEW	M	M	3000.0							
465930	2018-03-29 00:00:00	1958.0	CSTNR	320	AIRBUS A320-211	NB	LIS	2018-03-29 21:30:00	2018-03-29 23:03:00	2018-03-29 23:20:00	OPO	2018-03-29 23:58:00	2018-03-30 00:05:00	2018-03-29 22:25:00	J	TP	2018-03-29 23:24:59	3.0	89.0	0	11.0	260.0	8.0	6.21		FEW	M	M	1500.0								8.0	300.0	11.0	6.21		FEW	BKN	M	2000.0	3200.0						
465931	2018-03-29 00:00:00	202.0	CSTOK	332	AIRBUS A330-200	WB	EWR	2018-03-29 21:45:00	2018-03-29 21:57:00	2018-03-29 22:15:00	LIS	2018-03-30 04:20:00	2018-03-30 04:24:00	2018-03-30 04:35:00	J	TP	2018-03-29 22:48:46	7.0	89.0	0		110.0	7.0	1.5		OVC	M	M	300.0								9.0	280.0	4.0	6.21		FEW	M	M	4800.0							
465932	2018-03-29 00:00:00	2451.0	CSTMW	320	AIRBUS A320-211	NB	LIS	2018-03-29 21:50:00	2018-03-29 22:30:00	2018-03-29 22:41:00	PDL	2018-03-30 00:50:00	2018-03-30 00:53:00	2018-03-30 00:15:00	J	TP	2018-03-29 22:54:59	25.0	37.0	B	12.0	270.0	8.0	6.21		SCT	BKN	M	1800.0	2800.0							14.0	320.0	9.0	6.21		FEW	M	M	2200.0							
465933	2018-03-29 00:00:00	1909.0	CSTJG	321	AIRBUS A321-211	NB	LIS	2018-03-29 22:05:00	2018-03-29 22:56:00	2018-03-29 23:05:00	FAO	2018-03-29 23:34:00	2018-03-29 23:38:00	2018-03-29 22:50:00	J	TP	2018-03-29 23:15:59	6.0	36.0	A	11.0	260.0	8.0	6.21		FEW	M	M	1500.0								13.0	270.0	14.0	6.21		FEW	SCT	M	2500.0	4500.0						
465934	2018-03-29 00:00:00	1232.0	CSTNQ	320	AIRBUS A320-211	NB	LIS	2018-03-29 22:10:00	2018-03-29 22:16:00	2018-03-29 22:28:00	DME	2018-03-30 03:08:00	2018-03-30 03:16:00	2018-03-30 03:25:00	J	TP	2018-03-29 22:36:59	6.0	87.0	A	12.0	270.0	8.0	6.21		SCT	BKN	M	1800.0	2800.0							-11.0	200.0	3.89	6.21		M	M	M								
465935	2018-03-29 00:00:00	1693.0	CSTTG	319	AIRBUS A319-111	NB	LIS	2018-03-29 22:10:00	2018-03-29 22:21:00	2018-03-29 22:31:00	FNC	2018-03-30 00:00:00	2018-03-30 00:03:00	2018-03-29 23:55:00	J	TP	2018-03-29 22:39:59	11.0	93.0	H	12.0	270.0	8.0	6.21		SCT	BKN	M	1800.0	2800.0							14.0	10.0	12.0	6.21		FEW	M	M	1600.0							
465936	2018-03-29 00:00:00	1528.0	CSTNW	320	AIRBUS A320-211	NB	ACC	2018-03-29 22:15:00	2018-03-29 22:37:00	2018-03-29 22:46:00	LIS	2018-03-30 03:37:00	2018-03-30 03:42:00	2018-03-30 03:45:00	J	TP	2018-03-29 23:26:42	11.0	68.0	0	28.0	220.0	6.0	6.21		FEW	M	M	1900.0								10.0	290.0	5.0	6.21		FEW	M	M	3400.0							
465937	2018-03-29 00:00:00	1928.0	CSTTE	319	AIRBUS A319-111	NB	LIS	2018-03-29 22:15:00	2018-03-29 22:46:00	2018-03-29 22:55:00	OPO	2018-03-29 23:35:00	2018-03-29 23:39:00	2018-03-29 23:10:00	J	TP	2018-03-29 23:11:59	6.0	89.0	0	11.0	260.0	8.0	6.21		FEW	M	M	1500.0								9.0	310.0	9.0	6.21		SCT	BKN	M	3000.0	4300.0						
465938	2018-03-29 00:00:00	87.0	CSTOL	332	AIRBUS A330-200	WB	LIS	2018-03-29 22:20:00	2018-03-29 22:21:00	2018-03-29 22:38:00	GRU	2018-03-30 08:12:00	2018-03-30 08:20:00	2018-03-30 08:20:00	J	TP	2018-04-03 08:46:59	1.0	41.0	A	12.0	270.0	8.0	6.21		SCT	BKN	M	1800.0	2800.0							19.0	70.0	7.0	6.21		SCT	BKN	M	400.0	1100.0						
465939	2018-03-29 00:00:00	75.0	CSTOH	332	AIRBUS A330-200	WB	LIS	2018-03-29 22:25:00	2018-03-29 22:45:00	2018-03-29 22:58:00	GIG	2018-03-30 08:32:00	2018-03-30 08:36:00	2018-03-30 08:20:00	J	TP	2018-03-29 23:17:59	20.0	93.0	R	12.0	270.0	8.0	6.21		SCT	BKN	M	1800.0	2800.0							24.0	10.0	3.0	6.21		FEW	M	M	1300.0							
465940	2018-03-29 00:00:00	792.0	CSTQD	320	AIRBUS A320-211	NB	LIS	2018-03-29 22:25:00	2018-03-29 23:18:00	2018-03-29 23:28:00	HEL	2018-03-30 03:27:00	2018-03-30 03:36:00	2018-03-30 03:00:00	J	TP	2018-03-29 23:30:59	9.0	34.0	A	11.0	290.0	8.0	5.59	18.0	FEW	SCT	BKN	1300.0	1800.0	2400.0						-12.0		1.0	6.21		M	M	M								
465941	2018-03-29 00:00:00	289.0	CSTOC	343	AIRBUS A340-312	WB	LIS	2018-03-29 22:35:00	2018-03-29 22:53:00	2018-03-29 23:09:00	LAD	2018-03-30 06:21:00	2018-03-30 06:31:00	2018-03-30 06:05:00	J	TP	2018-03-29 23:27:59	18.0	37.0	A	11.0	260.0	8.0	6.21		FEW	M	M	1500.0								27.0	100.0	4.0	3.11		SCT	BKN	M	2000.0	8000.0						
465942	2018-03-29 00:00:00	218.0	CSTOO	332	AIRBUS A330-200	WB	BOS	2018-03-29 22:40:00	2018-03-29 22:46:00	2018-03-29 23:04:00	LIS	2018-03-30 04:55:00	2018-03-30 04:59:00	2018-03-30 05:05:00	J	TP	2018-03-30 09:22:59	6.0	89.0	0		80.0	4.0	8.0		OVC	M	M	2300.0								9.0	260.0	4.0	6.21		SCT	M	M	4000.0							
465943	2018-03-29 00:00:00	2394.0	CSTTS	319	AIRBUS A319-111	NB	LIS	2018-03-29 22:50:00	2018-03-29 22:53:00	2018-03-29 23:15:00	OTP	2018-03-30 02:37:00	2018-03-30 02:43:00	2018-03-30 02:50:00	J	TP	2018-03-29 23:26:59	3.0	89.0	0	11.0	260.0	8.0	6.21		FEW	M	M	1500.0								6.0	70.0	3.0	4.97		NSC	M	M								
465944	2018-03-29 00:00:00	782.0	CSTTD	319	AIRBUS A319-111	NB	LIS	2018-03-29 22:55:00	2018-03-29 22:56:00	2018-03-29 23:07:00	ARN	2018-03-30 02:40:00	2018-03-30 02:43:00	2018-03-30 03:10:00	J	TP	2018-03-29 23:19:59	1.0	89.0	0	11.0	260.0	8.0	6.21		FEW	M	M	1500.0								-5.0	30.0	8.0	6.21		M	M	M								
465945	2018-03-29 00:00:00	9316.0	ECIDA	738	BOEING 737-800		OPO	2018-03-29 23:05:00	2018-03-30 00:25:00	2018-03-30 00:33:00	PMI	2018-03-30 01:59:00	2018-03-30 02:02:00	2018-03-30 00:35:00	P	UX					9.0	310.0	9.0	6.21		SCT	M	M	3000.0								12.0	0.0	0.0	6.21		FEW	BKN	M	1000.0	1800.0						
465946	2018-03-29 00:00:00	1476.0	CSTTI	319	AIRBUS A319-111	NB	OXB	2018-03-29 23:50:00	2018-03-30 01:13:00	2018-03-30 01:22:00	LIS	2018-03-30 05:09:00	2018-03-30 05:19:00	2018-03-30 04:00:00	J	TP	2018-03-30 09:23:59	8.0	15.0	C	22.0	270.0	6.0	4.35		NSC	M	M									9.0	280.0	7.0	6.21		FEW	BKN	M	3600.0	4600.0						
465947	2018-03-30 00:00:00	88.0	CSTFM	772	BOEING 777-200		GRU	2018-03-30 00:40:00	2018-03-30 01:17:00	2018-03-30 01:36:00	LIS	2018-03-30 10:45:00	2018-03-30 10:50:00	2018-03-30 10:30:00	J	TP	2018-03-30 01:57:40	37.0	66.0	B	22.0	0.0	0.0	6.21		SCT	BKN	M	2000.0	10000.0							13.0	260.0	13.0	6.21		SCT	FEW	M	3000.0	3500.0						
465948	2018-03-30 00:00:00	1484.0	CSTJF	321	AIRBUS A321-211	NB	DSS	2018-03-30 00:50:00	2018-03-30 02:00:00	2018-03-30 02:10:00	LIS	2018-03-30 05:36:00	2018-03-30 05:39:00	2018-03-30 04:45:00	J	TP	2018-04-06 15:35:59	9.0	93.0	R	18.0	360.0	21.0	4.97		FEW	M	M	500.0								9.0	280.0	7.0	6.21		FEW	BKN	M	3600.0	4600.0						
465949	2018-03-30 00:00:00	1538.0	CSTKR	763	BOEING 767-300/300ER		SID	2018-03-30 00:55:00	2018-03-30 03:27:00	2018-03-30 03:35:00	LIS	2018-03-30 07:22:00	2018-03-30 07:28:00	2018-03-30 04:35:00	J	TP	2018-04-03 07:31:59	20.0	15.0	A	20.0	10.0	11.0	6.21		SCT	M	M	1300.0								8.0	280.0	5.0	6.21		FEW	SCT	M	2500.0	3000.0						
465950	2018-03-30 00:00:00	1532.0	CSTNX	320	AIRBUS A320-211	NB	RAI	2018-03-30 01:05:00	2018-03-30 01:47:00	2018-03-30 01:57:00	LIS	2018-03-30 06:01:00	2018-03-30 06:05:00	2018-03-30 05:05:00	J	TP	2018-03-30 03:42:59	10.0	89.0	0	21.0	30.0	15.0	6.21		BKN	M	M	1600.0								9.0	270.0	3.0	6.21		FEW	M	M	4400.0							
465951	2018-03-30 00:00:00	2580.0	CSTOM	332	AIRBUS A330-200	WB	POA	2018-03-30 01:05:00	2018-03-30 01:05:00	2018-03-30 01:19:00	LIS	2018-03-30 11:51:00	2018-03-30 11:54:00	2018-03-30 11:50:00	J	TP					24.0	120.0	7.0	6.21		FEW	M	M	3000.0								11.0	260.0	19.0	6.21	31.0	BKN	FEW	M	2800.0	3300.0						
465952	2018-03-30 00:00:00	36.0	CSTOV	333	AIRBUS A330-300	WB	FOR	2018-03-30 02:05:00	2018-03-30 02:01:00	2018-03-30 02:10:00	LIS	2018-03-30 09:10:00	2018-03-30 09:14:00	2018-03-30 09:10:00	J	TP					25.0	170.0	2.0	6.21		BKN	M	M	1700.0								11.0	260.0	9.0	6.21		FEW	FEW	M	2500.0	3000.0						
465953	2018-03-30 00:00:00	12.0	CSTOF	332	AIRBUS A330-200	WB	REC	2018-03-30 02:10:00	2018-03-30 03:03:00	2018-03-30 03:19:00	LIS	2018-03-30 10:31:00	2018-03-30 10:36:00	2018-03-30 09:35:00	J	TP	2018-03-30 03:24:49	53.0	41.0	B	24.0		2.0	4.35		SCT	BKN	M	2000.0	5000.0							12.0	260.0	14.0	6.21		SCT	FEW	M	3000.0	3500.0						
465954	2018-03-30 00:00:00	78.0	CSTOP	332	AIRBUS A330-200	WB	GIG	2018-03-30 02:10:00	2018-03-30 02:07:00	2018-03-30 02:30:00	OPO	2018-03-30 12:14:00	2018-03-30 12:19:00	2018-03-30 12:05:00	J	TP					25.0	120.0	6.0	6.21		FEW	M	M	4000.0								10.0	220.0	11.0	6.21	21.0	FEW	FEW	BKN	2500.0	3000.0	4000.0					
465955	2018-03-30 00:00:00	21.0	CSTOE	332	AIRBUS A330-200	WB	SSA	2018-03-30 02:20:00	2018-03-30 02:18:00	2018-03-30 02:30:00	LIS	2018-03-30 10:23:00	2018-03-30 10:28:00	2018-03-30 10:25:00	J	TP					27.0	120.0	5.0	6.21		SCT	SCT	M	2000.0	7000.0							12.0	260.0	14.0	6.21		SCT	FEW	M	3000.0	3500.0						
465956	2018-03-30 00:00:00	4.0	CSTOG	332	AIRBUS A330-200	WB	NAT	2018-03-30 03:15:00	2018-03-30 03:14:00	2018-03-30 03:26:00	LIS	2018-03-30 10:29:00	2018-03-30 10:34:00	2018-03-30 10:15:00	J	TP					24.0	210.0	8.0	6.21		SCT	SCT	FEW	600.0	1700.0	3300.0						12.0	260.0	14.0	6.21		SCT	FEW	M	3000.0	3500.0						
465957	2018-03-30 00:00:00	208.0	CSTON	332	AIRBUS A330-200	WB	JFK	2018-03-30 03:25:00	2018-03-30 03:26:00	2018-03-30 03:42:00	LIS	2018-03-30 09:34:00	2018-03-30 09:39:00	2018-03-30 10:15:00	J	TP	2018-04-02 16:34:59	1.0	89.0	0		100.0	7.0	2.0		OVC	M	M	200.0								10.0	300.0	5.0	6.21		FEW	FEW	M	2200.0	2700.0						
465958	2018-03-30 00:00:00	1325.0	CSTTS	319	AIRBUS A319-111	NB	OTP	2018-03-30 03:35:00	2018-03-30 03:37:00	2018-03-30 03:42:00	LIS	2018-03-30 08:24:00	2018-03-30 08:28:00	2018-03-30 08:10:00	J	TP	2018-03-30 03:57:48	2.0	89.0	0	5.0	50.0	3.0	4.97		NSC	M	M									10.0	220.0	6.0	6.21		FEW	FEW	M	2500.0	3000.0						
465959	2018-03-30 00:00:00	473.0	CSTPW	E90	EMBRAER 190	PGA	LYS	2018-03-30 04:00:00	2018-03-30 04:00:00	2018-03-30 04:15:00	LIS	2018-03-30 06:31:00	2018-03-30 06:36:00	2018-03-30 06:30:00	J	NI					6.0	130.0	9.0	6.21		M	M	M									9.0	280.0	5.0	6.21		FEW	SCT	M	3200.0	4000.0						
465960	2018-03-30 00:00:00	527.0	CSTPP	E90	EMBRAER 190	PGA	STR	2018-03-30 04:00:00	2018-03-30 04:11:00	2018-03-30 04:35:00	LIS	2018-03-30 07:24:00	2018-03-30 07:31:00	2018-03-30 07:10:00	J	NI	2018-03-30 04:38:36	11.0	81.0	0	-1.0	280.0	1.0	6.21		M	M	M									8.0	280.0	5.0	6.21		FEW	SCT	M	2500.0	3000.0						
465961	2018-03-30 00:00:00	531.0	CSTTJ	319	AIRBUS A319-111	NB	TXL	2018-03-30 04:00:00	2018-03-30 04:14:00	2018-03-30 04:23:00	LIS	2018-03-30 07:42:00	2018-03-30 07:46:00	2018-03-30 07:40:00	J	TP	2018-03-30 09:30:59	14.0	83.0	0	1.0	350.0	4.0	6.21		BKN	M	M	1600.0								9.0	210.0	6.0	6.21		FEW	M	M	2500.0							
465962	2018-03-30 00:00:00	567.0	CSTTB	319	AIRBUS A319-111	NB	HAM	2018-03-30 04:00:00	2018-03-30 04:08:00	2018-03-30 04:18:00	LIS	2018-03-30 07:27:00	2018-03-30 07:30:00	2018-03-30 07:30:00	J	TP	2018-03-30 05:03:51	8.0	85.0	E	-3.0	60.0	5.0	0.93		NSC	M	M									8.0	280.0	5.0	6.21		FEW	SCT	M	2500.0	3000.0						
465963	2018-03-30 00:00:00	753.0	CSTNU	320	AIRBUS A320-211	NB	CPH	2018-03-30 04:00:00	2018-03-30 04:06:00	2018-03-30 04:24:00	LIS	2018-03-30 07:57:00	2018-03-30 08:01:00	2018-03-30 07:45:00	J	TP	2018-03-30 04:25:33	6.0	87.0	A	-1.0	20.0	10.0	6.21		BKN	M	M	3400.0								9.0	210.0	6.0	6.21		FEW	M	M	2500.0							
465964	2018-03-30 00:00:00	791.0	CSTQD	320	AIRBUS A320-211	NB	HEL	2018-03-30 04:00:00	2018-03-30 04:39:00	2018-03-30 04:49:00	LIS	2018-03-30 09:21:00	2018-03-30 09:24:00	2018-03-30 08:55:00	J	TP	2018-04-02 16:43:59	18.0	63.0	D	-11.0	350.0	1.0	6.21		M	M	M									10.0	300.0	5.0	6.21		FEW	FEW	M	2200.0	2700.0						
465965	2018-03-30 00:00:00	1307.0	CSTNT	320	AIRBUS A320-211	NB	PRG	2018-03-30 04:00:00	2018-03-30 03:58:00	2018-03-30 04:20:00	LIS	2018-03-30 07:39:00	2018-03-30 07:43:00	2018-03-30 07:30:00	J	TP					1.0	170.0	7.0	6.21		M	M	M									8.0	280.0	5.0	6.21		FEW	SCT	M	2500.0	3000.0						
465966	2018-03-30 00:00:00	553.0	CSTTH	319	AIRBUS A319-111	NB	MUC	2018-03-30 04:05:00	2018-03-30 04:24:00	2018-03-30 04:40:00	LIS	2018-03-30 07:48:00	2018-03-30 07:54:00	2018-03-30 07:20:00	J	TP	2018-03-30 04:40:41	4.0	83.0	0	0.0	50.0	2.0	4.35		NSC	M	M									9.0	210.0	6.0	6.21		FEW	M	M	2500.0							
465967	2018-03-30 00:00:00	821.0	CSTTQ	319	AIRBUS A319-111	NB	MXP	2018-03-30 04:05:00	2018-03-30 04:02:00	2018-03-30 04:24:00	LIS	2018-03-30 06:55:00	2018-03-30 06:59:00	2018-03-30 07:00:00	J	TP					10.0	80.0	3.0	3.73		FEW	BKN	M	700.0	1500.0							8.0	260.0	4.0	6.21		FEW	M	M	3600.0							
465968	2018-03-30 00:00:00	929.0	CSTNK	320	AIRBUS A320-211	NB	ZRH	2018-03-30 04:10:00	2018-03-30 04:26:00	2018-03-30 04:58:00	LIS	2018-03-30 07:29:00	2018-03-30 07:35:00	2018-03-30 07:05:00	J	TP	2018-03-30 05:03:53	7.0	83.0	0	0.0		2.0	0.25		VV 	M	M	100.0								8.0	280.0	5.0	6.21		FEW	SCT	M	2500.0	3000.0						
465969	2018-03-30 00:00:00	949.0	CSTTC	319	AIRBUS A319-111	NB	GVA	2018-03-30 04:10:00	2018-03-30 04:16:00	2018-03-30 04:28:00	LIS	2018-03-30 06:41:00	2018-03-30 06:45:00	2018-03-30 06:45:00	J	TP	2018-03-31 08:36:59	6.0	15.0	D	2.0		2.0	6.21		BKN	M	M	9000.0								9.0	280.0	5.0	6.21		FEW	SCT	M	3200.0	4000.0						
465970	2018-03-30 00:00:00	571.0	CSTNP	320	AIRBUS A320-211	NB	FRA	2018-03-30 04:15:00	2018-03-30 04:20:00	2018-03-30 04:33:00	LIS	2018-03-30 07:18:00	2018-03-30 07:20:00	2018-03-30 07:25:00	J	TP	2018-03-30 09:33:59	5.0	81.0	0	2.0	40.0	3.0	6.21		M	M	M									8.0	280.0	5.0	6.21		FEW	SCT	M	2500.0	3000.0						
465971	2018-03-30 00:00:00	837.0	CSTNM	320	AIRBUS A320-211	NB	FCO	2018-03-30 04:15:00	2018-03-30 04:31:00	2018-03-30 04:45:00	LIS	2018-03-30 07:35:00	2018-03-30 07:38:00	2018-03-30 07:20:00	J	TP	2018-03-30 09:28:59	16.0	83.0	0	14.0	140.0	12.0	6.21		SCT	M	M	2500.0								8.0	280.0	5.0	6.21		FEW	SCT	M	2500.0	3000.0						
465972	2018-03-30 00:00:00	1235.0	CSTNQ	320	AIRBUS A320-211	NB	DME	2018-03-30 04:15:00	2018-03-30 04:21:00	2018-03-30 04:41:00	LIS	2018-03-30 10:11:00	2018-03-30 10:17:00	2018-03-30 10:10:00	J	TP	2018-04-20 15:18:59	6.0	41.0	A	-9.0	210.0	3.89	6.21		M	M	M									12.0	260.0	14.0	6.21		SCT	FEW	M	3000.0	3500.0						
465973	2018-03-30 00:00:00	1943.0	FHBAL	319	AIRBUS A319-111	NB	OPO	2018-03-30 04:15:00	2018-03-30 04:23:00	2018-03-30 04:32:00	LIS	2018-03-30 05:05:00	2018-03-30 05:10:00	2018-03-30 05:10:00	J	TP	2018-03-30 04:35:48	8.0	85.0	C	9.0	260.0	6.0	6.21	16.0	FEW	BKN	M	2500.0	4000.0							9.0	260.0	4.0	6.21		SCT	M	M	4000.0							
465974	2018-03-30 00:00:00	641.0	CSTNN	320	AIRBUS A320-211	NB	BRU	2018-03-30 04:20:00	2018-03-30 04:19:00	2018-03-30 04:28:00	LIS	2018-03-30 07:01:00	2018-03-30 07:06:00	2018-03-30 07:10:00	J	TP					5.0	160.0	6.0	6.21		M	M	M									8.0	260.0	4.0	6.21		FEW	M	M	3600.0							
465975	2018-03-30 00:00:00	1095.0	CSDJH	AT7	ATR 72	WI	VLC	2018-03-30 04:20:00	2018-03-30 04:15:00	2018-03-30 04:25:00	LIS	2018-03-30 06:26:00	2018-03-30 06:28:00	2018-03-30 06:35:00	J	WI					14.0	260.0	13.0	6.21		M	M	M									9.0	280.0	5.0	6.21		FEW	SCT	M	3200.0	4000.0						
465976	2018-03-30 00:00:00	587.0	CSTTZ	E95	EMBRAER 195	PGA	CGN	2018-03-30 04:25:00	2018-03-30 04:50:00	2018-03-30 05:01:00	LIS	2018-03-30 07:54:00	2018-03-30 07:58:00	2018-03-30 07:35:00	J	NI	2018-03-30 09:27:59	25.0	83.0	0	5.0	120.0	8.0	6.21		M	M	M									9.0	210.0	6.0	6.21		FEW	M	M	2500.0							
465977	2018-03-30 00:00:00	447.0	CSTNG	320	AIRBUS A320-211	NB	ORY	2018-03-30 04:30:00	2018-03-30 04:37:00	2018-03-30 04:47:00	LIS	2018-03-30 06:58:00	2018-03-30 07:02:00	2018-03-30 07:00:00	J	TP	2018-03-30 04:51:41	7.0	83.0	0	6.0		2.0	6.21		SCT	BKN	M	4100.0	6300.0							8.0	260.0	4.0	6.21		FEW	M	M	3600.0							
465978	2018-03-30 00:00:00	1049.0	CSTNI	320	AIRBUS A320-211	NB	BCN	2018-03-30 04:40:00	2018-03-30 04:40:00	2018-03-30 04:59:00	LIS	2018-03-30 06:39:00	2018-03-30 06:45:00	2018-03-30 06:35:00	J	TP					11.0	330.0	4.0	6.21		FEW	BKN	M	1800.0	2200.0							9.0	280.0	5.0	6.21		FEW	SCT	M	3200.0	4000.0						
465979	2018-03-30 00:00:00	1137.0	CSDJG	AT7	ATR 72	WI	AGP	2018-03-30 04:40:00	2018-03-30 04:47:00	2018-03-30 04:57:00	LIS	2018-03-30 06:18:00	2018-03-30 06:21:00	2018-03-30 06:15:00	J	WI	2018-03-30 04:59:45	7.0	81.0	0	11.0	250.0	4.0	6.21		FEW	M	M	4000.0								9.0	280.0	5.0	6.21		FEW	SCT	M	3200.0	4000.0						
465980	2018-03-30 00:00:00	361.0	CSTNL	320	AIRBUS A320-211	NB	LHR	2018-03-30 05:00:00	2018-03-30 05:06:00	2018-03-30 05:26:00	LIS	2018-03-30 07:45:00	2018-03-30 07:49:00	2018-03-30 07:35:00	J	TP	2018-03-30 06:03:43	6.0	83.0	0	4.0	80.0	4.0	6.21		SCT	M	M	2100.0								9.0	210.0	6.0	6.21		FEW	M	M	2500.0							
465981	2018-03-30 00:00:00	459.0	CSTTR	319	AIRBUS A319-111	NB	ORY	2018-03-30 05:00:00	2018-03-30 05:00:00	2018-03-30 05:14:00	OPO	2018-03-30 07:06:00	2018-03-30 07:10:00	2018-03-30 07:05:00	J	TP					6.0	0.0	0.0	6.21		BKN	M	M	3300.0								8.0	210.0	8.0	6.21		FEW	FEW	SCT	2000.0	2500.0	4000.0					
465982	2018-03-30 00:00:00	669.0	CSTNS	320	AIRBUS A320-211	NB	AMS	2018-03-30 05:00:00	2018-03-30 05:15:00	2018-03-30 05:24:00	LIS	2018-03-30 08:07:00	2018-03-30 08:11:00	2018-03-30 08:00:00	J	TP	2018-03-30 09:29:59	15.0	83.0	0	6.0	140.0	8.0	6.21		FEW	SCT	BKN	1100.0	1500.0	3900.0						9.0	210.0	6.0	6.21		FEW	M	M	2500.0							
465983	2018-03-30 00:00:00	781.0	CSTTD	319	AIRBUS A319-111	NB	ARN	2018-03-30 05:00:00	2018-03-30 05:06:00	2018-03-30 05:16:00	LIS	2018-03-30 09:26:00	2018-03-30 09:30:00	2018-03-30 09:25:00	J	TP	2018-03-30 05:37:51	6.0	14.0	0	-5.0	40.0	8.0	6.21		M	M	M									10.0	300.0	5.0	6.21		FEW	FEW	M	2200.0	2700.0						
465984	2018-03-30 00:00:00	1101.0	CSDJC	AT7	ATR 72	WI	SVQ	2018-03-30 05:00:00	2018-03-30 05:00:00	2018-03-30 05:08:00	LIS	2018-03-30 06:11:00	2018-03-30 06:15:00	2018-03-30 06:10:00	J	WI					11.0		2.0	6.21		FEW	SCT	M	3000.0	4500.0							9.0	270.0	3.0	6.21		FEW	M	M	4400.0							
465985	2018-03-30 00:00:00	1670.0	CSTTG	319	AIRBUS A319-111	NB	FNC	2018-03-30 05:00:00	2018-03-30 04:54:00	2018-03-30 05:03:00	LIS	2018-03-30 06:33:00	2018-03-30 06:37:00	2018-03-30 06:35:00	J	TP					14.0	270.0	8.0	6.21		SCT	M	M	1600.0								9.0	280.0	5.0	6.21		FEW	SCT	M	3200.0	4000.0						
465986	2018-03-30 00:00:00	1900.0	CSTJG	321	AIRBUS A321-211	NB	FAO	2018-03-30 05:00:00	2018-03-30 04:56:00	2018-03-30 05:03:00	LIS	2018-03-30 05:32:00	2018-03-30 05:36:00	2018-03-30 05:45:00	J	TP					12.0	300.0	6.0	6.21		FEW	SCT	M	1400.0	3000.0							9.0	280.0	7.0	6.21		FEW	BKN	M	3600.0	4600.0						
465987	2018-03-30 00:00:00	2314.0	CSTJE	321	AIRBUS A321-211	NB	DSS	2018-03-30 05:00:00	2018-03-30 06:09:00	2018-03-30 06:22:00	LIS	2018-03-30 09:55:00	2018-03-30 10:00:00	2018-03-30 08:55:00	G	TP	2018-04-03 07:52:59	24.0	85.0	0	18.0	10.0	15.0	4.97		SCT	M	M	400.0								12.0	250.0	11.0	6.21		SCT	FEW	M	3000.0	3500.0						
465988	2018-03-30 00:00:00	1711.0	CSTTK	319	AIRBUS A319-111	NB	OPO	2018-03-30 05:05:00	2018-03-30 04:59:00	2018-03-30 05:05:00	FNC	2018-03-30 06:43:00	2018-03-30 06:46:00	2018-03-30 07:00:00	J	TP					9.0	240.0	5.0	6.21		FEW	SCT	M	2200.0	4200.0							13.0		2.0	6.21		FEW	M	M	1600.0							
465989	2018-03-30 00:00:00	1065.0	CSDJA	AT7	ATR 72	WI	BIO	2018-03-30 05:10:00	2018-03-30 05:09:00	2018-03-30 05:18:00	LIS	2018-03-30 07:07:00	2018-03-30 07:10:00	2018-03-30 07:20:00	J	WI					8.0	250.0	4.0	6.21		SCT	SCT	M	4000.0	6000.0							8.0	260.0	4.0	6.21		FEW	M	M	3600.0							
465990	2018-03-30 00:00:00	1921.0	CSTPR	E90	EMBRAER 190	PGA	OPO	2018-03-30 05:15:00	2018-03-30 05:18:00	2018-03-30 05:26:00	LIS	2018-03-30 05:58:00	2018-03-30 06:04:00	2018-03-30 06:15:00	J	NI	2018-03-30 05:36:48	3.0	89.0	0	8.0	220.0	5.0	6.21		FEW	BKN	M	2500.0	4500.0							9.0	270.0	3.0	6.21		FEW	M	M	4400.0							
465991	2018-03-30 00:00:00	1023.0	CSTTL	319	AIRBUS A319-111	NB	MAD	2018-03-30 05:25:00	2018-03-30 05:28:00	2018-03-30 05:47:00	LIS	2018-03-30 06:44:00	2018-03-30 06:48:00	2018-03-30 06:45:00	J	TP	2018-03-30 06:03:44	3.0	83.0	0	6.0	260.0	8.0	4.97		SCT	BKN	BKN	2500.0	3500.0	4500.0						8.0	260.0	4.0	6.21		FEW	M	M	3600.0							
465992	2018-03-30 00:00:00	436.0	CSTPQ	E90	EMBRAER 190	PGA	LIS	2018-03-30 05:30:00	2018-03-30 05:29:00	2018-03-30 05:41:00	ORY	2018-03-30 07:35:00	2018-03-30 07:39:00	2018-03-30 07:55:00	J	NI					9.0	280.0	7.0	6.21		FEW	BKN	M	3600.0	4600.0							7.0	110.0	10.0	6.21		M	M	M								
465993	2018-03-30 00:00:00	452.0	CSTTP	319	AIRBUS A319-111	NB	OPO	2018-03-30 05:30:00	2018-03-30 05:35:00	2018-03-30 05:43:00	ORY	2018-03-30 07:18:00	2018-03-30 07:23:00	2018-03-30 07:35:00	J	TP	2018-03-30 06:00:52	3.0	89.0	0	8.0	220.0	5.0	6.21		FEW	BKN	M	2500.0	4500.0							7.0	110.0	10.0	6.21		M	M	M								
465994	2018-03-30 00:00:00	818.0	CSTTU	319	AIRBUS A319-111	NB	OPO	2018-03-30 05:30:00	2018-03-30 05:34:00	2018-03-30 05:41:00	MXP	2018-03-30 07:39:00	2018-03-30 07:44:00	2018-03-30 08:05:00	J	TP	2018-03-30 05:58:47	4.0	89.0	0	8.0	220.0	5.0	6.21		FEW	BKN	M	2500.0	4500.0							11.0	120.0	8.0	1.86		SCT	BKN	M	600.0	2500.0						
465995	2018-03-30 00:00:00	834.0	CSTJH	321	AIRBUS A321-211	NB	LIS	2018-03-30 05:30:00	2018-03-30 05:30:00	2018-03-30 05:37:00	FCO	2018-03-30 07:56:00	2018-03-30 08:04:00	2018-03-30 08:20:00	J	TP					9.0	280.0	7.0	6.21		FEW	BKN	M	3600.0	4600.0							16.0	140.0	17.0	6.21		M	M	M								
465996	2018-03-30 00:00:00	1030.0	CSTTE	319	AIRBUS A319-111	NB	OPO	2018-03-30 05:30:00	2018-03-30 05:30:00	2018-03-30 05:37:00	BCN	2018-03-30 06:52:00	2018-03-30 06:55:00	2018-03-30 07:15:00	J	TP					8.0	220.0	5.0	6.21		FEW	BKN	M	2500.0	4500.0							12.0	300.0	3.0	6.21		M	M	M								
465997	2018-03-30 00:00:00	1044.0	CSTJF	321	AIRBUS A321-211	NB	LIS	2018-03-30 05:45:00	2018-03-30 06:33:00	2018-03-30 06:46:00	BCN	2018-03-30 08:15:00	2018-03-30 08:21:00	2018-03-30 07:35:00	J	TP	2018-03-30 07:23:59	4.0	89.0	0	9.0	280.0	5.0	6.21		FEW	SCT	M	3200.0	4000.0							14.0	230.0	12.0	6.21		FEW	M	M	4000.0							
465998	2018-03-30 00:00:00	443.0	CSTTN	319	AIRBUS A319-111	NB	ORY	2018-03-30 05:50:00	2018-03-30 05:57:00	2018-03-30 06:05:00	LIS	2018-03-30 08:19:00	2018-03-30 08:25:00	2018-03-30 08:20:00	J	TP	2018-03-31 08:37:59	7.0	87.0	0	5.0	80.0	6.0	6.21		FEW	SCT	BKN	3600.0	8000.0	22000.0						10.0	220.0	6.0	6.21		FEW	FEW	M	2500.0	3000.0						
465999	2018-03-30 00:00:00	578.0	CSTNW	320	AIRBUS A320-211	NB	LIS	2018-03-30 05:50:00	2018-03-30 05:48:00	2018-03-30 05:59:00	FRA	2018-03-30 08:24:00	2018-03-30 08:35:00	2018-03-30 08:55:00	J	TP					9.0	270.0	3.0	6.21		FEW	M	M	4400.0								7.0	70.0	6.0	6.21		M	M	M								
466000	2018-03-30 00:00:00	864.0	CSTTF	319	AIRBUS A319-111	NB	LIS	2018-03-30 05:55:00	2018-03-30 05:52:00	2018-03-30 06:06:00	VCE	2018-03-30 08:26:00	2018-03-30 08:32:00	2018-03-30 08:45:00	J	TP					9.0	270.0	3.0	6.21		FEW	M	M	4400.0								12.0	60.0	7.0	5.59		SCT	M	M	7000.0							
466001	2018-03-30 00:00:00	1026.0	CSTPS	E90	EMBRAER 190	PGA	LIS	2018-03-30 05:55:00	2018-03-30 05:57:00	2018-03-30 06:13:00	MAD	2018-03-30 07:04:00	2018-03-30 07:08:00	2018-03-30 07:10:00	J	NI	2018-03-30 06:24:59	2.0	85.0	C	9.0	270.0	3.0	6.21		FEW	M	M	4400.0								6.0	280.0	6.0	6.21		FEW	SCT	BKN	4000.0	5000.0	6000.0					
466002	2018-03-30 00:00:00	646.0	CSTNJ	320	AIRBUS A320-211	NB	LIS	2018-03-30 06:00:00	2018-03-30 06:16:00	2018-03-30 06:30:00	BRU	2018-03-30 08:45:00	2018-03-30 08:45:00	2018-03-30 08:40:00	J	TP	2018-03-30 06:32:59	16.0	89.0	0	9.0	280.0	5.0	6.21		FEW	SCT	M	3200.0	4000.0							9.0	140.0	7.0	6.21		M	M	M								
466003	2018-03-30 00:00:00	754.0	FHBIS	320	AIRBUS A320-211	NB	LIS	2018-03-30 06:00:00	2018-03-30 05:58:00	2018-03-30 06:15:00	CPH	2018-03-30 09:21:00	2018-03-30 09:26:00	2018-03-30 09:35:00	J	TP					9.0	270.0	3.0	6.21		FEW	M	M	4400.0								1.0	10.0	7.0	6.21		M	M	M								
466004	2018-03-30 00:00:00	922.0	CSTPO	E90	EMBRAER 190	PGA	OPO	2018-03-30 06:00:00	2018-03-30 08:01:00	2018-03-30 08:12:00	ZRH	2018-03-30 10:32:00	2018-03-30 10:39:00	2018-03-30 08:30:00	J	NI	2018-03-30 08:17:02	121.0	84.0	0	9.0	230.0	6.0	6.21		FEW	BKN	M	2500.0	3000.0							7.0	40.0	6.0	4.97		FEW	SCT	BKN	1200.0	10000.0	13000.0					
466005	2018-03-30 00:00:00	1926.0	CSDJD	AT7	ATR 72	WI	LIS	2018-03-30 06:00:00	2018-03-30 06:09:00	2018-03-30 06:20:00	OPO	2018-03-30 07:10:00	2018-03-30 07:13:00	2018-03-30 07:00:00	J	WI	2018-03-30 06:20:59	9.0	89.0	0	9.0	270.0	3.0	6.21		FEW	M	M	4400.0								8.0	210.0	8.0	6.21		FEW	FEW	SCT	2000.0	2500.0	4000.0					
466006	2018-03-30 00:00:00	336.0	CSTTI	319	AIRBUS A319-111	NB	LIS	2018-03-30 06:05:00	2018-03-30 06:08:00	2018-03-30 06:19:00	LGW	2018-03-30 08:27:00	2018-03-30 08:35:00	2018-03-30 08:45:00	J	TP	2018-03-30 06:26:59	3.0	83.0	0	9.0	270.0	3.0	6.21		FEW	M	M	4400.0								6.0	70.0	7.0	4.97		FEW	SCT	BKN	300.0	700.0	2400.0					
466007	2018-03-30 00:00:00	1672.0	CSTNY	320	AIRBUS A320-211	NB	FNC	2018-03-30 06:05:00	2018-03-30 06:12:00	2018-03-30 06:19:00	LIS	2018-03-30 07:59:00	2018-03-30 08:02:00	2018-03-30 07:45:00	J	TP	2018-03-30 09:31:59	7.0	83.0	0	13.0		3.0	6.21		SCT	M	M	1600.0								9.0	210.0	6.0	6.21		FEW	M	M	2500.0							
466008	2018-03-30 00:00:00	1710.0	CSTTA	319	AIRBUS A319-111	NB	FNC	2018-03-30 06:05:00	2018-03-30 05:53:00	2018-03-30 06:00:00	OPO	2018-03-30 07:50:00	2018-03-30 07:54:00	2018-03-30 07:55:00	J	TP					13.0		3.0	6.21		SCT	M	M	1600.0								9.0	230.0	6.0	6.21		FEW	BKN	M	2500.0	3000.0						
466009	2018-03-30 00:00:00	322.0	CSTNX	320	AIRBUS A320-211	NB	LIS	2018-03-30 06:10:00	2018-03-30 07:20:00	2018-03-30 07:31:00	MAN	2018-03-30 09:49:00	2018-03-30 09:53:00	2018-03-30 09:00:00	J	TP	2018-03-30 07:49:59	30.0	37.0	A	8.0	280.0	5.0	6.21		FEW	SCT	M	2500.0	3000.0							7.0		2.0	6.21		OVC	M	M	2700.0							
466010	2018-03-30 00:00:00	1933.0	CSTNR	320	AIRBUS A320-211	NB	OPO	2018-03-30 06:20:00	2018-03-30 06:18:00	2018-03-30 06:28:00	LIS	2018-03-30 07:03:00	2018-03-30 07:08:00	2018-03-30 07:20:00	J	TP					9.0	250.0	5.0	6.21		FEW	BKN	M	2500.0	4000.0							8.0	260.0	4.0	6.21		FEW	M	M	3600.0							
466011	2018-03-30 00:00:00	1008.0	CSTPT	E90	EMBRAER 190	PGA	OPO	2018-03-30 06:30:00	2018-03-30 06:27:00	2018-03-30 06:36:00	MAD	2018-03-30 07:22:00	2018-03-30 07:28:00	2018-03-30 07:40:00	J	NI					9.0	250.0	5.0	6.21		FEW	BKN	M	2500.0	4000.0							6.0	290.0	5.0	6.21		FEW	BKN	M	4000.0	5500.0						
466012	2018-03-30 00:00:00	1679.0	CSTJG	321	AIRBUS A321-211	NB	LIS	2018-03-30 06:30:00	2018-03-30 06:30:00	2018-03-30 06:38:00	FNC	2018-03-30 07:58:00	2018-03-30 08:00:00	2018-03-30 08:15:00	J	TP					9.0	280.0	5.0	6.21		FEW	SCT	M	3200.0	4000.0							15.0		2.0	6.21		SCT	M	M	1800.0							
466013	2018-03-30 00:00:00	1082.0	CSDJE	AT7	ATR 72	WI	LIS	2018-03-30 06:45:00	2018-03-30 06:44:00	2018-03-30 06:52:00	LCG	2018-03-30 08:10:00	2018-03-30 08:13:00	2018-03-30 08:20:00	J	WI					9.0	280.0	5.0	6.21		FEW	SCT	M	3200.0	4000.0							6.0	220.0	14.0	6.21		SCT	M	M	3000.0							
466014	2018-03-30 00:00:00	9317.0	TSINO	320	AIRBUS A320-211	NB	LIS	2018-03-30 06:45:00	2018-03-30 07:55:00	2018-03-30 08:09:00	MIR	2018-03-30 10:30:00	2018-03-30 10:35:00	2018-03-30 09:20:00	P	BJ					9.0	210.0	6.0	6.21		FEW	M	M	2500.0								28.0	180.0	17.0	6.21		FEW	M	M	2300.0							
466015	2018-03-30 00:00:00	822.0	FHBAL	319	AIRBUS A319-111	NB	LIS	2018-03-30 06:50:00	2018-03-30 07:00:00	2018-03-30 07:10:00	MXP	2018-03-30 09:19:00	2018-03-30 09:23:00	2018-03-30 09:25:00	J	TP	2018-04-02 16:46:59	5.0	31.0	B	8.0	260.0	4.0	6.21		FEW	M	M	3600.0								12.0	120.0	8.0	2.17		BKN	M	M	2500.0							
466016	2018-03-30 00:00:00	1106.0	CSDJB	AT7	ATR 72	WI	LIS	2018-03-30 06:50:00	2018-03-30 06:49:00	2018-03-30 07:00:00	SVQ	2018-03-30 07:45:00	2018-03-30 07:49:00	2018-03-30 08:05:00	J	WI					8.0	260.0	4.0	6.21		FEW	M	M	3600.0								13.0	270.0	8.0	6.21		FEW	SCT	M	1500.0	4900.0						
466017	2018-03-30 00:00:00	1134.0	CSDJG	AT7	ATR 72	WI	LIS	2018-03-30 06:50:00	2018-03-30 07:37:00	2018-03-30 07:53:00	AGP	2018-03-30 09:02:00	2018-03-30 09:08:00	2018-03-30 08:20:00	J	WI	2018-03-30 07:57:59	46.0	41.0	A	8.0	280.0	5.0	6.21		FEW	SCT	M	2500.0	3000.0							14.0	340.0	2.0	6.21		FEW	BKN	M	1500.0	5500.0						
466018	2018-03-30 00:00:00	492.0	CSTPU	E90	EMBRAER 190	PGA	LIS	2018-03-30 06:55:00	2018-03-30 07:02:00	2018-03-30 07:16:00	TLS	2018-03-30 08:41:00	2018-03-30 08:46:00	2018-03-30 08:45:00	J	NI	2018-03-30 07:27:59	7.0	16.0	C	8.0	260.0	4.0	6.21		FEW	M	M	3600.0								9.0	290.0	15.0	6.21		BKN	BKN	OVC	2400.0	7000.0	10000.0					
466019	2018-03-30 00:00:00	404.0	CSTPR	E90	EMBRAER 190	PGA	LIS	2018-03-30 07:00:00	2018-03-30 06:59:00	2018-03-30 07:19:00	MRS	2018-03-30 09:17:00	2018-03-30 09:21:00	2018-03-30 09:15:00	J	NI					8.0	260.0	4.0	6.21		FEW	M	M	3600.0								15.0	130.0	18.0	6.21		BKN	BKN	OVC	2600.0	3200.0	3800.0					
466020	2018-03-30 00:00:00	434.0	CSTNR	320	AIRBUS A320-211	NB	LIS	2018-03-30 07:00:00	2018-03-30 08:08:00	2018-03-30 08:19:00	ORY	2018-03-30 10:23:00	2018-03-30 10:49:00	2018-03-30 09:25:00	J	TP	2018-04-03 07:56:59	16.0	55.0	0	9.0	210.0	6.0	6.21		FEW	M	M	2500.0								10.0	160.0	14.0	6.21		BKN	BKN	M	4400.0	7300.0						
466021	2018-03-30 00:00:00	476.0	CSTTW	E95	EMBRAER 195	PGA	LIS	2018-03-30 07:00:00	2018-03-30 06:59:00	2018-03-30 07:15:00	LYS	2018-03-30 09:07:00	2018-03-30 09:12:00	2018-03-30 09:15:00	J	NI					8.0	260.0	4.0	6.21		FEW	M	M	3600.0								11.0	100.0	7.0	6.21		M	M	M								
466022	2018-03-30 00:00:00	1272.0	CSTOK	332	AIRBUS A330-200	WB	LIS	2018-03-30 07:00:00	2018-03-30 07:10:00	2018-03-30 07:23:00	VIE	2018-03-30 10:11:00	2018-03-30 10:19:00	2018-03-30 10:20:00	J	TP	2018-03-30 07:24:59	10.0	81.0	0	8.0	260.0	4.0	6.21		FEW	M	M	3600.0								9.0	130.0	12.0	6.21		FEW	BKN	M	1600.0	2200.0						
466023	2018-03-30 00:00:00	1828.0	CSTNH	320	AIRBUS A320-211	NB	TER	2018-03-30 07:00:00	2018-03-30 07:13:00	2018-03-30 07:16:00	LIS	2018-03-30 09:24:00	2018-03-30 09:27:00	2018-03-30 09:15:00	J	TP	2018-03-30 07:20:46	13.0	87.0	0	13.0			6.21		FEW	M	M	3000.0								10.0	300.0	5.0	6.21		FEW	FEW	M	2200.0	2700.0						
466024	2018-03-30 00:00:00	1864.0	CSTMW	320	AIRBUS A320-211	NB	PDL	2018-03-30 07:00:00	2018-03-30 07:02:00	2018-03-30 07:11:00	LIS	2018-03-30 09:08:00	2018-03-30 09:11:00	2018-03-30 09:10:00	J	TP	2018-03-30 07:19:44	2.0	15.0	D	14.0	320.0	7.0	6.21		FEW	M	M	2000.0								11.0	260.0	9.0	6.21		FEW	FEW	M	2500.0	3000.0						
466025	2018-03-30 00:00:00	1924.0	CSDJC	AT7	ATR 72	WI	LIS	2018-03-30 07:00:00	2018-03-30 06:57:00	2018-03-30 07:08:00	OPO	2018-03-30 07:59:00	2018-03-30 08:02:00	2018-03-30 08:00:00	J	WI					8.0	260.0	4.0	6.21		FEW	M	M	3600.0								9.0	230.0	6.0	6.21		FEW	BKN	M	2500.0	3000.0						
466026	2018-03-30 00:00:00	371.0	CSTTO	319	AIRBUS A319-111	NB	LHR	2018-03-30 07:10:00	2018-03-30 07:08:00	2018-03-30 07:28:00	LIS	2018-03-30 09:41:00	2018-03-30 09:46:00	2018-03-30 09:50:00	J	TP					5.0	70.0	5.0	5.59		FEW	M	M	4200.0								12.0	250.0	11.0	6.21		SCT	FEW	M	3000.0	3500.0						
466027	2018-03-30 00:00:00	412.0	CSTPW	E90	EMBRAER 190	PGA	LIS	2018-03-30 07:15:00	2018-03-30 07:16:00	2018-03-30 07:26:00	NTE	2018-03-30 09:01:00	2018-03-30 09:06:00	2018-03-30 09:15:00	J	NI	2018-03-30 07:30:59	1.0	93.0	L	8.0	280.0	5.0	6.21		FEW	SCT	M	2500.0	3000.0							7.0	250.0	8.0	6.21		BKN	BKN	BKN	800.0	1400.0	2800.0					
466028	2018-03-30 00:00:00	1098.0	CSDJF	AT7	ATR 72	WI	LIS	2018-03-30 07:15:00	2018-03-30 07:36:00	2018-03-30 07:50:00	VLC	2018-03-30 09:34:00	2018-03-30 09:38:00	2018-03-30 09:20:00	J	WI	2018-03-30 07:54:59	21.0	31.0	B	8.0	280.0	5.0	6.21		FEW	SCT	M	2500.0	3000.0							16.0	250.0	15.0	6.21		FEW	M	M	4000.0							
466029	2018-03-30 00:00:00	374.0	CSTNI	320	AIRBUS A320-211	NB	LIS	2018-03-30 07:20:00	2018-03-30 07:28:00	2018-03-30 07:40:00	LHR	2018-03-30 10:11:00	2018-03-30 10:15:00	2018-03-30 10:00:00	J	TP	2018-03-30 23:35:59	8.0	93.0	Q	8.0	280.0	5.0	6.21		FEW	SCT	M	2500.0	3000.0							7.0	90.0	8.0	6.21		BKN	BKN	OVC	1500.0	2000.0	4600.0					
466030	2018-03-30 00:00:00	542.0	CSTTY	E95	EMBRAER 195	PGA	LIS	2018-03-30 07:30:00	2018-03-30 07:25:00	2018-03-30 07:47:00	DUS	2018-03-30 10:14:00	2018-03-30 10:20:00	2018-03-30 10:25:00	J	NI					8.0	280.0	5.0	6.21		FEW	SCT	M	2500.0	3000.0							12.0	150.0	13.0	6.21		FEW	BKN	M	4400.0	25000.0						
466031	2018-03-30 00:00:00	574.0	CSTNN	320	AIRBUS A320-211	NB	LIS	2018-03-30 07:30:00	2018-03-30 07:56:00	2018-03-30 08:06:00	FRA	2018-03-30 10:32:00	2018-03-30 10:41:00	2018-03-30 10:35:00	J	TP	2018-03-30 08:07:59	5.0	89.0	0	9.0	210.0	6.0	6.21		FEW	M	M	2500.0								11.0	90.0	10.0	6.21		FEW	BKN	M	4000.0	25000.0						
466032	2018-03-30 00:00:00	952.0	CSTTC	319	AIRBUS A319-111	NB	LIS	2018-03-30 07:30:00	2018-03-30 07:46:00	2018-03-30 07:55:00	GVA	2018-03-30 09:55:00	2018-03-30 09:59:00	2018-03-30 09:50:00	J	TP	2018-03-30 08:06:59	16.0	85.0	C	9.0	210.0	6.0	6.21		FEW	M	M	2500.0								6.0		1.0	4.35		SCT	BKN	M	800.0	1300.0						
466033	2018-03-30 00:00:00	1941.0	CSDJD	AT7	ATR 72	WI	OPO	2018-03-30 07:30:00	2018-03-30 07:43:00	2018-03-30 07:54:00	LIS	2018-03-30 08:37:00	2018-03-30 08:40:00	2018-03-30 08:30:00	J	WI	2018-03-30 07:58:49	13.0	93.0	M	9.0	210.0	8.0	6.21		SCT	FEW	M	2000.0	2500.0							10.0	220.0	6.0	6.21		FEW	FEW	M	2500.0	3000.0						
466034	2018-03-30 00:00:00	288.0	CSTOC	343	AIRBUS A340-312	WB	LAD	2018-03-30 07:40:00	2018-03-30 08:23:00	2018-03-30 09:18:00	LIS	2018-03-30 16:05:00	2018-03-30 16:09:00	2018-03-30 15:30:00	J	TP	2018-03-31 08:37:59	17.0	86.0	0	28.0		3.0	5.59		FEW	BKN	M	2000.0	8000.0							12.0	250.0	16.0	6.21		FEW	SCT	FEW	1600.0	2000.0	2500.0					
466035	2018-03-30 00:00:00	784.0	CSTNG	320	AIRBUS A320-211	NB	LIS	2018-03-30 07:45:00	2018-03-30 07:50:00	2018-03-30 08:01:00	ARN	2018-03-30 11:49:00	2018-03-30 11:53:00	2018-03-30 12:00:00	J	TP	2018-03-30 08:08:59	3.0	89.0	0	9.0	210.0	6.0	6.21		FEW	M	M	2500.0								3.0	70.0	11.0	6.21		M	M	M								
466036	2018-03-30 00:00:00	1680.0	CSTTK	319	AIRBUS A319-111	NB	FNC	2018-03-30 07:45:00	2018-03-30 07:38:00	2018-03-30 07:43:00	LIS	2018-03-30 09:13:00	2018-03-30 09:17:00	2018-03-30 09:20:00	J	TP					13.0	280.0	3.0	6.21		FEW	M	M	1600.0								10.0	300.0	5.0	6.21		FEW	FEW	M	2200.0	2700.0						
466037	2018-03-30 00:00:00	558.0	CSTTG	319	AIRBUS A319-111	NB	LIS	2018-03-30 07:50:00	2018-03-30 08:18:00	2018-03-30 08:32:00	MUC	2018-03-30 11:13:00	2018-03-30 11:22:00	2018-03-30 10:50:00	J	TP	2018-03-30 09:52:59	28.0	43.0	D	10.0	220.0	6.0	6.21		FEW	FEW	M	2500.0	3000.0							11.0	100.0	7.0	6.21		FEW	BKN	M	4300.0	10000.0						
466038	2018-03-30 00:00:00	334.0	CSTTR	319	AIRBUS A319-111	NB	OPO	2018-03-30 07:55:00	2018-03-30 08:05:00	2018-03-30 08:14:00	LGW	2018-03-30 10:11:00	2018-03-30 10:15:00	2018-03-30 10:05:00	J	TP	2018-03-30 09:08:00	5.0	16.0	0	9.0	230.0	6.0	6.21		FEW	BKN	M	2500.0	3000.0							7.0	80.0	9.0	6.21		BKN	M	M	1200.0							
466039	2018-03-30 00:00:00	488.0	CSTPP	E90	EMBRAER 190	PGA	LIS	2018-03-30 07:55:00	2018-03-30 08:09:00	2018-03-30 08:24:00	NCE	2018-03-30 10:15:00	2018-03-30 10:22:00	2018-03-30 10:15:00	J	NI	2018-03-30 08:24:59	14.0	93.0	L	9.0	210.0	6.0	6.21		FEW	M	M	2500.0								15.0	120.0	9.0	6.21		SCT	M	M	3100.0							
466040	2018-03-30 00:00:00	1011.0	CSTPS	E90	EMBRAER 190	PGA	MAD	2018-03-30 07:55:00	2018-03-30 07:55:00	2018-03-30 08:10:00	LIS	2018-03-30 09:06:00	2018-03-30 09:10:00	2018-03-30 09:15:00	J	NI					7.0	210.0	6.0	6.21	22.0	FEW	BKN	M	4000.0	5500.0							11.0	260.0	9.0	6.21		FEW	FEW	M	2500.0	3000.0						
466041	2018-03-30 00:00:00	932.0	CSTNK	320	AIRBUS A320-211	NB	LIS	2018-03-30 08:00:00	2018-03-30 08:28:00	2018-03-30 08:40:00	ZRH	2018-03-30 10:58:00	2018-03-30 11:06:00	2018-03-30 10:40:00	J	TP	2018-03-30 08:41:59	8.0	81.0	0	10.0	220.0	6.0	6.21		FEW	FEW	M	2500.0	3000.0							8.0	40.0	3.0	5.59		FEW	BKN	M	1600.0	21000.0						
466042	2018-03-30 00:00:00	1033.0	CSTTE	319	AIRBUS A319-111	NB	BCN	2018-03-30 08:00:00	2018-03-30 08:00:00	2018-03-30 08:12:00	OPO	2018-03-30 09:40:00	2018-03-30 09:43:00	2018-03-30 09:50:00	J	TP					14.0	240.0	11.0	6.21		FEW	M	M	4000.0								12.0	220.0	14.0	6.21		FEW	SCT	M	2500.0	3000.0						
466043	2018-03-30 00:00:00	1930.0	CSDJA	AT7	ATR 72	WI	LIS	2018-03-30 08:00:00	2018-03-30 08:02:00	2018-03-30 08:14:00	OPO	2018-03-30 09:05:00	2018-03-30 09:07:00	2018-03-30 09:00:00	J	WI	2018-03-30 08:18:59	2.0	89.0	0	9.0	210.0	6.0	6.21		FEW	M	M	2500.0								11.0	230.0	12.0	6.21		FEW	SCT	M	2500.0	4000.0						
466044	2018-03-30 00:00:00	664.0	CSTTQ	319	AIRBUS A319-111	NB	LIS	2018-03-30 08:05:00	2018-03-30 08:10:00	2018-03-30 08:21:00	AMS	2018-03-30 10:52:00	2018-03-30 10:59:00	2018-03-30 11:00:00	J	TP	2018-03-30 13:23:59	5.0	16.0	0	9.0	210.0	6.0	6.21		FEW	M	M	2500.0								11.0	120.0	10.0	6.21		FEW	M	M	2100.0							
466045	2018-03-30 00:00:00	1040.0	CSTTX	E95	EMBRAER 195	PGA	LIS	2018-03-30 08:05:00	2018-03-30 08:10:00	2018-03-30 08:26:00	BCN	2018-03-30 09:52:00	2018-03-30 09:57:00	2018-03-30 09:55:00	J	NI	2018-03-30 08:29:59	5.0	89.0	0	9.0	210.0	6.0	6.21		FEW	M	M	2500.0								15.0	230.0	17.0	6.21		FEW	M	M	4000.0							
466046	2018-03-30 00:00:00	1016.0	CSTNM	320	AIRBUS A320-211	NB	LIS	2018-03-30 08:10:00	2018-03-30 09:08:00	2018-03-30 09:23:00	MAD	2018-03-30 10:15:00	2018-03-30 10:19:00	2018-03-30 09:25:00	J	TP	2018-04-03 07:55:59	43.0	46.0	A	11.0	260.0	9.0	6.21		FEW	FEW	M	2500.0	3000.0							9.0	250.0	13.0	6.21		FEW	SCT	M	4500.0	6000.0						
466047	2018-03-30 00:00:00	538.0	CSTTH	319	AIRBUS A319-111	NB	LIS	2018-03-30 08:15:00	2018-03-30 08:39:00	2018-03-30 08:52:00	TXL	2018-03-30 11:43:00	2018-03-30 11:48:00	2018-03-30 11:40:00	J	TP	2018-03-30 08:59:59	24.0	93.0	L	10.0	220.0	6.0	6.21		FEW	FEW	M	2500.0	3000.0							9.0	70.0	7.0	6.21		M	M	M								
466048	2018-03-30 00:00:00	453.0	CSTTP	319	AIRBUS A319-111	NB	ORY	2018-03-30 08:20:00	2018-03-30 08:22:00	2018-03-30 08:31:00	OPO	2018-03-30 10:19:00	2018-03-30 10:22:00	2018-03-30 10:25:00	J	TP	2018-03-30 08:37:00	2.0	16.0	H	8.0	140.0	9.0	6.21		M	M	M									10.0	230.0	13.0	6.21		FEW	SCT	M	2500.0	4000.0						
466049	2018-03-30 00:00:00	1005.0	CSTPT	E90	EMBRAER 190	PGA	MAD	2018-03-30 08:20:00	2018-03-30 08:09:00	2018-03-30 08:21:00	OPO	2018-03-30 09:10:00	2018-03-30 09:13:00	2018-03-30 09:30:00	J	NI					7.0	210.0	6.0	6.21	22.0	FEW	BKN	M	4000.0	5500.0							11.0	230.0	12.0	6.21		FEW	SCT	M	2500.0	4000.0						
466050	2018-03-30 00:00:00	1553.0	CSTNP	320	AIRBUS A320-211	NB	LIS	2018-03-30 08:20:00	2018-03-30 08:27:00	2018-03-30 08:42:00	VXE	2018-03-30 12:23:00	2018-03-30 12:26:00	2018-03-30 12:40:00	J	TP	2018-03-30 08:46:59	7.0	41.0	A	10.0	220.0	6.0	6.21		FEW	FEW	M	2500.0	3000.0							24.0	60.0	21.0	4.97		FEW	M	M	2200.0							
466051	2018-03-30 00:00:00	1739.0	CSTNY	320	AIRBUS A320-211	NB	LIS	2018-03-30 08:20:00	2018-03-30 08:50:00	2018-03-30 09:05:00	PXO	2018-03-30 10:21:00	2018-03-30 10:26:00	2018-03-30 10:05:00	J	TP	2018-04-06 15:37:59	10.0	93.0	R	11.0	260.0	9.0	6.21		FEW	FEW	M	2500.0	3000.0							18.0	330.0	13.0	6.21		FEW	M	M	1500.0							
466052	2018-03-30 00:00:00	1041.0	CSTJF	321	AIRBUS A321-211	NB	BCN	2018-03-30 08:25:00	2018-03-30 09:22:00	2018-03-30 09:45:00	LIS	2018-03-30 11:19:00	2018-03-30 11:23:00	2018-03-30 10:20:00	J	TP	2018-03-30 09:48:03	11.0	83.0	0	15.0	230.0	15.0	6.21		FEW	M	M	4000.0								13.0	250.0	16.0	6.21		BKN	FEW	M	3000.0	3500.0						
466053	2018-03-30 00:00:00	1454.0	CSTTZ	E95	EMBRAER 195	PGA	LIS	2018-03-30 08:25:00	2018-03-30 08:38:00	2018-03-30 08:54:00	RAK	2018-03-30 10:01:00	2018-03-30 10:05:00	2018-03-30 10:00:00	J	NI	2018-03-30 09:01:59	13.0	93.0	L	10.0	220.0	6.0	6.21		FEW	FEW	M	2500.0	3000.0							13.0	270.0	3.0	4.97		BKN	M	M	1300.0							
466054	2018-03-30 00:00:00	1531.0	CSTTB	319	AIRBUS A319-111	NB	LIS	2018-03-30 08:25:00	2018-03-30 08:33:00	2018-03-30 08:46:00	RAI	2018-03-30 12:25:00	2018-03-30 12:27:00	2018-03-30 12:45:00	J	TP	2018-03-30 08:49:59	5.0	89.0	0	10.0	220.0	6.0	6.21		FEW	FEW	M	2500.0	3000.0							25.0	40.0	19.0	6.21		FEW	M	M	1800.0							
466055	2018-03-30 00:00:00	1907.0	CSTTL	319	AIRBUS A319-111	NB	LIS	2018-03-30 08:30:00	2018-03-30 08:38:00	2018-03-30 08:51:00	FAO	2018-03-30 09:23:00	2018-03-30 09:27:00	2018-03-30 09:15:00	J	TP	2018-03-30 08:57:59	4.0	89.0	0	10.0	220.0	6.0	6.21		FEW	FEW	M	2500.0	3000.0							14.0	260.0	11.0	6.21		FEW	SCT	M	1500.0	3000.0						
466056	2018-03-30 00:00:00	1927.0	CSDJC	AT7	ATR 72	WI	OPO	2018-03-30 08:30:00	2018-03-30 08:31:00	2018-03-30 08:41:00	LIS	2018-03-30 09:30:00	2018-03-30 09:34:00	2018-03-30 09:30:00	J	WI	2018-03-30 08:43:54	1.0	93.0	R	11.0	230.0	10.0	6.21		FEW	SCT	M	2500.0	4000.0							10.0	300.0	5.0	6.21		FEW	FEW	M	2200.0	2700.0						
466057	2018-03-30 00:00:00	1262.0	CSTNT	320	AIRBUS A320-211	NB	LIS	2018-03-30 08:35:00	2018-03-30 08:45:00	2018-03-30 08:56:00	WAW	2018-03-30 12:22:00	2018-03-30 12:25:00	2018-03-30 12:25:00	J	TP	2018-03-30 09:43:59	10.0	87.0	G	10.0	220.0	6.0	6.21		FEW	FEW	M	2500.0	3000.0							12.0	250.0	9.0	6.21		M	M	M								
466058	2018-03-30 00:00:00	1487.0	CSTNU	320	AIRBUS A320-211	NB	LIS	2018-03-30 08:40:00	2018-03-30 08:46:00	2018-03-30 09:03:00	DSS	2018-03-30 12:38:00	2018-03-30 12:43:00	2018-03-30 12:40:00	J	TP	2018-03-31 08:38:59	6.0	93.0	Q	11.0	260.0	9.0	6.21		FEW	FEW	M	2500.0	3000.0							25.0	20.0	13.0	6.21		M	M	M								
466059	2018-03-30 00:00:00	437.0	CSTPQ	E90	EMBRAER 190	PGA	ORY	2018-03-30 08:45:00	2018-03-30 08:46:00	2018-03-30 08:58:00	LIS	2018-03-30 11:06:00	2018-03-30 11:12:00	2018-03-30 11:15:00	J	NI	2018-03-31 08:38:59	1.0	83.0	0	8.0	150.0	7.0	6.21		NSC	M	M									13.0	260.0	13.0	6.21		SCT	FEW	M	3000.0	3500.0						
466060	2018-03-30 00:00:00	1107.0	CSDJB	AT7	ATR 72	WI	SVQ	2018-03-30 08:45:00	2018-03-30 08:30:00	2018-03-30 08:40:00	LIS	2018-03-30 09:39:00	2018-03-30 09:44:00	2018-03-30 09:55:00	J	WI					13.0	270.0	9.0	6.21		M	M	M									10.0	300.0	5.0	6.21		FEW	FEW	M	2200.0	2700.0						
466061	2018-03-30 00:00:00	819.0	CSTTU	319	AIRBUS A319-111	NB	MXP	2018-03-30 08:50:00	2018-03-30 08:46:00	2018-03-30 09:03:00	OPO	2018-03-30 11:29:00	2018-03-30 11:31:00	2018-03-30 11:35:00	J	TP					11.0	120.0	7.0	2.17		BKN	M	M	2500.0								9.0	220.0	16.0	4.97	34.0	SCT	FEW	BKN	2000.0	2500.0	4000.0					
466062	2018-03-30 00:00:00	938.0	CSTTA	319	AIRBUS A319-111	NB	OPO	2018-03-30 08:50:00	2018-03-30 08:50:00	2018-03-30 08:59:00	GVA	2018-03-30 10:43:00	2018-03-30 10:48:00	2018-03-30 10:55:00	J	TP					11.0	230.0	12.0	6.21		FEW	SCT	M	2500.0	4000.0							7.0	10.0	4.0	4.35		FEW	SCT	BKN	1000.0	1300.0	9000.0					
466063	2018-03-30 00:00:00	440.0	CSTNS	320	AIRBUS A320-211	NB	LIS	2018-03-30 08:55:00	2018-03-30 09:01:00	2018-03-30 09:12:00	ORY	2018-03-30 11:09:00	2018-03-30 11:12:00	2018-03-30 11:20:00	J	TP	2018-03-30 09:17:59	6.0	89.0	0	11.0	260.0	9.0	6.21		FEW	FEW	M	2500.0	3000.0							10.0	160.0	14.0	6.21		BKN	BKN	M	4400.0	7300.0						
466064	2018-03-30 00:00:00	59.0	CSTOX	333	AIRBUS A330-300	WB	LIS	2018-03-30 09:00:00	2018-03-30 09:15:00	2018-03-30 09:33:00	BSB	2018-03-30 18:31:00	2018-03-30 18:38:00	2018-03-30 18:30:00	J	TP	2018-03-30 09:38:59	5.0	89.0	0	11.0	260.0	9.0	6.21		FEW	FEW	M	2500.0	3000.0							25.0	90.0	9.0	6.21		SCT	FEW	BKN	3500.0	4000.0	10000.0					
466065	2018-03-30 00:00:00	1085.0	CSDJE	AT7	ATR 72	WI	LCG	2018-03-30 09:00:00	2018-03-30 08:47:00	2018-03-30 08:51:00	LIS	2018-03-30 10:04:00	2018-03-30 10:08:00	2018-03-30 10:40:00	J	WI					6.0	180.0	8.0	6.21		FEW	SCT	BKN	2100.0	3000.0	4300.0						12.0	250.0	11.0	6.21		SCT	FEW	M	3000.0	3500.0						
466066	2018-03-30 00:00:00	1133.0	CSDJG	AT7	ATR 72	WI	AGP	2018-03-30 09:00:00	2018-03-30 09:53:00	2018-03-30 10:04:00	LIS	2018-03-30 11:31:00	2018-03-30 11:35:00	2018-03-30 10:40:00	J	WI	2018-03-30 10:09:03	5.0	81.0	0	15.0		1.0	6.21		FEW	BKN	M	1500.0	5500.0							13.0	250.0	16.0	6.21		BKN	FEW	M	3000.0	3500.0						
466067	2018-03-30 00:00:00	1674.0	CSTJG	321	AIRBUS A321-211	NB	FNC	2018-03-30 09:00:00	2018-03-30 08:52:00	2018-03-30 08:59:00	LIS	2018-03-30 10:36:00	2018-03-30 10:39:00	2018-03-30 10:35:00	J	TP					16.0		2.0	6.21		FEW	SCT	M	1800.0	3000.0							12.0	260.0	14.0	6.21		SCT	FEW	M	3000.0	3500.0						
466068	2018-03-30 00:00:00	1944.0	CSDJD	AT7	ATR 72	WI	LIS	2018-03-30 09:00:00	2018-03-30 09:09:00	2018-03-30 09:20:00	OPO	2018-03-30 10:11:00	2018-03-30 10:13:00	2018-03-30 10:00:00	J	WI	2018-03-30 09:20:59	9.0	93.0	M	11.0	260.0	9.0	6.21		FEW	FEW	M	2500.0	3000.0							11.0	240.0	14.0	6.21	25.0	SCT	FEW	BKN	2000.0	2500.0	3000.0					
466069	2018-03-30 00:00:00	366.0	CSTTS	319	AIRBUS A319-111	NB	LIS	2018-03-30 09:05:00	2018-03-30 09:23:00	2018-03-30 09:42:00	LHR	2018-03-30 12:20:00	2018-03-30 12:29:00	2018-03-30 11:45:00	J	TP	2018-03-30 09:43:59	10.0	89.0	0	10.0	300.0	5.0	6.21		FEW	FEW	M	2200.0	2700.0							7.0	60.0	10.0	5.59		FEW	SCT	BKN	1400.0	2000.0	2500.0					
466070	2018-03-30 00:00:00	841.0	CSTJH	321	AIRBUS A321-211	NB	FCO	2018-03-30 09:10:00	2018-03-30 09:21:00	2018-03-30 09:37:00	LIS	2018-03-30 12:32:00	2018-03-30 12:36:00	2018-03-30 12:15:00	J	TP	2018-03-30 09:43:56	11.0	81.0	0	17.0	150.0	20.0	6.21		M	M	M									13.0	240.0	15.0	6.21		FEW	FEW	M	3000.0	3500.0						
466071	2018-03-30 00:00:00	923.0	CSTPO	E90	EMBRAER 190	PGA	ZRH	2018-03-30 09:15:00	2018-03-30 11:19:00	2018-03-30 11:35:00	OPO	2018-03-30 14:02:00	2018-03-30 14:05:00	2018-03-30 11:50:00	J	NI	2018-03-30 11:58:03	124.0	93.0	R	8.0	40.0	3.0	5.59		FEW	BKN	M	1600.0	21000.0							8.0	240.0	9.0	4.97		FEW	FEW	BKN	2200.0	2600.0	3500.0					
466072	2018-03-30 00:00:00	491.0	CSTPU	E90	EMBRAER 190	PGA	TLS	2018-03-30 09:25:00	2018-03-30 09:23:00	2018-03-30 09:37:00	LIS	2018-03-30 11:12:00	2018-03-30 11:16:00	2018-03-30 11:25:00	J	NI					9.0	290.0	15.0	6.21		SCT	SCT	OVC	2500.0	3000.0	7200.0						13.0	250.0	16.0	6.21		BKN	FEW	M	3000.0	3500.0						
466073	2018-03-30 00:00:00	647.0	CSTNJ	320	AIRBUS A320-211	NB	BRU	2018-03-30 09:30:00	2018-03-30 09:50:00	2018-03-30 10:05:00	LIS	2018-03-30 12:38:00	2018-03-30 12:42:00	2018-03-30 12:20:00	J	TP	2018-04-18 14:25:59	11.0	89.0	0	11.0	120.0	9.0	6.21		M	M	M									13.0	240.0	15.0	6.21		FEW	FEW	M	3000.0	3500.0						
466074	2018-03-30 00:00:00	1931.0	CSDJA	AT7	ATR 72	WI	OPO	2018-03-30 09:30:00	2018-03-30 09:36:00	2018-03-30 09:44:00	LIS	2018-03-30 10:28:00	2018-03-30 10:31:00	2018-03-30 10:30:00	J	WI	2018-03-30 09:49:04	6.0	93.0	R	12.0	220.0	14.0	6.21		FEW	SCT	M	2500.0	3000.0							12.0	260.0	14.0	6.21		SCT	FEW	M	3000.0	3500.0						
466075	2018-03-30 00:00:00	223.0	CSTOU	333	AIRBUS A330-300	WB	LIS	2018-03-30 09:35:00	2018-03-30 09:56:00	2018-03-30 10:10:00	MIA	2018-03-30 18:53:00	2018-03-30 18:57:00	2018-03-30 18:30:00	J	TP	2018-03-30 10:12:59	21.0	16.0	0	12.0	250.0	11.0	6.21		SCT	FEW	M	3000.0	3500.0								150.0	10.0	10.0		BKN	M	M	4200.0							
466076	2018-03-30 00:00:00	339.0	CSTTI	319	AIRBUS A319-111	NB	LGW	2018-03-30 09:35:00	2018-03-30 09:39:00	2018-03-30 10:00:00	LIS	2018-03-30 12:12:00	2018-03-30 12:22:00	2018-03-30 12:15:00	J	TP	2018-03-30 10:06:59	4.0	65.0	0	7.0	70.0	9.0	6.21		BKN	M	M	1000.0								13.0	240.0	15.0	6.21		FEW	FEW	M	3000.0	3500.0						
466077	2018-03-30 00:00:00	863.0	CSTTF	319	AIRBUS A319-111	NB	VCE	2018-03-30 09:35:00	2018-03-30 09:33:00	2018-03-30 09:44:00	LIS	2018-03-30 12:48:00	2018-03-30 12:52:00	2018-03-30 12:45:00	J	TP					14.0	80.0	6.0	6.21		SCT	M	M	7000.0								13.0	240.0	19.0	6.21		SCT	FEW	M	3000.0	3500.0						
466078	2018-03-30 00:00:00	581.0	CSTNW	320	AIRBUS A320-211	NB	FRA	2018-03-30 09:40:00	2018-03-30 09:35:00	2018-03-30 09:47:00	LIS	2018-03-30 12:34:00	2018-03-30 12:41:00	2018-03-30 12:50:00	J	TP					9.0	70.0	7.0	6.21		M	M	M									13.0	240.0	15.0	6.21		FEW	FEW	M	3000.0	3500.0						
466079	2018-03-30 00:00:00	1116.0	CSTPV	E90	EMBRAER 190	PGA	LIS	2018-03-30 09:40:00	2018-03-30 09:44:00	2018-03-30 09:54:00	LPA	2018-03-30 11:43:00	2018-03-30 11:47:00	2018-03-30 12:00:00	J	NI	2018-03-30 09:56:59	4.0	89.0	0	10.0	300.0	5.0	6.21		FEW	FEW	M	2200.0	2700.0							20.0	20.0	24.0	6.21		BKN	M	M	3000.0							
466080	2018-03-30 00:00:00	1671.0	CSTTN	319	AIRBUS A319-111	NB	LIS	2018-03-30 09:40:00	2018-03-30 09:43:00	2018-03-30 09:56:00	FNC	2018-03-30 11:20:00	2018-03-30 11:23:00	2018-03-30 11:25:00	J	TP	2018-03-30 09:57:59	3.0	93.0	O	10.0	300.0	5.0	6.21		FEW	FEW	M	2200.0	2700.0							18.0	30.0	11.0	6.21		FEW	M	M	1800.0							
466081	2018-03-30 00:00:00	323.0	CSTNX	320	AIRBUS A320-211	NB	MAN	2018-03-30 09:45:00	2018-03-30 10:39:00	2018-03-30 10:56:00	LIS	2018-03-30 13:20:00	2018-03-30 13:25:00	2018-03-30 12:40:00	J	TP	2018-04-06 14:49:59	1.0	89.0	0	7.0	140.0	4.0	6.21		BKN	M	M	3000.0								14.0	240.0	20.0	6.21	31.0	FEW	FEW	M	3000.0	3500.0						
466082	2018-03-30 00:00:00	217.0	CSTOQ	332	AIRBUS A330-200	WB	LIS	2018-03-30 09:55:00	2018-03-30 10:04:00	2018-03-30 10:17:00	BOS	2018-03-30 17:52:00	2018-03-30 18:10:00	2018-03-30 17:20:00	J	TP	2018-03-30 10:25:59	9.0	89.0	0	12.0	250.0	11.0	6.21		SCT	FEW	M	3000.0	3500.0								260.0	5.0	5.0		FEW	BKN	OVC	900.0	1600.0	5500.0					
466083	2018-03-30 00:00:00	413.0	CSTPW	E90	EMBRAER 190	PGA	NTE	2018-03-30 09:55:00	2018-03-30 09:57:00	2018-03-30 10:05:00	LIS	2018-03-30 11:44:00	2018-03-30 11:50:00	2018-03-30 11:55:00	J	NI	2018-04-02 16:37:59	2.0	89.0	0	10.0	280.0	15.0	6.21		BKN	OVC	M	2100.0	2600.0							11.0	260.0	19.0	6.21	31.0	BKN	FEW	M	2800.0	3300.0						
466084	2018-03-30 00:00:00	471.0	CSTTW	E95	EMBRAER 195	PGA	LYS	2018-03-30 09:55:00	2018-03-30 09:55:00	2018-03-30 10:05:00	LIS	2018-03-30 12:17:00	2018-03-30 12:23:00	2018-03-30 12:25:00	J	NI					11.0	130.0	4.0	6.21		M	M	M									13.0	240.0	15.0	6.21		FEW	FEW	M	3000.0	3500.0						
466085	2018-03-30 00:00:00	1038.0	CSTMW	320	AIRBUS A320-211	NB	LIS	2018-03-30 09:55:00	2018-03-30 10:14:00	2018-03-30 10:31:00	BCN	2018-03-30 12:00:00	2018-03-30 12:05:00	2018-03-30 11:45:00	J	TP	2018-03-30 10:34:59	19.0	15.0	D	12.0	250.0	11.0	6.21		SCT	FEW	M	3000.0	3500.0							17.0	230.0	20.0	6.21		FEW	M	M	2500.0							
466086	2018-03-30 00:00:00	403.0	CSTPR	E90	EMBRAER 190	PGA	MRS	2018-03-30 10:00:00	2018-03-30 09:59:00	2018-03-30 10:11:00	LIS	2018-03-30 12:21:00	2018-03-30 12:25:00	2018-03-30 12:20:00	J	NI					15.0	120.0	19.0	6.21		BKN	OVC	M	2900.0	3500.0							13.0	240.0	15.0	6.21		FEW	FEW	M	3000.0	3500.0						
466087	2018-03-30 00:00:00	1097.0	CSDJF	AT7	ATR 72	WI	VLC	2018-03-30 10:00:00	2018-03-30 10:17:00	2018-03-30 10:28:00	LIS	2018-03-30 12:27:00	2018-03-30 12:30:00	2018-03-30 12:20:00	J	WI	2018-03-30 10:32:10	17.0	93.0	0	17.0	270.0	19.0	6.21		FEW	M	M	4000.0								13.0	240.0	15.0	6.21		FEW	FEW	M	3000.0	3500.0						
466088	2018-03-30 00:00:00	1867.0	CSTNH	320	AIRBUS A320-211	NB	LIS	2018-03-30 10:00:00	2018-03-30 10:20:00	2018-03-30 10:39:00	PDL	2018-03-30 12:48:00	2018-03-30 12:50:00	2018-03-30 12:25:00	J	TP	2018-03-30 10:42:59	8.0	41.0	A	12.0	260.0	14.0	6.21		SCT	FEW	M	3000.0	3500.0							16.0	250.0	14.0	6.21		SCT	M	M	2000.0							
466089	2018-03-30 00:00:00	1902.0	CSTTL	319	AIRBUS A319-111	NB	FAO	2018-03-30 10:00:00	2018-03-30 10:02:00	2018-03-30 10:10:00	LIS	2018-03-30 10:47:00	2018-03-30 10:51:00	2018-03-30 10:50:00	J	TP	2018-03-30 10:13:08	2.0	93.0	0	13.0	290.0	15.0	3.73		FEW	BKN	M	1500.0	2500.0							13.0	260.0	13.0	6.21		SCT	FEW	M	3000.0	3500.0						
466090	2018-03-30 00:00:00	1934.0	CSDJC	AT7	ATR 72	WI	LIS	2018-03-30 10:00:00	2018-03-30 10:04:00	2018-03-30 10:15:00	OPO	2018-03-30 11:07:00	2018-03-30 11:11:00	2018-03-30 11:00:00	J	WI	2018-03-30 10:25:59	4.0	93.0	M	12.0	250.0	11.0	6.21		SCT	FEW	M	3000.0	3500.0							10.0	220.0	12.0	6.21		FEW	BKN	M	2000.0	4000.0						
466091	2018-03-30 00:00:00	648.0	CSTTK	319	AIRBUS A319-111	NB	LIS	2018-03-30 10:05:00	2018-03-30 10:06:00	2018-03-30 10:20:00	BRU	2018-03-30 12:39:00	2018-03-30 12:44:00	2018-03-30 12:45:00	J	TP	2018-03-30 10:24:59	1.0	89.0	0	12.0	250.0	11.0	6.21		SCT	FEW	M	3000.0	3500.0							13.0	130.0	10.0	6.21		FEW	M	M	4300.0							
466092	2018-03-30 00:00:00	1019.0	CSTNM	320	AIRBUS A320-211	NB	MAD	2018-03-30 10:10:00	2018-03-30 11:06:00	2018-03-30 11:24:00	LIS	2018-03-30 12:23:00	2018-03-30 12:26:00	2018-03-30 11:30:00	J	TP	2018-03-30 11:31:13	2.0	89.0	0	9.0	250.0	11.0	6.21	24.0	FEW	SCT	M	3500.0	5000.0							13.0	240.0	15.0	6.21		FEW	FEW	M	3000.0	3500.0						
466093	2018-03-30 00:00:00	89.0	CSTOO	332	AIRBUS A330-200	WB	LIS	2018-03-30 10:15:00	2018-03-30 10:27:00	2018-03-30 10:46:00	GRU	2018-03-30 20:17:00	2018-03-30 20:24:00	2018-03-30 20:30:00	J	TP	2018-03-30 10:47:59	12.0	41.0	A	12.0	260.0	14.0	6.21		SCT	FEW	M	3000.0	3500.0							22.0	200.0	4.0	6.21		SCT	FEW	BKN	4000.0	4500.0	8000.0					
466094	2018-03-30 00:00:00	433.0	CSTNR	320	AIRBUS A320-211	NB	ORY	2018-03-30 10:15:00	2018-03-30 11:46:00	2018-03-30 11:53:00	LIS	2018-03-30 14:07:00	2018-03-30 14:11:00	2018-03-30 12:45:00	J	TP	2018-03-30 12:22:18	11.0	14.0	A	10.0	180.0	14.0	6.21		BKN	M	M	2700.0								13.0	240.0	15.0	6.21		SCT	SCT	M	2800.0	3300.0						
466095	2018-03-30 00:00:00	827.0	FHBAL	319	AIRBUS A319-111	NB	MXP	2018-03-30 10:15:00	2018-03-30 10:08:00	2018-03-30 10:31:00	LIS	2018-03-30 12:58:00	2018-03-30 13:02:00	2018-03-30 13:05:00	J	TP					12.0	140.0	8.0	3.11		BKN	M	M	5000.0								13.0	240.0	19.0	6.21		SCT	FEW	M	3000.0	3500.0						
466096	2018-03-30 00:00:00	9700.0	CSTTJ	319	AIRBUS A319-111	NB	LIS	2018-03-30 10:15:00	2018-03-30 10:16:00	2018-03-30 11:15:00	LIS	2018-03-30 17:02:00	2018-03-30 17:07:00	2018-03-30 16:55:00	T	TP					12.0	260.0	14.0	6.21		SCT	FEW	M	3000.0	3500.0							13.0	260.0	16.0	6.21	27.0	FEW	FEW	BKN	2000.0	2500.0	3000.0					
466097	2018-03-30 00:00:00	757.0	FHBIS	320	AIRBUS A320-211	NB	CPH	2018-03-30 10:20:00	2018-03-30 10:19:00	2018-03-30 10:30:00	LIS	2018-03-30 14:01:00	2018-03-30 14:05:00	2018-03-30 14:10:00	J	TP					1.0	20.0	6.0	6.21		FEW	M	M	2000.0								13.0	240.0	15.0	6.21		SCT	SCT	M	2800.0	3300.0						
466098	2018-03-30 00:00:00	872.0	CSTNL	320	AIRBUS A320-211	NB	LIS	2018-03-30 10:20:00	2018-03-30 10:31:00	2018-03-30 10:43:00	BLQ	2018-03-30 12:57:00	2018-03-30 13:01:00	2018-03-30 13:00:00	J	TP	2018-03-30 10:44:59	11.0	64.0	0	12.0	260.0	14.0	6.21		SCT	FEW	M	3000.0	3500.0							20.0	190.0	13.0	6.21		FEW	SCT	M	5000.0	6000.0						
466099	2018-03-30 00:00:00	1935.0	CSDJD	AT7	ATR 72	WI	OPO	2018-03-30 10:30:00	2018-03-30 10:44:00	2018-03-30 10:53:00	LIS	2018-03-30 11:34:00	2018-03-30 11:39:00	2018-03-30 11:30:00	J	WI	2018-03-30 10:56:15	1.0	89.0	0	10.0	230.0	13.0	6.21		FEW	SCT	M	2500.0	4000.0							13.0	250.0	16.0	6.21		BKN	FEW	M	3000.0	3500.0						
466100	2018-03-30 00:00:00	686.0	CSTTE	319	AIRBUS A319-111	NB	OPO	2018-03-30 10:35:00	2018-03-30 10:32:00	2018-03-30 10:40:00	LUX	2018-03-30 12:39:00	2018-03-30 12:42:00	2018-03-30 12:55:00	J	TP					10.0	230.0	13.0	6.21		FEW	SCT	M	2500.0	4000.0							11.0	140.0	11.0	6.21		M	M	M								
466101	2018-03-30 00:00:00	951.0	CSTTC	319	AIRBUS A319-111	NB	GVA	2018-03-30 10:35:00	2018-03-30 10:54:00	2018-03-30 11:03:00	LIS	2018-03-30 13:14:00	2018-03-30 13:20:00	2018-03-30 13:10:00	J	TP	2018-03-30 11:04:12	10.0	15.0	D	7.0	10.0	4.0	4.35		FEW	SCT	BKN	1000.0	1300.0	9000.0						14.0	240.0	20.0	6.21	31.0	FEW	FEW	M	3000.0	3500.0						
466102	2018-03-30 00:00:00	1122.0	CSDJB	AT7	ATR 72	WI	LIS	2018-03-30 10:35:00	2018-03-30 10:35:00	2018-03-30 10:50:00	ALC	2018-03-30 12:42:00	2018-03-30 12:48:00	2018-03-30 12:50:00	J	WI					12.0	260.0	14.0	6.21		SCT	FEW	M	3000.0	3500.0							19.0	180.0	16.0	6.21		SCT	M	M	600.0							
466103	2018-03-30 00:00:00	1035.0	CSTTX	E95	EMBRAER 195	PGA	BCN	2018-03-30 10:40:00	2018-03-30 10:44:00	2018-03-30 11:00:00	LIS	2018-03-30 12:44:00	2018-03-30 12:48:00	2018-03-30 12:40:00	J	NI	2018-03-30 11:09:05	2.0	89.0	0	16.0	230.0	18.0	6.21		FEW	M	M	2000.0								13.0	240.0	19.0	6.21		SCT	FEW	M	3000.0	3500.0						
466104	2018-03-30 00:00:00	1453.0	CSTTZ	E95	EMBRAER 195	PGA	RAK	2018-03-30 10:45:00	2018-03-30 10:43:00	2018-03-30 10:57:00	LIS	2018-03-30 12:29:00	2018-03-30 12:32:00	2018-03-30 12:20:00	J	NI					15.0		3.0	6.21		BKN	M	M	2000.0								13.0	240.0	15.0	6.21		FEW	FEW	M	3000.0	3500.0						
466105	2018-03-30 00:00:00	331.0	CSTTR	319	AIRBUS A319-111	NB	LGW	2018-03-30 10:50:00	2018-03-30 11:00:00	2018-03-30 11:27:00	OPO	2018-03-30 13:22:00	2018-03-30 13:25:00	2018-03-30 13:10:00	J	TP	2018-03-30 11:54:09	10.0	93.0	0	7.0	80.0	8.0	5.59		SCT	BKN	M	1100.0	1500.0							8.0	250.0	5.0	4.97		SCT	FEW	BKN	2000.0	2500.0	3500.0					
466106	2018-03-30 00:00:00	1738.0	CSTNY	320	AIRBUS A320-211	NB	PXO	2018-03-30 10:50:00	2018-03-30 11:00:00	2018-03-30 11:09:00	LIS	2018-03-30 12:40:00	2018-03-30 12:43:00	2018-03-30 12:20:00	J	TP	2018-03-31 08:39:59	10.0	93.0	0	18.0	340.0	14.0	6.21		FEW	M	M	1500.0								13.0	240.0	15.0	6.21		FEW	FEW	M	3000.0	3500.0						
466107	2018-03-30 00:00:00	363.0	CSTNI	320	AIRBUS A320-211	NB	LHR	2018-03-30 10:55:00	2018-03-30 11:18:00	2018-03-30 11:41:00	LIS	2018-03-30 13:50:00	2018-03-30 13:55:00	2018-03-30 13:40:00	J	TP	2018-03-31 08:40:59	7.0	89.0	0	8.0	90.0	9.0	5.59		FEW	BKN	OVC	1900.0	2400.0	3000.0						13.0	240.0	15.0	6.21		SCT	SCT	M	2800.0	3300.0						
466108	2018-03-30 00:00:00	483.0	CSTPP	E90	EMBRAER 190	PGA	NCE	2018-03-30 10:55:00	2018-03-30 11:12:00	2018-03-30 11:25:00	LIS	2018-03-30 13:48:00	2018-03-30 13:55:00	2018-03-30 13:35:00	J	NI	2018-03-31 08:39:59	11.0	15.0	0	15.0	100.0	10.0	6.21		BKN	SCT	M	3300.0	10000.0							13.0	240.0	15.0	6.21		SCT	SCT	M	2800.0	3300.0						
466109	2018-03-30 00:00:00	1901.0	CSTNQ	320	AIRBUS A320-211	NB	LIS	2018-03-30 11:00:00	2018-03-30 11:11:00	2018-03-30 11:23:00	FAO	2018-03-30 11:51:00	2018-03-30 11:55:00	2018-03-30 11:45:00	J	TP	2018-03-30 11:26:59	6.0	89.0	0	13.0	260.0	13.0	6.21		SCT	FEW	M	3000.0	3500.0							15.0	260.0	17.0	6.21		FEW	M	M	2000.0							
466110	2018-03-30 00:00:00	1936.0	CSDJA	AT7	ATR 72	WI	LIS	2018-03-30 11:00:00	2018-03-30 11:01:00	2018-03-30 11:17:00	OPO	2018-03-30 12:10:00	2018-03-30 12:13:00	2018-03-30 12:00:00	J	WI	2018-03-30 11:17:59	1.0	93.0	R	13.0	260.0	13.0	6.21		SCT	FEW	M	3000.0	3500.0							9.0	260.0	8.0	4.97	20.0	FEW	SCT	BKN	2000.0	3000.0	4000.0					
466111	2018-03-30 00:00:00	541.0	CSTTY	E95	EMBRAER 195	PGA	DUS	2018-03-30 11:05:00	2018-03-30 11:00:00	2018-03-30 11:14:00	LIS	2018-03-30 13:57:00	2018-03-30 14:00:00	2018-03-30 14:10:00	J	NI					13.0	140.0	12.0	6.21		FEW	BKN	M	4400.0	23000.0							13.0	240.0	15.0	6.21		SCT	SCT	M	2800.0	3300.0						
466112	2018-03-30 00:00:00	658.0	CSTTP	319	AIRBUS A319-111	NB	OPO	2018-03-30 11:15:00	2018-03-30 11:14:00	2018-03-30 11:26:00	AMS	2018-03-30 13:29:00	2018-03-30 13:34:00	2018-03-30 14:00:00	J	TP					10.0	220.0	12.0	6.21		FEW	BKN	M	2000.0	4000.0							13.0	110.0	9.0	6.21		FEW	M	M	3400.0							
466113	2018-03-30 00:00:00	1102.0	CSDJH	AT7	ATR 72	WI	LIS	2018-03-30 11:20:00	2018-03-30 11:22:00	2018-03-30 11:35:00	SVQ	2018-03-30 12:20:00	2018-03-30 12:26:00	2018-03-30 12:35:00	J	WI	2018-03-30 11:35:59	2.0	89.0	0	13.0	250.0	16.0	6.21		BKN	FEW	M	3000.0	3500.0							16.0	280.0	18.0	6.21		M	M	M								
466114	2018-03-30 00:00:00	1140.0	CSDJE	AT7	ATR 72	WI	LIS	2018-03-30 11:20:00	2018-03-30 11:23:00	2018-03-30 11:37:00	VGO	2018-03-30 12:43:00	2018-03-30 12:45:00	2018-03-30 12:40:00	J	WI	2018-03-30 11:37:59	3.0	89.0	0	13.0	250.0	16.0	6.21		BKN	FEW	M	3000.0	3500.0							7.0	200.0	11.0	6.21		FEW	SCT	BKN	1700.0	3000.0	4500.0					
466115	2018-03-30 00:00:00	1271.0	CSTOK	332	AIRBUS A330-200	WB	VIE	2018-03-30 11:20:00	2018-03-30 11:28:00	2018-03-30 11:39:00	LIS	2018-03-30 14:55:00	2018-03-30 14:59:00	2018-03-30 14:55:00	J	TP	2018-03-31 08:40:59	8.0	89.0	0	10.0	140.0	15.0	6.21		FEW	BKN	M	1800.0	2000.0							13.0	240.0	20.0	6.21	30.0	FEW	FEW	BKN	2800.0	3300.0	3800.0					
466116	2018-03-30 00:00:00	573.0	CSTNN	320	AIRBUS A320-211	NB	FRA	2018-03-30 11:25:00	2018-03-30 11:36:00	2018-03-30 11:45:00	LIS	2018-03-30 14:25:00	2018-03-30 14:30:00	2018-03-30 14:35:00	J	TP	2018-03-30 11:56:12	11.0	32.0	0	12.0	90.0	9.0	6.21		FEW	BKN	M	4000.0	25000.0							14.0	240.0	19.0	6.21	31.0	FEW	FEW	M	2800.0	3300.0						
466117	2018-03-30 00:00:00	836.0	CSTON	332	AIRBUS A330-200	WB	LIS	2018-03-30 11:25:00	2018-03-30 11:27:00	2018-03-30 11:39:00	FCO	2018-03-30 13:59:00	2018-03-30 14:07:00	2018-03-30 14:15:00	J	TP	2018-03-30 11:44:59	2.0	15.0	A	13.0	250.0	16.0	6.21		BKN	FEW	M	3000.0	3500.0							18.0	150.0	13.0	6.21		SCT	M	M	5000.0							
466118	2018-03-30 00:00:00	442.0	CSTPS	E90	EMBRAER 190	PGA	LIS	2018-03-30 11:30:00	2018-03-30 11:37:00	2018-03-30 11:46:00	ORY	2018-03-30 13:49:00	2018-03-30 13:57:00	2018-03-30 13:55:00	J	NI	2018-03-30 11:57:59	7.0	32.0	A	13.0	250.0	16.0	6.21		BKN	FEW	M	3000.0	3500.0							9.0	230.0	16.0	6.21		BKN	BKN	M	2500.0	4000.0						
466119	2018-03-30 00:00:00	931.0	CSTNK	320	AIRBUS A320-211	NB	ZRH	2018-03-30 11:30:00	2018-03-30 11:55:00	2018-03-30 12:12:00	LIS	2018-03-30 14:44:00	2018-03-30 14:51:00	2018-03-30 14:20:00	J	TP	2018-03-30 12:18:12	25.0	93.0	R	10.0		3.0	6.21		M	M	M									13.0	240.0	20.0	6.21	30.0	FEW	FEW	BKN	2800.0	3300.0	3800.0					
466120	2018-03-30 00:00:00	1937.0	CSDJC	AT7	ATR 72	WI	OPO	2018-03-30 11:30:00	2018-03-30 11:45:00	2018-03-30 11:58:00	LIS	2018-03-30 12:44:00	2018-03-30 12:48:00	2018-03-30 12:30:00	J	WI	2018-03-30 12:01:08	4.0	89.0	0	9.0	220.0	16.0	4.97	34.0	SCT	FEW	BKN	2000.0	2500.0	4000.0						13.0	240.0	19.0	6.21		SCT	FEW	M	3000.0	3500.0						
466121	2018-03-30 00:00:00	557.0	CSTTG	319	AIRBUS A319-111	NB	MUC	2018-03-30 11:35:00	2018-03-30 12:11:00	2018-03-30 12:24:00	LIS	2018-03-30 15:25:00	2018-03-30 15:28:00	2018-03-30 14:50:00	J	TP	2018-04-06 14:57:59	4.0	89.0	0	13.0	100.0	11.0	6.21		FEW	SCT	M	4300.0	9000.0							11.0	260.0	19.0	6.21	30.0	FEW	FEW	BKN	1900.0	2500.0	2800.0					
466122	2018-03-30 00:00:00	826.0	CSTQD	320	AIRBUS A320-211	NB	LIS	2018-03-30 11:35:00	2018-03-30 11:49:00	2018-03-30 12:00:00	MXP	2018-03-30 14:06:00	2018-03-30 14:13:00	2018-03-30 14:10:00	J	TP	2018-03-30 12:17:59	14.0	18.0	B	11.0	260.0	19.0	6.21	31.0	BKN	FEW	M	2800.0	3300.0							15.0	160.0	9.0	6.21		SCT	BKN	M	2500.0	4000.0						
466123	2018-03-30 00:00:00	939.0	CSTTA	319	AIRBUS A319-111	NB	GVA	2018-03-30 11:40:00	2018-03-30 11:42:00	2018-03-30 11:57:00	OPO	2018-03-30 14:10:00	2018-03-30 14:13:00	2018-03-30 13:55:00	J	TP	2018-04-02 16:48:59	2.0	15.0	0	7.0	270.0	6.0	4.35		FEW	SCT	BKN	1000.0	4500.0	8000.0						8.0	240.0	9.0	4.97		FEW	FEW	BKN	2200.0	2600.0	3500.0					
466124	2018-03-30 00:00:00	663.0	CSTTQ	319	AIRBUS A319-111	NB	AMS	2018-03-30 11:45:00	2018-03-30 11:48:00	2018-03-30 12:00:00	LIS	2018-03-30 14:36:00	2018-03-30 14:39:00	2018-03-30 14:50:00	J	TP	2018-04-02 16:41:59	3.0	89.0	0	12.0	120.0	9.0	6.21		FEW	M	M	2500.0								14.0	240.0	19.0	6.21	31.0	FEW	FEW	M	2800.0	3300.0						
466125	2018-03-30 00:00:00	692.0	CSTTO	319	AIRBUS A319-111	NB	LIS	2018-03-30 11:45:00	2018-03-30 11:50:00	2018-03-30 12:01:00	LUX	2018-03-30 14:26:00	2018-03-30 14:32:00	2018-03-30 14:25:00	J	TP	2018-03-30 12:01:59	5.0	64.0	0	11.0	260.0	19.0	6.21	31.0	BKN	FEW	M	2800.0	3300.0							7.0	190.0	10.0	3.73		FEW	BKN	M	1700.0	2700.0						
466126	2018-03-30 00:00:00	201.0	CSTOG	332	AIRBUS A330-200	WB	LIS	2018-03-30 11:55:00	2018-03-30 12:09:00	2018-03-30 12:22:00	EWR	2018-03-30 20:41:00	2018-03-30 20:50:00	2018-03-30 19:50:00	J	TP	2018-03-30 12:30:59	2.0	89.0	0	11.0	260.0	19.0	6.21	31.0	BKN	FEW	M	2800.0	3300.0								320.0	13.0	10.0		FEW	BKN	OVC	2500.0	4600.0	7500.0					
466127	2018-03-30 00:00:00	1938.0	CSDJG	AT7	ATR 72	WI	LIS	2018-03-30 12:00:00	2018-03-30 12:12:00	2018-03-30 12:28:00	OPO	2018-03-30 13:20:00	2018-03-30 13:23:00	2018-03-30 13:00:00	J	WI	2018-03-30 12:34:59	12.0	93.0	Q	11.0	260.0	19.0	6.21	31.0	BKN	FEW	M	2800.0	3300.0							8.0	250.0	5.0	4.97		SCT	FEW	BKN	2000.0	2500.0	3500.0					
466128	2018-03-30 00:00:00	439.0	CSTNS	320	AIRBUS A320-211	NB	ORY	2018-03-30 12:10:00	2018-03-30 12:29:00	2018-03-30 12:37:00	LIS	2018-03-30 14:41:00	2018-03-30 14:45:00	2018-03-30 14:40:00	J	TP	2018-03-30 13:18:14	7.0	89.0	0	10.0	210.0	18.0	6.21		BKN	BKN	M	2500.0	3300.0							14.0	240.0	19.0	6.21	31.0	FEW	FEW	M	2800.0	3300.0						
466129	2018-03-30 00:00:00	466.0	CSTPQ	E90	EMBRAER 190	PGA	LIS	2018-03-30 12:10:00	2018-03-30 12:06:00	2018-03-30 12:30:00	BOD	2018-03-30 13:55:00	2018-03-30 13:58:00	2018-03-30 13:55:00	J	NI					11.0	260.0	19.0	6.21	31.0	BKN	FEW	M	2800.0	3300.0							12.0	230.0	15.0	6.21		FEW	M	M	4400.0							
466130	2018-03-30 00:00:00	1682.0	CSTTN	319	AIRBUS A319-111	NB	FNC	2018-03-30 12:10:00	2018-03-30 12:06:00	2018-03-30 12:12:00	LIS	2018-03-30 13:44:00	2018-03-30 13:51:00	2018-03-30 13:50:00	J	TP					18.0	210.0	7.0	6.21		FEW	M	M	1800.0								13.0	240.0	15.0	6.21		SCT	SCT	M	2800.0	3300.0						
466131	2018-03-30 00:00:00	73.0	CSTOI	332	AIRBUS A330-200	WB	LIS	2018-03-30 12:15:00	2018-03-30 12:20:00	2018-03-30 12:33:00	GIG	2018-03-30 21:47:00	2018-03-30 21:52:00	2018-03-30 22:10:00	J	TP	2018-03-30 12:39:59	5.0	89.0	0	13.0	240.0	15.0	6.21		FEW	FEW	M	3000.0	3500.0							27.0	140.0	7.0	6.21		M	M	M								
466132	2018-03-30 00:00:00	1028.0	CSTTD	319	AIRBUS A319-111	NB	LIS	2018-03-30 12:20:00	2018-03-30 12:31:00	2018-03-30 12:42:00	MAD	2018-03-30 13:36:00	2018-03-30 13:45:00	2018-03-30 13:35:00	J	TP	2018-03-30 12:59:59	11.0	15.0	A	13.0	240.0	15.0	6.21		FEW	FEW	M	3000.0	3500.0							11.0	200.0	14.0	6.21		FEW	SCT	M	3500.0	6000.0						
466133	2018-03-30 00:00:00	1861.0	CSTTU	319	AIRBUS A319-111	NB	OPO	2018-03-30 12:20:00	2018-03-30 12:33:00	2018-03-30 12:42:00	PDL	2018-03-30 14:58:00	2018-03-30 15:00:00	2018-03-30 14:45:00	J	TP	2018-04-03 07:51:59	13.0	41.0	B	10.0	220.0	11.0	6.21	21.0	FEW	FEW	BKN	2500.0	3000.0	4000.0						17.0	250.0	17.0	6.21		SCT	SCT	M	2000.0	3000.0						
466134	2018-03-30 00:00:00	522.0	CSTPU	E90	EMBRAER 190	PGA	LIS	2018-03-30 12:25:00	2018-03-30 12:23:00	2018-03-30 12:36:00	STR	2018-03-30 14:53:00	2018-03-30 15:01:00	2018-03-30 15:15:00	J	NI					13.0	240.0	15.0	6.21		FEW	FEW	M	3000.0	3500.0							15.0	90.0	12.0	6.21		M	M	M								
466135	2018-03-30 00:00:00	533.0	CSTTH	319	AIRBUS A319-111	NB	TXL	2018-03-30 12:25:00	2018-03-30 12:37:00	2018-03-30 12:46:00	LIS	2018-03-30 15:59:00	2018-03-30 16:03:00	2018-03-30 16:00:00	J	TP	2018-03-30 12:51:07	4.0	89.0	0	10.0		5.0	6.21		FEW	SCT	M	4000.0	26000.0							12.0	250.0	16.0	6.21		FEW	SCT	FEW	1600.0	2000.0	2500.0					
466136	2018-03-30 00:00:00	764.0	CSTJG	321	AIRBUS A321-211	NB	LIS	2018-03-30 12:25:00	2018-03-30 12:28:00	2018-03-30 12:39:00	OSL	2018-03-30 16:06:00	2018-03-30 16:12:00	2018-03-30 16:25:00	J	TP	2018-03-30 13:30:59	3.0	89.0	0	13.0	240.0	15.0	6.21		FEW	FEW	M	3000.0	3500.0							2.0	240.0	4.0	6.21		M	M	M								
466137	2018-03-30 00:00:00	926.0	CSTJF	321	AIRBUS A321-211	NB	LIS	2018-03-30 12:30:00	2018-03-30 12:38:00	2018-03-30 12:49:00	ZRH	2018-03-30 15:18:00	2018-03-30 15:23:00	2018-03-30 15:10:00	J	TP	2018-03-30 13:10:59	8.0	87.0	F	13.0	240.0	15.0	6.21		FEW	FEW	M	3000.0	3500.0							12.0	270.0	19.0	6.21		FEW	SCT	BKN	4000.0	8000.0	20000.0					
466138	2018-03-30 00:00:00	1039.0	CSTMW	320	AIRBUS A320-211	NB	BCN	2018-03-30 12:30:00	2018-03-30 12:55:00	2018-03-30 13:09:00	LIS	2018-03-30 14:47:00	2018-03-30 14:52:00	2018-03-30 14:25:00	J	TP	2018-03-30 13:35:09	5.0	15.0	A	18.0	230.0	20.0	6.21		FEW	M	M	2500.0								13.0	240.0	20.0	6.21	30.0	FEW	FEW	BKN	2800.0	3300.0	3800.0					
466139	2018-03-30 00:00:00	1681.0	CSTNM	320	AIRBUS A320-211	NB	LIS	2018-03-30 12:30:00	2018-03-30 13:21:00	2018-03-30 13:30:00	FNC	2018-03-30 14:52:00	2018-03-30 14:54:00	2018-03-30 14:15:00	J	TP	2018-03-30 13:36:59	10.0	89.0	0	14.0	240.0	20.0	6.21	31.0	FEW	FEW	M	3000.0	3500.0							19.0	200.0	8.0	6.21		FEW	M	M	1800.0							
466140	2018-03-30 00:00:00	1906.0	CSTNQ	320	AIRBUS A320-211	NB	FAO	2018-03-30 12:30:00	2018-03-30 12:34:00	2018-03-30 12:43:00	LIS	2018-03-30 13:18:00	2018-03-30 13:21:00	2018-03-30 13:15:00	J	TP	2018-03-30 12:46:14	4.0	93.0	0	15.0	250.0	18.0	6.21		FEW	M	M	2000.0								14.0	240.0	20.0	6.21	31.0	FEW	FEW	M	3000.0	3500.0						
466141	2018-03-30 00:00:00	1939.0	CSDJA	AT7	ATR 72	WI	OPO	2018-03-30 12:30:00	2018-03-30 12:45:00	2018-03-30 12:54:00	LIS	2018-03-30 13:41:00	2018-03-30 13:45:00	2018-03-30 13:30:00	J	WI	2018-03-30 12:56:15	2.0	89.0	0	10.0	220.0	11.0	6.21	21.0	FEW	FEW	BKN	2500.0	3000.0	4000.0						14.0	240.0	20.0	6.21	31.0	FEW	FEW	M	3000.0	3500.0						
466142	2018-03-30 00:00:00	287.0	CSTOA	343	AIRBUS A340-312	WB	LIS	2018-03-30 12:45:00	2018-03-30 12:59:00	2018-03-30 13:17:00	LAD	2018-03-30 20:34:00	2018-03-30 20:45:00	2018-03-30 20:15:00	J	TP	2018-03-30 13:27:59	6.0	87.0	F	13.0	240.0	19.0	6.21		SCT	FEW	M	3000.0	3500.0							27.0	180.0	7.0	6.21		FEW	BKN	M	2200.0	9000.0						
466143	2018-03-30 00:00:00	359.0	CSTTS	319	AIRBUS A319-111	NB	LHR	2018-03-30 12:45:00	2018-03-30 13:27:00	2018-03-30 13:47:00	LIS	2018-03-30 15:56:00	2018-03-30 16:01:00	2018-03-30 15:30:00	J	TP	2018-03-30 14:01:23	8.0	89.0	0	6.0	100.0	12.0	6.21		FEW	BKN	BKN	1300.0	1800.0	2500.0						12.0	250.0	16.0	6.21		FEW	SCT	FEW	1600.0	2000.0	2500.0					
466144	2018-03-30 00:00:00	402.0	CSTPW	E90	EMBRAER 190	PGA	LIS	2018-03-30 12:45:00	2018-03-30 12:39:00	2018-03-30 12:52:00	MRS	2018-03-30 14:39:00	2018-03-30 14:43:00	2018-03-30 15:00:00	J	NI					13.0	240.0	15.0	6.21		FEW	FEW	M	3000.0	3500.0							17.0	130.0	19.0	6.21		SCT	SCT	M	2700.0	3500.0						
466145	2018-03-30 00:00:00	924.0	CSTPT	E90	EMBRAER 190	PGA	OPO	2018-03-30 12:45:00	2018-03-30 12:43:00	2018-03-30 13:04:00	ZRH	2018-03-30 15:29:00	2018-03-30 15:33:00	2018-03-30 15:15:00	J	NI					10.0	220.0	11.0	6.21	21.0	FEW	FEW	BKN	2500.0	3000.0	4000.0						12.0	270.0	19.0	6.21		FEW	SCT	BKN	4000.0	8000.0	20000.0					
466146	2018-03-30 00:00:00	1119.0	CSTPV	E90	EMBRAER 190	PGA	LPA	2018-03-30 12:45:00	2018-03-30 12:35:00	2018-03-30 12:53:00	LIS	2018-03-30 15:02:00	2018-03-30 15:05:00	2018-03-30 15:00:00	J	NI					20.0	20.0	24.0	6.21		FEW	OVC	M	3000.0	3500.0							13.0	240.0	20.0	6.21	30.0	FEW	FEW	BKN	2800.0	3300.0	3800.0					
466147	2018-03-30 00:00:00	783.0	CSTNG	320	AIRBUS A320-211	NB	ARN	2018-03-30 12:50:00	2018-03-30 13:29:00	2018-03-30 13:38:00	LIS	2018-03-30 17:46:00	2018-03-30 17:50:00	2018-03-30 17:15:00	J	TP	2018-04-03 07:50:59	39.0	41.0	B	3.0	60.0	9.0	6.21		M	M	M									12.0	260.0	12.0	6.21		FEW	FEW	SCT	2400.0	3000.0	3400.0					
466148	2018-03-30 00:00:00	1428.0	CSDJD	AT7	ATR 72	WI	LIS	2018-03-30 13:00:00	2018-03-30 13:05:00	2018-03-30 13:20:00	FEZ	2018-03-30 14:47:00	2018-03-30 14:50:00	2018-03-30 14:55:00	J	WI	2018-03-30 13:30:59	5.0	89.0	0	13.0	240.0	19.0	6.21		SCT	FEW	M	3000.0	3500.0							16.0	280.0	14.0	6.21		BKN	SCT	M	2600.0	10000.0						
466149	2018-03-30 00:00:00	1946.0	CSDJF	AT7	ATR 72	WI	LIS	2018-03-30 13:00:00	2018-03-30 13:09:00	2018-03-30 13:22:00	OPO	2018-03-30 14:13:00	2018-03-30 14:16:00	2018-03-30 14:00:00	J	WI	2018-03-30 13:23:59	9.0	89.0	0	13.0	240.0	19.0	6.21		SCT	FEW	M	3000.0	3500.0							11.0	230.0	12.0	6.21		FEW	FEW	M	2200.0	2900.0						
466150	2018-03-30 00:00:00	1042.0	CSTNJ	320	AIRBUS A320-211	NB	LIS	2018-03-30 13:05:00	2018-03-30 13:55:00	2018-03-30 14:05:00	BCN	2018-03-30 15:28:00	2018-03-30 15:28:00	2018-03-30 14:55:00	J	TP	2018-03-30 14:24:59	33.0	51.0	A	13.0	240.0	15.0	6.21		SCT	SCT	M	2800.0	3300.0							15.0	230.0	23.0	6.21		FEW	M	M	2500.0							
466151	2018-03-30 00:00:00	484.0	CSTTW	E95	EMBRAER 195	PGA	LIS	2018-03-30 13:10:00	2018-03-30 13:28:00	2018-03-30 13:39:00	NCE	2018-03-30 15:32:00	2018-03-30 15:38:00	2018-03-30 15:35:00	J	NI	2018-03-30 13:47:59	7.0	89.0	0	14.0	240.0	20.0	6.21	31.0	FEW	FEW	M	3000.0	3500.0							14.0	80.0	13.0	6.21		BKN	M	M	1900.0							
466152	2018-03-30 00:00:00	948.0	CSTNW	320	AIRBUS A320-211	NB	LIS	2018-03-30 13:10:00	2018-03-30 13:34:00	2018-03-30 14:03:00	GVA	2018-03-30 16:07:00	2018-03-30 16:12:00	2018-03-30 15:30:00	J	TP	2018-04-03 07:48:59	3.0	89.0	0	14.0	240.0	20.0	6.21	31.0	FEW	FEW	M	3000.0	3500.0							4.0	150.0	8.0	6.21		FEW	OVC	M	800.0	3000.0						
466153	2018-03-30 00:00:00	1265.0	CSTNT	320	AIRBUS A320-211	NB	WAW	2018-03-30 13:10:00	2018-03-30 13:29:00	2018-03-30 13:38:00	LIS	2018-03-30 17:43:00	2018-03-30 17:47:00	2018-03-30 17:20:00	J	TP	2018-04-06 15:25:59	19.0	87.0	0	12.0	270.0	7.0	6.21		M	M	M									12.0	260.0	12.0	6.21		FEW	FEW	SCT	2400.0	3000.0	3400.0					
466154	2018-03-30 00:00:00	1450.0	CSTTZ	E95	EMBRAER 195	PGA	LIS	2018-03-30 13:10:00	2018-03-30 13:30:00	2018-03-30 13:46:00	RAK	2018-03-30 14:50:00	2018-03-30 14:53:00	2018-03-30 14:45:00	J	NI	2018-03-30 14:03:59	2.0	89.0	0	14.0	240.0	20.0	6.21	31.0	FEW	FEW	M	3000.0	3500.0							19.0	340.0	6.0	6.21		BKN	M	M	2300.0							
466155	2018-03-30 00:00:00	1105.0	CSDJH	AT7	ATR 72	WI	SVQ	2018-03-30 13:15:00	2018-03-30 13:04:00	2018-03-30 13:11:00	LIS	2018-03-30 14:19:00	2018-03-30 14:25:00	2018-03-30 14:25:00	J	WI					15.0	260.0	13.0	6.21		FEW	M	M	4400.0								14.0	240.0	19.0	6.21	31.0	FEW	FEW	M	2800.0	3300.0						
466156	2018-03-30 00:00:00	1434.0	CSTPR	E90	EMBRAER 190	PGA	LIS	2018-03-30 13:15:00	2018-03-30 13:25:00	2018-03-30 13:42:00	CMN	2018-03-30 14:42:00	2018-03-30 14:46:00	2018-03-30 14:55:00	J	NI	2018-03-30 13:52:59	10.0	36.0	A	14.0	240.0	20.0	6.21	31.0	FEW	FEW	M	3000.0	3500.0							19.0	280.0	8.0	6.21		BKN	M	M	2000.0							
466157	2018-03-30 00:00:00	1868.0	CSTNH	320	AIRBUS A320-211	NB	PDL	2018-03-30 13:15:00	2018-03-30 13:41:00	2018-03-30 13:49:00	LIS	2018-03-30 15:42:00	2018-03-30 15:46:00	2018-03-30 15:30:00	J	TP	2018-03-30 14:06:17	6.0	15.0	A	17.0	260.0	14.0	6.21		SCT	M	M	2000.0								12.0	250.0	16.0	6.21		FEW	SCT	FEW	1600.0	2000.0	2500.0					
466158	2018-03-30 00:00:00	586.0	CSTTX	E95	EMBRAER 195	PGA	LIS	2018-03-30 13:20:00	2018-03-30 13:35:00	2018-03-30 14:00:00	CGN	2018-03-30 16:31:00	2018-03-30 16:38:00	2018-03-30 16:10:00	J	NI	2018-03-30 14:22:59	3.0	89.0	0	14.0	240.0	20.0	6.21	31.0	FEW	FEW	M	3000.0	3500.0							12.0	140.0	8.0	6.21		M	M	M								
466159	2018-03-30 00:00:00	1141.0	CSDJE	AT7	ATR 72	WI	VGO	2018-03-30 13:20:00	2018-03-30 13:24:00	2018-03-30 13:32:00	LIS	2018-03-30 14:30:00	2018-03-30 14:38:00	2018-03-30 14:40:00	J	WI	2018-03-30 13:38:59	4.0	35.0	A	7.0	180.0	8.0	6.21		BKN	BKN	M	2000.0	2500.0							14.0	240.0	19.0	6.21	31.0	FEW	FEW	M	2800.0	3300.0						
466160	2018-03-30 00:00:00	324.0	CSTTI	319	AIRBUS A319-111	NB	LIS	2018-03-30 13:25:00	2018-03-30 13:44:00	2018-03-30 13:55:00	MAN	2018-03-30 16:15:00	2018-03-30 16:24:00	2018-03-30 16:15:00	J	TP	2018-03-30 14:00:59	19.0	89.0	0	14.0	240.0	20.0	6.21	31.0	FEW	FEW	M	3000.0	3500.0							9.0	50.0	8.0	6.21		FEW	M	M	3400.0							
466161	2018-03-30 00:00:00	1274.0	CSTJH	321	AIRBUS A321-211	NB	LIS	2018-03-30 13:25:00	2018-03-30 13:39:00	2018-03-30 13:49:00	VIE	2018-03-30 16:39:00	2018-03-30 16:46:00	2018-03-30 16:45:00	J	TP	2018-03-30 13:50:59	14.0	89.0	0	14.0	240.0	20.0	6.21	31.0	FEW	FEW	M	3000.0	3500.0							10.0	170.0	20.0	6.21		FEW	BKN	M	2200.0	30000.0						
466162	2018-03-30 00:00:00	643.0	CSTTK	319	AIRBUS A319-111	NB	BRU	2018-03-30 13:30:00	2018-03-30 13:40:00	2018-03-30 13:58:00	LIS	2018-03-30 16:22:00	2018-03-30 16:39:00	2018-03-30 16:20:00	J	TP	2018-03-30 14:03:26	10.0	16.0	0	14.0	120.0	12.0	6.21		FEW	M	M	4300.0								13.0	250.0	16.0	6.21		FEW	FEW	SCT	2000.0	2500.0	2800.0					
466163	2018-03-30 00:00:00	1123.0	CSDJB	AT7	ATR 72	WI	ALC	2018-03-30 13:30:00	2018-03-30 13:30:00	2018-03-30 13:39:00	LIS	2018-03-30 15:49:00	2018-03-30 15:54:00	2018-03-30 16:00:00	J	WI					17.0	180.0	16.0	6.21		FEW	SCT	BKN	2900.0	3400.0	5000.0						12.0	250.0	16.0	6.21		FEW	SCT	FEW	1600.0	2000.0	2500.0					
466164	2018-03-30 00:00:00	1558.0	CSTNP	320	AIRBUS A320-211	NB	VXE	2018-03-30 13:30:00	2018-03-30 13:24:00	2018-03-30 13:32:00	LIS	2018-03-30 17:49:00	2018-03-30 17:52:00	2018-03-30 17:25:00	J	TP					25.0	60.0	21.0	4.97		FEW	M	M	2200.0								12.0	260.0	12.0	6.21		FEW	FEW	SCT	2400.0	3000.0	3400.0					
466165	2018-03-30 00:00:00	1947.0	CSDJG	AT7	ATR 72	WI	OPO	2018-03-30 13:30:00	2018-03-30 13:55:00	2018-03-30 14:07:00	LIS	2018-03-30 14:59:00	2018-03-30 15:05:00	2018-03-30 14:30:00	J	WI	2018-03-30 14:09:21	2.0	71.0	0	8.0	240.0	9.0	4.97		FEW	FEW	BKN	2200.0	2600.0	3500.0						13.0	240.0	20.0	6.21	30.0	FEW	FEW	BKN	2800.0	3300.0	3800.0					
466166	2018-03-30 00:00:00	1300.0	CSTJE	321	AIRBUS A321-211	NB	LIS	2018-03-30 13:35:00	2018-03-30 15:04:00	2018-03-30 15:14:00	PRG	2018-03-30 18:08:00	2018-03-30 18:13:00	2018-03-30 16:50:00	J	TP	2018-03-30 15:30:59	2.0	89.0	0	13.0	240.0	20.0	6.21	30.0	FEW	FEW	BKN	2800.0	3300.0	3800.0						7.0	120.0	8.0	6.21		M	M	M								
466167	2018-03-30 00:00:00	1530.0	CSTTB	319	AIRBUS A319-111	NB	RAI	2018-03-30 13:35:00	2018-03-30 13:16:00	2018-03-30 13:25:00	LIS	2018-03-30 17:41:00	2018-03-30 17:46:00	2018-03-30 17:30:00	J	TP					25.0	40.0	20.0	6.21		FEW	M	M	1800.0								12.0	260.0	12.0	6.21		FEW	FEW	SCT	2400.0	3000.0	3400.0					
466168	2018-03-30 00:00:00	687.0	CSTTE	319	AIRBUS A319-111	NB	LUX	2018-03-30 13:40:00	2018-03-30 13:44:00	2018-03-30 13:51:00	OPO	2018-03-30 16:03:00	2018-03-30 16:09:00	2018-03-30 16:10:00	J	TP	2018-04-03 17:03:59	4.0	87.0	0	9.0	180.0	14.0	6.21		FEW	SCT	BKN	3700.0	4100.0	6000.0						10.0	270.0	15.0	6.21		SCT	FEW	M	2700.0	3200.0						
466169	2018-03-30 00:00:00	576.0	FHBAL	319	AIRBUS A319-111	NB	LIS	2018-03-30 13:45:00	2018-03-30 13:53:00	2018-03-30 14:12:00	FRA	2018-03-30 16:49:00	2018-03-30 16:57:00	2018-03-30 16:50:00	J	TP	2018-03-30 14:15:59	6.0	85.0	C	13.0	240.0	15.0	6.21		SCT	SCT	M	2800.0	3300.0							12.0	240.0	2.0	6.21		FEW	BKN	BKN	2800.0	8500.0	11000.0					
466170	2018-03-30 00:00:00	871.0	CSTNL	320	AIRBUS A320-211	NB	BLQ	2018-03-30 13:45:00	2018-03-30 13:57:00	2018-03-30 14:06:00	LIS	2018-03-30 16:59:00	2018-03-30 17:05:00	2018-03-30 16:45:00	J	TP	2018-03-30 15:45:32	12.0	87.0	B	20.0	180.0	11.0	6.21		FEW	SCT	M	5000.0	6000.0							13.0	260.0	16.0	6.21	27.0	FEW	FEW	BKN	2000.0	2500.0	3000.0					
466171	2018-03-30 00:00:00	1486.0	CSTNU	320	AIRBUS A320-211	NB	DSS	2018-03-30 13:45:00	2018-03-30 13:56:00	2018-03-30 14:08:00	LIS	2018-03-30 17:56:00	2018-03-30 18:02:00	2018-03-30 17:40:00	J	TP	2018-03-31 08:41:59	11.0	85.0	0	28.0	10.0	13.0	6.21		M	M	M									12.0	260.0	12.0	6.21		FEW	FEW	SCT	2400.0	3000.0	3400.0					
466172	2018-03-30 00:00:00	432.0	CSTTF	319	AIRBUS A319-111	NB	LIS	2018-03-30 13:50:00	2018-03-30 14:05:00	2018-03-30 14:17:00	ORY	2018-03-30 16:16:00	2018-03-30 16:20:00	2018-03-30 16:15:00	J	TP	2018-03-30 14:26:59	15.0	89.0	0	13.0	240.0	15.0	6.21		SCT	SCT	M	2800.0	3300.0							9.0	230.0	11.0	6.21		FEW	M	M	2300.0							
466173	2018-03-30 00:00:00	554.0	CSTNY	320	AIRBUS A320-211	NB	LIS	2018-03-30 13:55:00	2018-03-30 14:20:00	2018-03-30 14:33:00	MUC	2018-03-30 17:06:00	2018-03-30 17:11:00	2018-03-30 16:55:00	J	TP	2018-03-30 14:41:59	25.0	89.0	0	14.0	240.0	19.0	6.21	31.0	FEW	FEW	M	2800.0	3300.0							12.0	90.0	10.0	6.21		M	M	M								
466174	2018-03-30 00:00:00	662.0	CSTNX	320	AIRBUS A320-211	NB	LIS	2018-03-30 13:55:00	2018-03-30 14:15:00	2018-03-30 14:27:00	AMS	2018-03-30 16:49:00	2018-03-30 16:52:00	2018-03-30 16:50:00	J	TP	2018-03-30 14:31:59	5.0	83.0	0	13.0	240.0	15.0	6.21		SCT	SCT	M	2800.0	3300.0							13.0	110.0	10.0	6.21		M	M	M								
466175	2018-03-30 00:00:00	1952.0	CSDJC	AT7	ATR 72	WI	LIS	2018-03-30 14:00:00	2018-03-30 14:12:00	2018-03-30 14:22:00	OPO	2018-03-30 15:12:00	2018-03-30 15:17:00	2018-03-30 15:00:00	J	WI	2018-03-30 14:27:59	12.0	89.0	0	13.0	240.0	15.0	6.21		SCT	SCT	M	2800.0	3300.0							11.0	270.0	13.0	1.86	26.0	SCT	FEW	M	2500.0	3000.0						
466176	2018-03-30 00:00:00	356.0	CSTNQ	320	AIRBUS A320-211	NB	LIS	2018-03-30 14:05:00	2018-03-30 14:19:00	2018-03-30 14:31:00	LHR	2018-03-30 16:51:00	2018-03-30 17:00:00	2018-03-30 16:40:00	J	TP	2018-03-30 14:33:59	13.0	84.0	0	14.0	240.0	19.0	6.21	31.0	FEW	FEW	M	2800.0	3300.0							6.0	60.0	7.0	4.97		BKN	BKN	OVC	900.0	1400.0	2400.0					
466177	2018-03-30 00:00:00	496.0	CSTPP	E90	EMBRAER 190	PGA	LIS	2018-03-30 14:15:00	2018-03-30 14:46:00	2018-03-30 14:56:00	TLS	2018-03-30 16:21:00	2018-03-30 16:26:00	2018-03-30 16:05:00	J	NI	2018-03-30 15:01:59	6.0	89.0	0	13.0	240.0	20.0	6.21	30.0	FEW	FEW	BKN	2800.0	3300.0	3800.0						13.0	320.0	5.0	6.21		M	M	M								
466178	2018-03-30 00:00:00	1027.0	CSTTD	319	AIRBUS A319-111	NB	MAD	2018-03-30 14:30:00	2018-03-30 14:26:00	2018-03-30 14:37:00	LIS	2018-03-30 15:37:00	2018-03-30 15:41:00	2018-03-30 15:50:00	J	TP					12.0	220.0	15.0	6.21	25.0	SCT	M	M	5500.0								11.0	260.0	19.0	6.21	30.0	FEW	FEW	BKN	1900.0	2500.0	2800.0					
466179	2018-03-30 00:00:00	1949.0	CSDJF	AT7	ATR 72	WI	OPO	2018-03-30 14:30:00	2018-03-30 14:43:00	2018-03-30 14:50:00	LIS	2018-03-30 15:29:00	2018-03-30 15:33:00	2018-03-30 15:30:00	J	WI	2018-03-30 14:55:21	13.0	93.0	M	11.0	230.0	12.0	6.21		FEW	FEW	M	2200.0	2900.0							11.0	260.0	19.0	6.21	30.0	FEW	FEW	BKN	1900.0	2500.0	2800.0					
466180	2018-03-30 00:00:00	467.0	CSTPQ	E90	EMBRAER 190	PGA	BOD	2018-03-30 14:35:00	2018-03-30 14:37:00	2018-03-30 14:48:00	LIS	2018-03-30 16:17:00	2018-03-30 16:23:00	2018-03-30 16:30:00	J	NI	2018-03-31 08:41:59	2.0	93.0	Q	13.0	220.0	13.0	6.21		BKN	BKN	M	4400.0	5400.0							13.0	250.0	16.0	6.21		FEW	FEW	SCT	2000.0	2500.0	2800.0					
466181	2018-03-30 00:00:00	842.0	CSTTC	319	AIRBUS A319-111	NB	LIS	2018-03-30 14:35:00	2018-03-30 14:42:00	2018-03-30 14:51:00	FCO	2018-03-30 17:12:00	2018-03-30 17:20:00	2018-03-30 17:25:00	J	TP	2018-03-30 14:52:59	7.0	89.0	0	14.0	240.0	19.0	6.21	31.0	FEW	FEW	M	2800.0	3300.0							16.0	180.0	6.0	6.21		SCT	SCT	M	2000.0	5000.0						
466182	2018-03-30 00:00:00	862.0	CSTTL	319	AIRBUS A319-111	NB	LIS	2018-03-30 14:35:00	2018-03-30 14:47:00	2018-03-30 15:00:00	VCE	2018-03-30 17:16:00	2018-03-30 17:20:00	2018-03-30 17:25:00	J	TP	2018-03-30 15:03:59	2.0	89.0	0	13.0	240.0	20.0	6.21	30.0	FEW	FEW	BKN	2800.0	3300.0	3800.0						13.0	130.0	14.0	5.59		FEW	SCT	BKN	800.0	3000.0	6000.0					
466183	2018-03-30 00:00:00	441.0	CSTPS	E90	EMBRAER 190	PGA	ORY	2018-03-30 14:40:00	2018-03-30 14:49:00	2018-03-30 14:57:00	LIS	2018-03-30 17:07:00	2018-03-30 17:11:00	2018-03-30 17:10:00	J	NI	2018-03-30 15:17:28	9.0	35.0	A	9.0	230.0	15.0	6.21		BKN	BKN	M	2300.0	3200.0							13.0	260.0	16.0	6.21	27.0	FEW	FEW	BKN	2000.0	2500.0	3000.0					
466184	2018-03-30 00:00:00	659.0	CSTTP	319	AIRBUS A319-111	NB	AMS	2018-03-30 14:45:00	2018-03-30 14:50:00	2018-03-30 15:02:00	OPO	2018-03-30 17:22:00	2018-03-30 17:27:00	2018-03-30 17:30:00	J	TP	2018-04-17 08:24:59	5.0	89.0	0	13.0	110.0	8.0	6.21		FEW	M	M	3700.0								11.0	290.0	9.0	6.21	20.0	SCT	FEW	M	2600.0	3200.0						
466185	2018-03-30 00:00:00	824.0	CSTNR	320	AIRBUS A320-211	NB	LIS	2018-03-30 14:50:00	2018-03-30 15:17:00	2018-03-30 15:31:00	MXP	2018-03-30 18:28:00	2018-03-30 18:35:00	2018-03-30 17:25:00	J	TP	2018-03-30 15:36:59	21.0	89.0	0	11.0	260.0	19.0	6.21	30.0	FEW	FEW	BKN	1900.0	2500.0	2800.0						14.0	190.0	11.0	6.21		SCT	BKN	M	4500.0	6000.0						
466186	2018-03-30 00:00:00	213.0	CSTOP	332	AIRBUS A330-200	WB	OPO	2018-03-30 14:55:00	2018-03-30 15:17:00	2018-03-30 15:24:00	EWR	2018-03-30 23:37:00	2018-03-30 23:47:00	2018-03-30 22:45:00	J	TP	2018-03-30 15:33:21	22.0	58.0	A	11.0	270.0	13.0	1.86	26.0	SCT	FEW	M	2500.0	3000.0								340.0	14.0	10.0	19.0	BKN	BKN	M	3800.0	7999.0						
466187	2018-03-30 00:00:00	644.0	FHBIS	320	AIRBUS A320-211	NB	LIS	2018-03-30 14:55:00	2018-03-30 15:07:00	2018-03-30 15:17:00	BRU	2018-03-30 17:36:00	2018-03-30 17:42:00	2018-03-30 17:35:00	J	TP	2018-03-30 15:19:59	12.0	89.0	0	13.0	240.0	20.0	6.21	30.0	FEW	FEW	BKN	2800.0	3300.0	3800.0						6.0	160.0	8.0	2.8		FEW	SCT	BKN	500.0	1200.0	3100.0					
466188	2018-03-30 00:00:00	823.0	CSTQD	320	AIRBUS A320-211	NB	MXP	2018-03-30 15:00:00	2018-03-30 15:22:00	2018-03-30 15:41:00	LIS	2018-03-30 18:20:00	2018-03-30 18:24:00	2018-03-30 17:50:00	J	TP	2018-04-04 11:28:59	22.0	16.0	C	15.0	180.0	8.0	6.21		SCT	BKN	M	4000.0	5000.0							12.0	270.0	10.0	6.21		FEW	FEW	M	2200.0	3000.0						
466189	2018-03-30 00:00:00	1676.0	CSTNM	320	AIRBUS A320-211	NB	FNC	2018-03-30 15:00:00	2018-03-30 15:39:00	2018-03-30 15:46:00	LIS	2018-03-30 17:19:00	2018-03-30 17:24:00	2018-03-30 16:35:00	J	TP	2018-03-30 15:52:35	10.0	93.0	M	19.0	190.0	7.0	6.21		FEW	M	M	1800.0								11.0	280.0	12.0	6.21	22.0	FEW	FEW	SCT	1800.0	2500.0	3000.0					
466190	2018-03-30 00:00:00	1960.0	CSDJA	AT7	ATR 72	WI	LIS	2018-03-30 15:00:00	2018-03-30 15:00:00	2018-03-30 15:12:00	OPO	2018-03-30 16:00:00	2018-03-30 16:05:00	2018-03-30 16:00:00	J	WI					13.0	240.0	20.0	6.21	30.0	FEW	FEW	BKN	2800.0	3300.0	3800.0						10.0	270.0	15.0	6.21		SCT	FEW	M	2700.0	3200.0						
466191	2018-03-30 00:00:00	456.0	CSTTA	319	AIRBUS A319-111	NB	OPO	2018-03-30 15:05:00	2018-03-30 15:45:00	2018-03-30 15:57:00	ORY	2018-03-30 17:41:00	2018-03-30 17:46:00	2018-03-30 17:10:00	J	TP	2018-03-30 16:01:23	40.0	64.0	0	11.0	270.0	13.0	1.86	26.0	SCT	FEW	M	2500.0	3000.0							9.0	200.0	4.0	6.21		FEW	M	M	4000.0							
466192	2018-03-30 00:00:00	833.0	CSTON	332	AIRBUS A330-200	WB	FCO	2018-03-30 15:05:00	2018-03-30 15:36:00	2018-03-30 15:50:00	LIS	2018-03-30 18:34:00	2018-03-30 18:38:00	2018-03-30 18:10:00	J	TP	2018-04-03 07:49:59	14.0	89.0	0	16.0	160.0	10.0	6.21		SCT	SCT	M	2000.0	5000.0							12.0	270.0	10.0	6.21		FEW	FEW	M	2200.0	3000.0						
466193	2018-03-30 00:00:00	1066.0	CSDJH	AT7	ATR 72	WI	LIS	2018-03-30 15:05:00	2018-03-30 15:12:00	2018-03-30 15:27:00	BIO	2018-03-30 17:08:00	2018-03-30 17:12:00	2018-03-30 17:10:00	J	WI	2018-03-30 15:32:59	7.0	89.0	0	13.0	240.0	20.0	6.21	30.0	FEW	FEW	BKN	2800.0	3300.0	3800.0						15.0	180.0	6.0	6.21		FEW	M	M	5500.0							
466194	2018-03-30 00:00:00	1687.0	CSTNI	320	AIRBUS A320-211	NB	LIS	2018-03-30 15:05:00	2018-03-30 15:27:00	2018-03-30 15:40:00	FNC	2018-03-30 17:04:00	2018-03-30 17:09:00	2018-03-30 16:50:00	J	TP	2018-03-30 15:45:59	20.0	89.0	0	11.0	260.0	19.0	6.21	30.0	FEW	FEW	BKN	1900.0	2500.0	2800.0						19.0	200.0	6.0	6.21		SCT	M	M	1800.0							
466195	2018-03-30 00:00:00	364.0	CSTMW	320	AIRBUS A320-211	NB	LIS	2018-03-30 15:10:00	2018-03-30 15:37:00	2018-03-30 15:55:00	LHR	2018-03-30 18:11:00	2018-03-30 18:30:00	2018-03-30 17:50:00	J	TP	2018-03-30 16:06:59	27.0	93.0	R	11.0	260.0	19.0	6.21	30.0	FEW	FEW	BKN	1900.0	2500.0	2800.0						6.0	90.0	6.0	6.21		FEW	SCT	BKN	1800.0	2500.0	3300.0					
466196	2018-03-30 00:00:00	691.0	CSTTO	319	AIRBUS A319-111	NB	LUX	2018-03-30 15:15:00	2018-03-30 15:20:00	2018-03-30 15:31:00	LIS	2018-03-30 18:03:00	2018-03-30 18:08:00	2018-03-30 18:05:00	J	TP	2018-03-30 15:40:22	3.0	87.0	0	6.0	160.0	9.0	3.11		SCT	BKN	M	600.0	1500.0							12.0	260.0	12.0	6.21		FEW	FEW	SCT	2400.0	3000.0	3400.0					
466197	2018-03-30 00:00:00	942.0	CSTTR	319	AIRBUS A319-111	NB	OPO	2018-03-30 15:15:00	2018-03-30 15:14:00	2018-03-30 15:23:00	GVA	2018-03-30 17:12:00	2018-03-30 17:15:00	2018-03-30 17:20:00	J	TP					11.0	230.0	12.0	6.21		SCT	FEW	M	2500.0	2900.0							5.0		3.0	6.21		FEW	SCT	BKN	800.0	1500.0	3000.0					
466198	2018-03-30 00:00:00	1024.0	CSTTN	319	AIRBUS A319-111	NB	LIS	2018-03-30 15:20:00	2018-03-30 15:32:00	2018-03-30 15:43:00	MAD	2018-03-30 16:41:00	2018-03-30 16:50:00	2018-03-30 16:35:00	J	TP	2018-03-30 15:46:59	12.0	89.0	0	11.0	260.0	19.0	6.21	30.0	FEW	FEW	BKN	1900.0	2500.0	2800.0						11.0	230.0	20.0	6.21		FEW	SCT	M	4500.0	6000.0						
466199	2018-03-30 00:00:00	1092.0	CSDJE	AT7	ATR 72	WI	LIS	2018-03-30 15:20:00	2018-03-30 15:25:00	2018-03-30 15:35:00	VLC	2018-03-30 17:08:00	2018-03-30 17:11:00	2018-03-30 17:25:00	J	WI	2018-03-30 15:39:59	5.0	89.0	0	11.0	260.0	19.0	6.21	30.0	FEW	FEW	BKN	1900.0	2500.0	2800.0						18.0	260.0	22.0	6.21		FEW	M	M	4500.0							
466200	2018-03-30 00:00:00	1903.0	CSTNK	320	AIRBUS A320-211	NB	LIS	2018-03-30 15:25:00	2018-03-30 15:40:00	2018-03-30 15:58:00	FAO	2018-03-30 16:26:00	2018-03-30 16:30:00	2018-03-30 16:10:00	J	TP	2018-03-30 16:10:59	4.0	89.0	0	11.0	260.0	19.0	6.21	30.0	FEW	FEW	BKN	1900.0	2500.0	2800.0						15.0	250.0	21.0	6.21		FEW	M	M	3000.0							
466201	2018-03-30 00:00:00	1451.0	CSTTZ	E95	EMBRAER 195	PGA	RAK	2018-03-30 15:30:00	2018-03-30 15:44:00	2018-03-30 15:57:00	LIS	2018-03-30 17:25:00	2018-03-30 17:32:00	2018-03-30 17:05:00	J	NI	2018-04-20 10:43:59	4.0	89.0	0	19.0	230.0	4.0	6.21		SCT	M	M	2600.0								11.0	280.0	12.0	6.21	22.0	FEW	FEW	SCT	1800.0	2500.0	3000.0					
466202	2018-03-30 00:00:00	1951.0	CSDJC	AT7	ATR 72	WI	OPO	2018-03-30 15:30:00	2018-03-30 15:50:00	2018-03-30 16:02:00	LIS	2018-03-30 16:43:00	2018-03-30 16:46:00	2018-03-30 16:30:00	J	WI	2018-03-30 16:06:35	3.0	71.0	0	10.0	270.0	15.0	6.21		SCT	FEW	M	2700.0	3200.0							13.0	260.0	16.0	6.21	27.0	FEW	FEW	BKN	2000.0	2500.0	3000.0					
466203	2018-03-30 00:00:00	1036.0	CSTTY	E95	EMBRAER 195	PGA	LIS	2018-03-30 15:35:00	2018-03-30 15:40:00	2018-03-30 15:52:00	BCN	2018-03-30 17:16:00	2018-03-30 17:23:00	2018-03-30 17:25:00	J	NI	2018-03-30 15:53:59	5.0	89.0	0	11.0	260.0	19.0	6.21	30.0	FEW	FEW	BKN	1900.0	2500.0	2800.0						14.0	280.0	11.0	6.21		FEW	FEW	SCT	2000.0	3000.0	5000.0					
466204	2018-03-30 00:00:00	1427.0	CSDJD	AT7	ATR 72	WI	FEZ	2018-03-30 15:35:00	2018-03-30 15:50:00	2018-03-30 15:55:00	LIS	2018-03-30 17:53:00	2018-03-30 17:58:00	2018-03-30 17:40:00	J	WI	2018-04-19 08:36:59	15.0	89.0	0	16.0	280.0	16.0	6.21		BKN	SCT	M	2600.0	10000.0							12.0	260.0	12.0	6.21		FEW	FEW	SCT	2400.0	3000.0	3400.0					
466205	2018-03-30 00:00:00	1443.0	CSTPR	E90	EMBRAER 190	PGA	CMN	2018-03-30 15:35:00	2018-03-30 15:26:00	2018-03-30 15:41:00	LIS	2018-03-30 16:51:00	2018-03-30 16:56:00	2018-03-30 17:15:00	J	NI					18.0	290.0	10.0	6.21		BKN	M	M	2000.0								13.0	260.0	16.0	6.21	27.0	FEW	FEW	BKN	2000.0	2500.0	3000.0					
466206	2018-03-30 00:00:00	1866.0	CSTTU	319	AIRBUS A319-111	NB	PDL	2018-03-30 15:35:00	2018-03-30 16:02:00	2018-03-30 16:13:00	OPO	2018-03-30 18:07:00	2018-03-30 18:13:00	2018-03-30 17:50:00	J	TP	2018-03-30 16:21:27	12.0	15.0	D	17.0	250.0	15.0	6.21		SCT	SCT	M	2000.0	3000.0							11.0	290.0	12.0	6.21		SCT	FEW	M	2700.0	3300.0						
466207	2018-03-30 00:00:00	401.0	CSTPW	E90	EMBRAER 190	PGA	MRS	2018-03-30 15:40:00	2018-03-30 15:58:00	2018-03-30 16:10:00	LIS	2018-03-30 18:17:00	2018-03-30 18:21:00	2018-03-30 18:05:00	J	NI	2018-03-30 16:17:20	18.0	55.0	0	16.0	130.0	18.0	6.21		FEW	M	M	900.0								12.0	270.0	10.0	6.21		FEW	FEW	M	2200.0	3000.0						
466208	2018-03-30 00:00:00	438.0	CSTTQ	319	AIRBUS A319-111	NB	LIS	2018-03-30 15:40:00	2018-03-30 15:51:00	2018-03-30 16:06:00	ORY	2018-03-30 18:01:00	2018-03-30 18:08:00	2018-03-30 18:05:00	J	TP	2018-03-30 16:07:59	11.0	41.0	A	12.0	250.0	16.0	6.21		FEW	SCT	FEW	1600.0	2000.0	2500.0						9.0	200.0	4.0	6.21		FEW	M	M	4000.0							
466209	2018-03-30 00:00:00	1037.0	CSTNJ	320	AIRBUS A320-211	NB	BCN	2018-03-30 15:40:00	2018-03-30 16:19:00	2018-03-30 16:27:00	LIS	2018-03-30 18:07:00	2018-03-30 18:07:00	2018-03-30 17:35:00	J	TP	2018-04-06 15:24:59	4.0	89.0	0	14.0	250.0	23.0	6.21		FEW	FEW	SCT	2000.0	3000.0	5000.0						12.0	260.0	12.0	6.21		FEW	FEW	SCT	2400.0	3000.0	3400.0					
466210	2018-03-30 00:00:00	1525.0	CSTNS	320	AIRBUS A320-211	NB	LIS	2018-03-30 15:40:00	2018-03-30 16:01:00	2018-03-30 16:14:00	LFW	2018-03-30 21:38:00	2018-03-30 21:46:00	2018-03-30 21:20:00	J	TP	2018-03-30 16:17:59	21.0	36.0	A	12.0	250.0	16.0	6.21		FEW	SCT	FEW	1600.0	2000.0	2500.0						27.0	170.0	2.0	6.21		FEW	M	M	1200.0							
466211	2018-03-30 00:00:00	22.0	CSTOE	332	AIRBUS A330-200	WB	LIS	2018-03-30 15:45:00	2018-03-30 16:52:00	2018-03-30 17:21:00	SSA	2018-03-31 01:03:00	2018-03-31 01:12:00	2018-03-31 00:20:00	J	TP	2018-03-30 18:09:59	67.0	43.0	A	13.0	260.0	16.0	6.21	27.0	FEW	FEW	BKN	2000.0	2500.0	3000.0						27.0	140.0	5.0	6.21		FEW	M	M	2300.0							
466212	2018-03-30 00:00:00	523.0	CSTPU	E90	EMBRAER 190	PGA	STR	2018-03-30 15:55:00	2018-03-30 15:54:00	2018-03-30 16:04:00	LIS	2018-03-30 18:55:00	2018-03-30 19:03:00	2018-03-30 19:05:00	J	NI					14.0	90.0	8.0	6.21		M	M	M									11.0	290.0	9.0	6.21		SCT	FEW	M	2200.0	2500.0						
466213	2018-03-30 00:00:00	921.0	CSTPT	E90	EMBRAER 190	PGA	ZRH	2018-03-30 16:00:00	2018-03-30 16:25:00	2018-03-30 16:41:00	OPO	2018-03-30 19:07:00	2018-03-30 19:14:00	2018-03-30 18:35:00	J	NI	2018-03-31 08:43:59	12.0	89.0	0	9.0	270.0	15.0	6.21		FEW	SCT	BKN	3000.0	5000.0	8000.0						11.0	300.0	14.0	6.21		SCT	FEW	M	2600.0	3200.0						
466214	2018-03-30 00:00:00	927.0	CSTJF	321	AIRBUS A321-211	NB	ZRH	2018-03-30 16:00:00	2018-03-30 16:34:00	2018-03-30 16:49:00	LIS	2018-03-30 19:21:00	2018-03-30 19:25:00	2018-03-30 18:50:00	J	TP	2018-03-30 16:53:27	21.0	89.0	0	9.0	270.0	15.0	6.21		FEW	SCT	BKN	3000.0	5000.0	8000.0						11.0	270.0	10.0	6.21		FEW	FEW	M	2200.0	2500.0						
466215	2018-03-30 00:00:00	1962.0	CSDJG	AT7	ATR 72	WI	LIS	2018-03-30 16:00:00	2018-03-30 15:56:00	2018-03-30 16:11:00	OPO	2018-03-30 16:55:00	2018-03-30 17:00:00	2018-03-30 17:00:00	J	WI					12.0	250.0	16.0	6.21		FEW	SCT	FEW	1600.0	2000.0	2500.0						11.0	280.0	9.0	6.21		SCT	FEW	M	2500.0	3000.0						
466216	2018-03-30 00:00:00	11.0	CSTOV	333	AIRBUS A330-300	WB	LIS	2018-03-30 16:05:00	2018-03-30 17:10:00	2018-03-30 17:30:00	REC	2018-03-31 00:20:00	2018-03-31 00:23:00	2018-03-30 23:45:00	J	TP	2018-03-30 17:47:59	65.0	43.0	A	13.0	260.0	16.0	6.21	27.0	FEW	FEW	BKN	2000.0	2500.0	3000.0						25.0	210.0	4.0	6.21		SCT	BKN	M	2200.0	7000.0						
466217	2018-03-30 00:00:00	35.0	CSTFM	772	BOEING 777-200		LIS	2018-03-30 16:05:00	2018-03-30 16:21:00	2018-03-30 16:40:00	FOR	2018-03-30 23:11:00	2018-03-30 23:20:00	2018-03-30 23:40:00	J	TP	2018-03-30 16:43:59	16.0	16.0	0	13.0	250.0	16.0	6.21		FEW	FEW	SCT	2000.0	2500.0	2800.0						27.0	140.0	4.0	6.21		FEW	BKN	M	2000.0	10000.0						
466218	2018-03-30 00:00:00	47.0	CSTOF	332	AIRBUS A330-200	WB	LIS	2018-03-30 16:05:00	2018-03-30 18:10:00	2018-03-30 18:27:00	BEL	2018-03-31 02:05:00	2018-03-31 02:15:00	2018-03-31 00:10:00	J	TP	2018-03-30 18:31:59	125.0	43.0	A	12.0	260.0	12.0	6.21		FEW	FEW	SCT	2400.0	3000.0	3400.0						24.0	140.0	3.0	6.21		M	M	M								
466219	2018-03-30 00:00:00	209.0	CSTOW	333	AIRBUS A330-300	WB	LIS	2018-03-30 16:10:00	2018-03-30 16:28:00	2018-03-30 16:44:00	JFK	2018-03-31 00:45:00	2018-03-31 00:49:00	2018-03-31 00:00:00	J	TP	2018-03-30 16:45:59	18.0	32.0	A	13.0	250.0	16.0	6.21		FEW	FEW	SCT	2000.0	2500.0	2800.0							330.0	17.0	10.0		BKN	OVC	M	4800.0	8500.0						
466220	2018-03-30 00:00:00	487.0	CSTTW	E95	EMBRAER 195	PGA	NCE	2018-03-30 16:15:00	2018-03-30 16:18:00	2018-03-30 16:32:00	LIS	2018-03-30 18:52:00	2018-03-30 18:58:00	2018-03-30 18:50:00	J	NI	2018-03-30 17:39:28	3.0	93.0	0	14.0	110.0	12.0	6.21		BKN	M	M	1000.0								11.0	290.0	9.0	6.21		SCT	FEW	M	2200.0	2500.0						
466221	2018-03-30 00:00:00	947.0	CSTNW	320	AIRBUS A320-211	NB	GVA	2018-03-30 16:20:00	2018-03-30 17:22:00	2018-03-30 17:38:00	LIS	2018-03-30 20:08:00	2018-03-30 20:13:00	2018-03-30 18:55:00	J	TP	2018-03-30 17:51:36	7.0	89.0	0	5.0		3.0	6.21		FEW	SCT	BKN	800.0	1500.0	3000.0						11.0	260.0	9.0	6.21		SCT	FEW	M	2000.0	2500.0						
466222	2018-03-30 00:00:00	1689.0	CSTTG	319	AIRBUS A319-111	NB	LIS	2018-03-30 16:30:00	2018-03-30 16:42:00	2018-03-30 16:53:00	FNC	2018-03-30 18:17:00	2018-03-30 18:20:00	2018-03-30 18:15:00	J	TP	2018-03-30 16:52:59	12.0	94.0	0	13.0	250.0	16.0	6.21		FEW	FEW	SCT	2000.0	2500.0	2800.0						17.0	350.0	7.0	6.21		SCT	SCT	M	1600.0	3000.0						
466223	2018-03-30 00:00:00	1953.0	CSDJA	AT7	ATR 72	WI	OPO	2018-03-30 16:30:00	2018-03-30 16:33:00	2018-03-30 16:40:00	LIS	2018-03-30 17:33:00	2018-03-30 17:36:00	2018-03-30 17:30:00	J	WI	2018-03-30 16:41:25	3.0	93.0	R	11.0	280.0	8.0	6.21	18.0	FEW	FEW	M	2000.0	2800.0							11.0	280.0	12.0	6.21	22.0	FEW	FEW	SCT	1800.0	2500.0	3000.0					
466224	2018-03-30 00:00:00	1112.0	CSDJB	AT7	ATR 72	WI	LIS	2018-03-30 16:40:00	2018-03-30 16:38:00	2018-03-30 16:50:00	OVD	2018-03-30 18:20:00	2018-03-30 18:25:00	2018-03-30 18:30:00	J	WI					13.0	250.0	16.0	6.21		FEW	FEW	SCT	2000.0	2500.0	2800.0						6.0	220.0	14.0	6.21		FEW	FEW	SCT	2600.0	3300.0	7000.0					
466225	2018-03-30 00:00:00	493.0	CSTPP	E90	EMBRAER 190	PGA	TLS	2018-03-30 16:45:00	2018-03-30 17:14:00	2018-03-30 17:24:00	LIS	2018-03-30 19:04:00	2018-03-30 19:07:00	2018-03-30 18:45:00	J	NI	2018-03-31 08:43:59	10.0	19.0	B	13.0		2.0	6.21		M	M	M									11.0	290.0	9.0	6.21		SCT	FEW	M	2200.0	2500.0						
466226	2018-03-30 00:00:00	338.0	CSTPO	E90	EMBRAER 190	PGA	OPO	2018-03-30 16:50:00	2018-03-30 16:47:00	2018-03-30 16:57:00	LGW	2018-03-30 19:03:00	2018-03-30 19:10:00	2018-03-30 19:05:00	J	NI					11.0	280.0	9.0	6.21		SCT	FEW	M	2500.0	3000.0							5.0	190.0	5.0	6.21		BKN	M	M	1200.0							
466227	2018-03-30 00:00:00	589.0	CSTTX	E95	EMBRAER 195	PGA	CGN	2018-03-30 16:50:00	2018-03-30 17:55:00	2018-03-30 18:04:00	LIS	2018-03-30 20:44:00	2018-03-30 20:50:00	2018-03-30 20:00:00	J	NI	2018-04-06 15:06:59	11.0	93.0	M	11.0	170.0	15.0	6.21		FEW	BKN	M	4300.0	5000.0							11.0	290.0	9.0	6.21	21.0	FEW	M	M	2600.0							
466228	2018-03-30 00:00:00	816.0	CSTTE	319	AIRBUS A319-111	NB	OPO	2018-03-30 16:55:00	2018-03-30 17:00:00	2018-03-30 17:06:00	LIN	2018-03-30 19:25:00	2018-03-30 19:28:00	2018-03-30 19:30:00	J	TP	2018-03-30 19:15:59	5.0	89.0	0	11.0	280.0	9.0	6.21		SCT	FEW	M	2500.0	3000.0							15.0	130.0	6.0	6.21		FEW	BKN	M	2000.0	4000.0						
466229	2018-03-30 00:00:00	1904.0	CSTNK	320	AIRBUS A320-211	NB	FAO	2018-03-30 16:55:00	2018-03-30 17:05:00	2018-03-30 17:13:00	LIS	2018-03-30 18:00:00	2018-03-30 18:07:00	2018-03-30 17:40:00	J	TP	2018-03-30 17:17:36	10.0	93.0	0	15.0	250.0	22.0	6.21		FEW	M	M	3000.0								12.0	260.0	12.0	6.21		FEW	FEW	SCT	2400.0	3000.0	3400.0					
466230	2018-03-30 00:00:00	321.0	CSTTI	319	AIRBUS A319-111	NB	MAN	2018-03-30 17:00:00	2018-03-30 17:09:00	2018-03-30 17:24:00	LIS	2018-03-30 19:39:00	2018-03-30 19:45:00	2018-03-30 19:45:00	J	TP	2018-03-30 17:33:30	9.0	93.0	0	7.0	70.0	10.0	6.21		BKN	OVC	///	3000.0	4400.0							11.0	270.0	10.0	6.21		FEW	FEW	M	2200.0	2500.0						
466231	2018-03-30 00:00:00	431.0	CSTTF	319	AIRBUS A319-111	NB	ORY	2018-03-30 17:00:00	2018-03-30 17:08:00	2018-03-30 17:19:00	LIS	2018-03-30 19:24:00	2018-03-30 19:27:00	2018-03-30 19:30:00	J	TP	2018-03-30 17:56:29	3.0	89.0	0	9.0	210.0	8.0	6.21		FEW	M	M	2300.0								11.0	270.0	10.0	6.21		FEW	FEW	M	2200.0	2500.0						
466232	2018-03-30 00:00:00	566.0	CSTTH	319	AIRBUS A319-111	NB	LIS	2018-03-30 17:00:00	2018-03-30 16:57:00	2018-03-30 17:13:00	HAM	2018-03-30 20:05:00	2018-03-30 20:12:00	2018-03-30 20:15:00	J	TP					13.0	260.0	16.0	6.21	27.0	FEW	FEW	BKN	2000.0	2500.0	3000.0						4.0	70.0	10.0	6.21		M	M	M								
466233	2018-03-30 00:00:00	1964.0	CSDJC	AT7	ATR 72	WI	LIS	2018-03-30 17:00:00	2018-03-30 17:20:00	2018-03-30 17:34:00	OPO	2018-03-30 18:20:00	2018-03-30 18:31:00	2018-03-30 18:00:00	J	WI	2018-03-30 17:23:59	4.0	89.0	0	11.0	280.0	12.0	6.21	22.0	FEW	FEW	SCT	1800.0	2500.0	3000.0						11.0	300.0	11.0	6.21	22.0	FEW	FEW	M	2600.0	3200.0						
466234	2018-03-30 00:00:00	532.0	CSTNH	320	AIRBUS A320-211	NB	LIS	2018-03-30 17:05:00	2018-03-30 17:01:00	2018-03-30 17:18:00	TXL	2018-03-30 20:16:00	2018-03-30 20:19:00	2018-03-30 20:30:00	J	TP					13.0	260.0	16.0	6.21	27.0	FEW	FEW	BKN	2000.0	2500.0	3000.0						5.0	70.0	10.0	6.21		M	M	M								
466235	2018-03-30 00:00:00	448.0	CSTTD	319	AIRBUS A319-111	NB	LIS	2018-03-30 17:10:00	2018-03-30 17:07:00	2018-03-30 17:24:00	ORY	2018-03-30 19:28:00	2018-03-30 19:33:00	2018-03-30 19:35:00	J	TP					13.0	260.0	16.0	6.21	27.0	FEW	FEW	BKN	2000.0	2500.0	3000.0						7.0	190.0	4.0	6.21		M	M	M								
466236	2018-03-30 00:00:00	763.0	CSTJG	321	AIRBUS A321-211	NB	OSL	2018-03-30 17:10:00	2018-03-30 17:05:00	2018-03-30 17:14:00	LIS	2018-03-30 20:54:00	2018-03-30 20:59:00	2018-03-30 21:15:00	J	TP					2.0	250.0	3.0	6.21		M	M	M									11.0	290.0	9.0	6.21	21.0	FEW	M	M	2600.0							
466237	2018-03-30 00:00:00	572.0	CSTTS	319	AIRBUS A319-111	NB	LIS	2018-03-30 17:20:00	2018-03-30 17:24:00	2018-03-30 17:40:00	FRA	2018-03-30 20:12:00	2018-03-30 20:24:00	2018-03-30 20:20:00	J	TP	2018-03-30 17:49:59	4.0	89.0	0	11.0	280.0	12.0	6.21	22.0	FEW	FEW	SCT	1800.0	2500.0	3000.0						9.0	230.0	9.0	6.21		SCT	BKN	M	4800.0	5500.0						
466238	2018-03-30 00:00:00	752.0	CSTNL	320	AIRBUS A320-211	NB	LIS	2018-03-30 17:20:00	2018-03-30 17:54:00	2018-03-30 18:02:00	CPH	2018-03-30 21:03:00	2018-03-30 21:08:00	2018-03-30 20:50:00	J	TP	2018-04-06 15:20:59	8.0	93.0	Q	12.0	260.0	12.0	6.21		FEW	FEW	SCT	2400.0	3000.0	3400.0						1.0	110.0	7.0	6.21		FEW	M	M	3300.0							
466239	2018-03-30 00:00:00	1029.0	CSTTN	319	AIRBUS A319-111	NB	MAD	2018-03-30 17:20:00	2018-03-30 17:26:00	2018-03-30 17:35:00	LIS	2018-03-30 18:37:00	2018-03-30 18:41:00	2018-03-30 18:40:00	J	TP	2018-03-30 17:41:30	6.0	93.0	0	10.0	220.0	21.0	6.21	32.0	FEW	SCT	M	4500.0	6000.0							12.0	270.0	10.0	6.21		FEW	FEW	M	2200.0	3000.0						
466240	2018-03-30 00:00:00	259.0	CSTOK	332	AIRBUS A330-200	WB	LIS	2018-03-30 17:25:00	2018-03-30 17:29:00	2018-03-30 17:45:00	YYZ	2018-03-31 01:42:00	2018-03-31 02:00:00	2018-03-31 01:35:00	J	TP	2018-03-30 17:47:59	4.0	89.0	0	11.0	280.0	12.0	6.21	22.0	FEW	FEW	SCT	1800.0	2500.0	3000.0						0.0	280.0	7.0	15.0		SCT	SCT	M	14000.0	25000.0						
466241	2018-03-30 00:00:00	1955.0	CSDJG	AT7	ATR 72	WI	OPO	2018-03-30 17:30:00	2018-03-30 17:37:00	2018-03-30 17:43:00	LIS	2018-03-30 18:32:00	2018-03-30 18:36:00	2018-03-30 18:30:00	J	WI	2018-03-30 18:14:44	5.0	89.0	0	11.0	290.0	9.0	6.21	20.0	SCT	FEW	M	2600.0	3200.0							12.0	270.0	10.0	6.21		FEW	FEW	M	2200.0	3000.0						
466242	2018-03-30 00:00:00	579.0	FHBAL	319	AIRBUS A319-111	NB	FRA	2018-03-30 17:35:00	2018-03-30 17:47:00	2018-03-30 18:03:00	LIS	2018-03-30 20:46:00	2018-03-30 20:51:00	2018-03-30 20:45:00	J	TP	2018-04-04 12:46:59	5.0	16.0	0	12.0	280.0	5.0	6.21		FEW	SCT	BKN	2800.0	6500.0	8500.0						11.0	290.0	9.0	6.21	21.0	FEW	M	M	2600.0							
466243	2018-03-30 00:00:00	668.0	CSTTK	319	AIRBUS A319-111	NB	LIS	2018-03-30 17:35:00	2018-03-30 18:00:00	2018-03-30 18:13:00	AMS	2018-03-30 20:57:00	2018-03-30 21:10:00	2018-03-30 20:30:00	J	TP	2018-03-30 18:21:59	25.0	95.0	A	12.0	260.0	12.0	6.21		FEW	FEW	SCT	2400.0	3000.0	3400.0						8.0	180.0	8.0	3.73		FEW	SCT	BKN	1500.0	2700.0	3200.0					
466244	2018-03-30 00:00:00	1305.0	CSTJE	321	AIRBUS A321-211	NB	PRG	2018-03-30 17:35:00	2018-03-30 19:10:00	2018-03-30 19:20:00	LIS	2018-03-30 22:27:00	2018-03-30 22:32:00	2018-03-30 21:05:00	J	TP	2018-03-30 19:24:43	12.0	81.0	0	7.0	120.0	8.0	6.21		M	M	M									11.0	270.0	4.0	6.21		FEW	M	M	2500.0							
466245	2018-03-30 00:00:00	1686.0	CSTNI	320	AIRBUS A320-211	NB	FNC	2018-03-30 17:35:00	2018-03-30 17:45:00	2018-03-30 17:51:00	LIS	2018-03-30 19:17:00	2018-03-30 19:23:00	2018-03-30 19:10:00	J	TP	2018-03-30 17:53:39	10.0	93.0	M	18.0		3.0	6.21		SCT	SCT	M	1600.0	3000.0							11.0	270.0	10.0	6.21		FEW	FEW	M	2200.0	2500.0						
466246	2018-03-30 00:00:00	551.0	CSTNY	320	AIRBUS A320-211	NB	MUC	2018-03-30 17:40:00	2018-03-30 18:18:00	2018-03-30 18:30:00	LIS	2018-03-30 21:24:00	2018-03-30 21:28:00	2018-03-30 20:55:00	J	TP	2018-03-30 18:31:40	22.0	16.0	H	10.0	80.0	6.0	6.21		M	M	M									11.0	280.0	8.0	6.21	20.0	FEW	M	M	2200.0							
466247	2018-03-30 00:00:00	661.0	CSTNX	320	AIRBUS A320-211	NB	AMS	2018-03-30 17:40:00	2018-03-30 17:57:00	2018-03-30 18:07:00	LIS	2018-03-30 20:40:00	2018-03-30 20:43:00	2018-03-30 20:45:00	J	TP	2018-04-20 14:48:59	5.0	31.0	B	12.0	100.0	13.0	6.21		M	M	M									11.0	260.0	10.0	6.21		FEW	BKN	M	2000.0	2600.0						
466248	2018-03-30 00:00:00	369.0	CSTNQ	320	AIRBUS A320-211	NB	LHR	2018-03-30 17:45:00	2018-03-30 17:57:00	2018-03-30 18:15:00	LIS	2018-03-30 20:24:00	2018-03-30 20:30:00	2018-03-30 20:25:00	J	TP	2018-03-30 18:33:45	7.0	16.0	H	6.0	60.0	5.0	6.21		SCT	BKN	BKN	1700.0	2300.0	2800.0						11.0	260.0	10.0	6.21		FEW	BKN	M	2000.0	2600.0						
466249	2018-03-30 00:00:00	1273.0	CSTJH	321	AIRBUS A321-211	NB	VIE	2018-03-30 17:45:00	2018-03-30 17:56:00	2018-03-30 18:05:00	LIS	2018-03-30 21:36:00	2018-03-30 21:42:00	2018-03-30 21:20:00	J	TP	2018-04-02 16:50:59	11.0	89.0	0	10.0	170.0	22.0	6.21		M	M	M									11.0	280.0	8.0	6.21	20.0	FEW	M	M	2200.0							
466250	2018-03-30 00:00:00	1067.0	CSDJH	AT7	ATR 72	WI	BIO	2018-03-30 17:50:00	2018-03-30 17:50:00	2018-03-30 18:02:00	LIS	2018-03-30 20:02:00	2018-03-30 20:07:00	2018-03-30 20:00:00	J	WI					14.0	240.0	11.0	6.21	22.0	FEW	M	M	5500.0								11.0	260.0	9.0	6.21		SCT	FEW	M	2000.0	2500.0						
466251	2018-03-30 00:00:00	457.0	CSTTA	319	AIRBUS A319-111	NB	ORY	2018-03-30 17:55:00	2018-03-30 18:36:00	2018-03-30 18:47:00	OPO	2018-03-30 20:43:00	2018-03-30 20:51:00	2018-03-30 20:00:00	J	TP	2018-04-02 16:38:59	5.0	15.0	0	8.0	210.0	7.0	6.21		M	M	M									11.0	290.0	12.0	6.21	22.0	FEW	FEW	M	2500.0	3000.0						
466252	2018-03-30 00:00:00	524.0	CSTPQ	E90	EMBRAER 190	PGA	LIS	2018-03-30 18:00:00	2018-03-30 18:21:00	2018-03-30 18:36:00	STR	2018-03-30 21:02:00	2018-03-30 21:07:00	2018-03-30 20:50:00	J	NI	2018-03-30 18:40:59	21.0	89.0	0	12.0	270.0	10.0	6.21		FEW	FEW	M	2200.0	3000.0							7.0	190.0	4.0	6.21		FEW	BKN	M	2500.0	4200.0						
466253	2018-03-30 00:00:00	928.0	CSTNM	320	AIRBUS A320-211	NB	LIS	2018-03-30 18:00:00	2018-03-30 18:08:00	2018-03-30 18:25:00	ZRH	2018-03-30 20:47:00	2018-03-30 20:51:00	2018-03-30 20:40:00	J	TP	2018-03-30 18:25:59	8.0	93.0	O	12.0	260.0	12.0	6.21		FEW	FEW	SCT	2400.0	3000.0	3400.0						5.0	190.0	8.0	6.21		FEW	SCT	BKN	1200.0	1800.0	3500.0					
466254	2018-03-30 00:00:00	1018.0	CSTTJ	319	AIRBUS A319-111	NB	LIS	2018-03-30 18:00:00	2018-03-30 18:29:00	2018-03-30 18:39:00	MAD	2018-03-30 19:35:00	2018-03-30 19:45:00	2018-03-30 19:20:00	J	TP	2018-03-30 18:44:59	19.0	89.0	0	12.0	270.0	10.0	6.21		FEW	FEW	M	2200.0	3000.0							7.0	220.0	19.0	6.21	30.0	SCT	SCT	M	3000.0	5000.0						
466255	2018-03-30 00:00:00	1046.0	CSTTZ	E95	EMBRAER 195	PGA	LIS	2018-03-30 18:00:00	2018-03-30 18:17:00	2018-03-30 18:30:00	BCN	2018-03-30 19:59:00	2018-03-30 20:04:00	2018-03-30 19:50:00	J	NI	2018-03-30 18:40:59	5.0	89.0	0	12.0	270.0	10.0	6.21		FEW	FEW	M	2200.0	3000.0							12.0	220.0	6.0	6.21		FEW	M	M	2000.0							
466256	2018-03-30 00:00:00	1966.0	CSDJA	AT7	ATR 72	WI	LIS	2018-03-30 18:00:00	2018-03-30 18:06:00	2018-03-30 18:17:00	OPO	2018-03-30 19:02:00	2018-03-30 19:07:00	2018-03-30 19:00:00	J	WI	2018-03-30 18:20:59	6.0	93.0	R	12.0	260.0	12.0	6.21		FEW	FEW	SCT	2400.0	3000.0	3400.0						11.0	300.0	14.0	6.21		SCT	FEW	M	2600.0	3200.0						
466257	2018-03-30 00:00:00	358.0	CSTNT	320	AIRBUS A320-211	NB	LIS	2018-03-30 18:05:00	2018-03-30 18:38:00	2018-03-30 18:50:00	LHR	2018-03-30 20:59:00	2018-03-30 21:09:00	2018-03-30 20:45:00	J	TP	2018-03-30 19:05:59	6.0	89.0	0	12.0	270.0	10.0	6.21		FEW	FEW	M	2200.0	3000.0							5.0	180.0	11.0	6.21		OVC	M	M	500.0							
466258	2018-03-30 00:00:00	937.0	CSTTR	319	AIRBUS A319-111	NB	GVA	2018-03-30 18:05:00	2018-03-30 18:08:00	2018-03-30 18:23:00	OPO	2018-03-30 20:30:00	2018-03-30 20:34:00	2018-03-30 20:20:00	J	TP	2018-03-30 18:24:42	3.0	15.0	D	4.0	350.0	2.0	6.21		FEW	SCT	BKN	800.0	1600.0	3000.0						9.0	330.0	11.0	6.21		SCT	FEW	M	2500.0	3300.0						
466259	2018-03-30 00:00:00	1093.0	CSDJE	AT7	ATR 72	WI	VLC	2018-03-30 18:05:00	2018-03-30 18:02:00	2018-03-30 18:08:00	LIS	2018-03-30 20:22:00	2018-03-30 20:25:00	2018-03-30 20:20:00	J	WI					17.0	260.0	23.0	6.21		FEW	M	M	4500.0								11.0	260.0	10.0	6.21		FEW	BKN	M	2000.0	2600.0						
466260	2018-03-30 00:00:00	283.0	CSTOM	332	AIRBUS A330-200	WB	LIS	2018-03-30 18:10:00	2018-03-30 18:27:00	2018-03-30 18:47:00	MPM	2018-03-31 04:50:00	2018-03-31 04:54:00	2018-03-31 04:30:00	J	TP	2018-03-30 18:49:59	12.0	19.0	A	12.0	270.0	10.0	6.21		FEW	FEW	M	2200.0	3000.0							25.0	360.0	4.0	6.21		BKN	M	M	2000.0							
466261	2018-03-30 00:00:00	861.0	CSTTL	319	AIRBUS A319-111	NB	VCE	2018-03-30 18:10:00	2018-03-30 18:11:00	2018-03-30 18:23:00	LIS	2018-03-30 21:12:00	2018-03-30 21:17:00	2018-03-30 21:20:00	J	TP	2018-04-02 16:47:59	1.0	89.0	0	12.0	140.0	15.0	5.59		FEW	SCT	BKN	800.0	3000.0	6000.0						11.0	280.0	8.0	6.21	20.0	FEW	M	M	2200.0							
466262	2018-03-30 00:00:00	1045.0	CSTTY	E95	EMBRAER 195	PGA	BCN	2018-03-30 18:10:00	2018-03-30 18:10:00	2018-03-30 18:22:00	LIS	2018-03-30 19:59:00	2018-03-30 20:03:00	2018-03-30 20:05:00	J	NI					14.0	300.0	8.0	6.21		FEW	FEW	SCT	2000.0	3000.0	5000.0						11.0	260.0	9.0	6.21		SCT	FEW	M	2000.0	2500.0						
466263	2018-03-30 00:00:00	829.0	CSTNR	320	AIRBUS A320-211	NB	MXP	2018-03-30 18:15:00	2018-03-30 19:32:00	2018-03-30 19:42:00	LIS	2018-03-30 22:09:00	2018-03-30 22:13:00	2018-03-30 21:10:00	J	TP	2018-04-02 16:47:59	12.0	77.0	0	14.0	180.0	6.0	6.21		BKN	M	M	6000.0								11.0	280.0	4.0	6.21		FEW	M	M	2500.0							
466264	2018-03-30 00:00:00	843.0	CSTTC	319	AIRBUS A319-111	NB	FCO	2018-03-30 18:15:00	2018-03-30 18:15:00	2018-03-30 18:44:00	LIS	2018-03-30 21:31:00	2018-03-30 21:34:00	2018-03-30 21:20:00	J	TP					16.0	200.0	6.0	6.21		BKN	M	M	5000.0								11.0	280.0	8.0	6.21	20.0	FEW	M	M	2200.0							
466265	2018-03-30 00:00:00	552.0	CSTNJ	320	AIRBUS A320-211	NB	LIS	2018-03-30 18:20:00	2018-03-30 19:04:00	2018-03-30 19:18:00	MUC	2018-03-30 21:48:00	2018-03-30 21:51:00	2018-03-30 21:20:00	J	TP	2018-03-30 19:24:59	12.0	2.0	0	11.0	290.0	9.0	6.21		SCT	FEW	M	2200.0	2500.0							8.0	240.0	15.0	6.21		M	M	M								
466266	2018-03-30 00:00:00	649.0	FHBIS	320	AIRBUS A320-211	NB	BRU	2018-03-30 18:25:00	2018-03-30 18:43:00	2018-03-30 18:53:00	LIS	2018-03-30 21:19:00	2018-03-30 21:25:00	2018-03-30 21:15:00	J	TP	2018-03-30 19:18:47	11.0	16.0	0	7.0	140.0	5.0	6.21		SCT	BKN	M	2900.0	3800.0							11.0	280.0	8.0	6.21	20.0	FEW	M	M	2200.0							
466267	2018-03-30 00:00:00	1677.0	CSTNG	320	AIRBUS A320-211	NB	LIS	2018-03-30 18:25:00	2018-03-30 18:43:00	2018-03-30 18:57:00	FNC	2018-03-30 20:15:00	2018-03-30 20:18:00	2018-03-30 20:10:00	J	TP	2018-03-30 19:02:59	8.0	89.0	0	12.0	270.0	10.0	6.21		FEW	FEW	M	2200.0	3000.0							16.0	350.0	8.0	6.21		SCT	SCT	M	1600.0	3000.0						
466268	2018-03-30 00:00:00	82.0	CSTOL	332	AIRBUS A330-200	WB	GRU	2018-03-30 18:30:00	2018-03-30 18:23:00	2018-03-30 18:36:00	LIS	2018-03-31 04:04:00	2018-03-31 04:13:00	2018-03-31 04:20:00	J	TP					24.0	40.0	11.0	6.21		SCT	FEW	SCT	4000.0	4500.0	8000.0						10.0	260.0	6.0	6.21		FEW	SCT	M	2800.0	4200.0						
466269	2018-03-30 00:00:00	1507.0	CSTNP	320	AIRBUS A320-211	NB	LIS	2018-03-30 18:30:00	2018-03-30 18:49:00	2018-03-30 19:02:00	ABJ	2018-03-31 00:11:00	2018-03-31 00:14:00	2018-03-30 23:50:00	J	TP	2018-03-30 19:03:59	12.0	89.0	0	11.0	290.0	9.0	6.21		SCT	FEW	M	2200.0	2500.0							28.0	220.0	4.0	6.21		FEW	M	M	1200.0							
466270	2018-03-30 00:00:00	1957.0	CSDJC	AT7	ATR 72	WI	OPO	2018-03-30 18:30:00	2018-03-30 19:01:00	2018-03-30 19:10:00	LIS	2018-03-30 19:49:00	2018-03-30 19:54:00	2018-03-30 19:30:00	J	WI	2018-03-30 19:29:46	31.0	93.0	R	11.0	300.0	14.0	6.21		SCT	FEW	M	2600.0	3200.0							11.0	260.0	9.0	6.21		SCT	FEW	M	2000.0	2500.0						
466271	2018-03-30 00:00:00	1034.0	CSTTU	319	AIRBUS A319-111	NB	OPO	2018-03-30 18:35:00	2018-03-30 19:07:00	2018-03-30 19:14:00	BCN	2018-03-30 20:33:00	2018-03-30 20:40:00	2018-03-30 20:20:00	J	TP	2018-03-30 19:16:43	9.0	89.0	0	11.0	300.0	14.0	6.21		SCT	FEW	M	2600.0	3200.0							12.0	220.0	4.0	6.21		FEW	M	M	2000.0							
466272	2018-03-30 00:00:00	74.0	CSTOH	332	AIRBUS A330-200	WB	GIG	2018-03-30 18:40:00	2018-03-30 18:43:00	2018-03-30 18:58:00	LIS	2018-03-31 04:13:00	2018-03-31 04:17:00	2018-03-31 04:20:00	J	TP	2018-04-02 16:33:59	3.0	89.0	0	30.0	140.0	10.0	6.21		FEW	M	M	2500.0								10.0	280.0	5.0	6.21		FEW	M	M	2800.0							
466273	2018-03-30 00:00:00	446.0	CSTNK	320	AIRBUS A320-211	NB	LIS	2018-03-30 18:40:00	2018-03-30 18:49:00	2018-03-30 19:05:00	ORY	2018-03-30 21:07:00	2018-03-30 21:12:00	2018-03-30 21:05:00	J	TP	2018-03-30 19:06:59	9.0	93.0	R	11.0	290.0	9.0	6.21		SCT	FEW	M	2200.0	2500.0							6.0	190.0	5.0	6.21		M	M	M								
466274	2018-03-30 00:00:00	838.0	CSTQD	320	AIRBUS A320-211	NB	LIS	2018-03-30 18:45:00	2018-03-30 19:15:00	2018-03-30 19:29:00	FCO	2018-03-30 21:44:00	2018-03-30 21:53:00	2018-03-30 21:35:00	J	TP	2018-03-30 19:39:59	6.0	19.0	B	11.0	290.0	9.0	6.21		SCT	FEW	M	2200.0	2500.0							14.0	90.0	5.0	6.21		SCT	M	M	5000.0							
466275	2018-03-30 00:00:00	367.0	CSTMW	320	AIRBUS A320-211	NB	LHR	2018-03-30 18:50:00	2018-03-30 19:18:00	2018-03-30 19:44:00	LIS	2018-03-30 21:56:00	2018-03-30 22:01:00	2018-03-30 21:30:00	J	TP	2018-03-30 19:49:46	28.0	93.0	0	6.0	120.0	9.0	6.21		BKN	BKN	OVC	1100.0	1800.0	2700.0						11.0	280.0	4.0	6.21		FEW	M	M	2500.0							
466276	2018-03-30 00:00:00	458.0	CSTTP	319	AIRBUS A319-111	NB	OPO	2018-03-30 18:50:00	2018-03-30 18:49:00	2018-03-30 19:00:00	ORY	2018-03-30 20:44:00	2018-03-30 20:50:00	2018-03-30 20:55:00	J	TP					11.0	300.0	14.0	6.21		SCT	FEW	M	2600.0	3200.0							6.0	190.0	5.0	6.21		M	M	M								
466277	2018-03-30 00:00:00	449.0	CSTTQ	319	AIRBUS A319-111	NB	ORY	2018-03-30 18:55:00	2018-03-30 18:55:00	2018-03-30 19:03:00	LIS	2018-03-30 21:04:00	2018-03-30 21:09:00	2018-03-30 21:20:00	J	TP					8.0	200.0	3.0	6.21		M	M	M									11.0	290.0	9.0	6.21	21.0	FEW	M	M	2600.0							
466278	2018-03-30 00:00:00	642.0	CSTTO	319	AIRBUS A319-111	NB	LIS	2018-03-30 18:55:00	2018-03-30 19:01:00	2018-03-30 19:15:00	BRU	2018-03-30 21:34:00	2018-03-30 21:41:00	2018-03-30 21:35:00	J	TP	2018-03-30 19:17:59	6.0	89.0	0	11.0	290.0	9.0	6.21		SCT	FEW	M	2200.0	2500.0							6.0	170.0	8.0	6.21		M	M	M								
466279	2018-03-30 00:00:00	584.0	CSTPR	E90	EMBRAER 190	PGA	LIS	2018-03-30 19:00:00	2018-03-30 18:55:00	2018-03-30 19:30:00	CGN	2018-03-30 21:51:00	2018-03-30 22:01:00	2018-03-30 21:50:00	J	NI					11.0	290.0	9.0	6.21		SCT	FEW	M	2200.0	2500.0							7.0	120.0	5.0	6.21		FEW	BKN	M	2700.0	10000.0						
466280	2018-03-30 00:00:00	1714.0	CSTTG	319	AIRBUS A319-111	NB	FNC	2018-03-30 19:00:00	2018-03-30 18:58:00	2018-03-30 19:04:00	OPO	2018-03-30 20:47:00	2018-03-30 20:54:00	2018-03-30 20:50:00	J	TP					17.0	350.0	5.0	6.21		SCT	BKN	M	1600.0	3000.0							11.0	290.0	12.0	6.21	22.0	FEW	FEW	M	2500.0	3000.0						
466281	2018-03-30 00:00:00	1970.0	CSDJG	AT7	ATR 72	WI	LIS	2018-03-30 19:00:00	2018-03-30 19:11:00	2018-03-30 19:26:00	OPO	2018-03-30 20:13:00	2018-03-30 20:20:00	2018-03-30 20:00:00	J	WI	2018-03-30 19:27:59	5.0	89.0	0	11.0	290.0	9.0	6.21		SCT	FEW	M	2200.0	2500.0							9.0	330.0	11.0	6.21		SCT	FEW	M	2500.0	3300.0						
466282	2018-03-30 00:00:00	1060.0	CSDJD	AT7	ATR 72	WI	LIS	2018-03-30 19:05:00	2018-03-30 19:17:00	2018-03-30 19:35:00	BIO	2018-03-30 21:17:00	2018-03-30 21:21:00	2018-03-30 21:10:00	J	WI	2018-03-30 19:19:59	12.0	36.0	A	11.0	270.0	10.0	6.21		FEW	FEW	M	2200.0	2500.0							11.0	230.0	9.0	6.21	20.0	SCT	M	M	5600.0							
466283	2018-03-30 00:00:00	1113.0	CSDJB	AT7	ATR 72	WI	OVD	2018-03-30 19:10:00	2018-03-30 18:59:00	2018-03-30 19:04:00	LIS	2018-03-30 20:29:00	2018-03-30 20:34:00	2018-03-30 20:55:00	J	WI					6.0	220.0	16.0	6.21	27.0	FEW	FEW	SCT	2100.0	3300.0	5200.0						11.0	260.0	10.0	6.21		FEW	BKN	M	2000.0	2600.0						
466284	2018-03-30 00:00:00	1006.0	CSTPT	E90	EMBRAER 190	PGA	OPO	2018-03-30 19:15:00	2018-03-30 19:59:00	2018-03-30 20:08:00	MAD	2018-03-30 20:54:00	2018-03-30 21:05:00	2018-03-30 20:25:00	J	NI	2018-03-30 20:17:55	3.0	89.0	0	11.0	300.0	11.0	6.21	21.0	SCT	FEW	M	2500.0	3200.0							6.0	210.0	18.0	6.21		SCT	SCT	M	1700.0	2500.0						
466285	2018-03-30 00:00:00	362.0	CSTTN	319	AIRBUS A319-111	NB	LIS	2018-03-30 19:25:00	2018-03-30 19:25:00	2018-03-30 19:40:00	LHR	2018-03-30 21:49:00	2018-03-30 21:58:00	2018-03-30 21:55:00	J	TP					11.0	270.0	10.0	6.21		FEW	FEW	M	2200.0	2500.0							4.0	190.0	11.0	6.21		OVC	M	M	600.0							
466286	2018-03-30 00:00:00	946.0	CSTNU	320	AIRBUS A320-211	NB	LIS	2018-03-30 19:25:00	2018-03-30 19:25:00	2018-03-30 19:42:00	GVA	2018-03-30 21:46:00	2018-03-30 21:50:00	2018-03-30 21:45:00	J	TP					11.0	270.0	10.0	6.21		FEW	FEW	M	2200.0	2500.0							4.0		3.0	6.21		BKN	M	M	2400.0							
466287	2018-03-30 00:00:00	1959.0	CSDJA	AT7	ATR 72	WI	OPO	2018-03-30 19:30:00	2018-03-30 19:32:00	2018-03-30 19:39:00	LIS	2018-03-30 20:17:00	2018-03-30 20:19:00	2018-03-30 20:30:00	J	WI	2018-03-30 19:41:51	2.0	93.0	R	11.0	300.0	12.0	6.21	22.0	SCT	FEW	M	2600.0	3200.0							11.0	260.0	10.0	6.21		FEW	BKN	M	2000.0	2600.0						
466288	2018-03-30 00:00:00	816.0	CSTTE	319	AIRBUS A319-111	NB	LIN	2018-03-30 19:45:00	2018-03-30 20:42:00	2018-03-30 20:49:00	MXP	2018-03-30 21:09:00	2018-03-30 21:16:00	2018-03-30 20:05:00	J	TP					14.0	100.0	7.0	6.21		FEW	BKN	M	2000.0	4000.0							13.0	180.0	10.0	6.21		M	M	M								
466289	2018-03-30 00:00:00	1547.0	CSTNN	320	AIRBUS A320-211	NB	LIS	2018-03-30 19:45:00	2018-03-30 19:40:00	2018-03-30 19:51:00	SID	2018-03-30 23:21:00	2018-03-30 23:25:00	2018-03-30 23:55:00	J	TP					11.0	270.0	10.0	6.21		FEW	FEW	M	2200.0	2500.0							21.0	40.0	8.0	3.11		BKN	M	M	1400.0							
466290	2018-03-30 00:00:00	1968.0	CSTPW	E90	EMBRAER 190	PGA	LIS	2018-03-30 19:45:00	2018-03-30 19:45:00	2018-03-30 19:55:00	OPO	2018-03-30 20:33:00	2018-03-30 20:39:00	2018-03-30 20:40:00	J	NI					11.0	270.0	10.0	6.21		FEW	FEW	M	2200.0	2500.0							9.0	330.0	11.0	6.21		SCT	FEW	M	2500.0	3300.0						
466291	2018-03-30 00:00:00	337.0	CSTPO	E90	EMBRAER 190	PGA	LGW	2018-03-30 19:50:00	2018-03-30 20:06:00	2018-03-30 20:20:00	OPO	2018-03-30 22:07:00	2018-03-30 22:12:00	2018-03-30 22:10:00	J	NI	2018-04-04 10:40:59	5.0	16.0	H	5.0	200.0	5.0	6.21		FEW	BKN	BKN	600.0	1000.0	1400.0						11.0	300.0	12.0	6.21	22.0	SCT	FEW	M	2500.0	3000.0						
466292	2018-03-30 00:00:00	1485.0	CSTJF	321	AIRBUS A321-211	NB	LIS	2018-03-30 19:50:00	2018-03-30 20:32:00	2018-03-30 20:41:00	DSS	2018-03-31 00:12:00	2018-03-31 00:16:00	2018-03-30 23:50:00	J	TP	2018-03-30 20:52:59	22.0	41.0	A	11.0	260.0	10.0	6.21		FEW	BKN	M	2000.0	2600.0							19.0	360.0	18.0	4.97		NSC	M	M								
466293	2018-03-30 00:00:00	828.0	CSTNW	320	AIRBUS A320-211	NB	LIS	2018-03-30 19:55:00	2018-03-30 21:08:00	2018-03-30 21:18:00	MXP	2018-03-30 23:35:00	2018-03-30 23:46:00	2018-03-30 22:30:00	J	TP	2018-03-30 21:25:59	5.0	89.0	0	11.0	290.0	9.0	6.21	21.0	FEW	M	M	2600.0								12.0	130.0	10.0	6.21		M	M	M								
466294	2018-03-30 00:00:00	58.0	CSTOX	333	AIRBUS A330-300	WB	BSB	2018-03-30 20:00:00	2018-03-30 20:05:00	2018-03-30 20:23:00	LIS	2018-03-31 05:05:00	2018-03-31 05:09:00	2018-03-31 05:00:00	J	TP	2018-03-30 20:45:57	5.0	93.0	R	24.0	50.0	10.0	6.21		FEW	FEW	BKN	3500.0	4000.0	10000.0						9.0	280.0	3.0	6.21		FEW	M	M	2800.0							
466295	2018-03-30 00:00:00	1533.0	CSTTB	319	AIRBUS A319-111	NB	LIS	2018-03-30 20:00:00	2018-03-30 19:56:00	2018-03-30 20:05:00	RAI	2018-03-30 23:52:00	2018-03-30 23:54:00	2018-03-31 00:15:00	J	TP					11.0	260.0	9.0	6.21		SCT	FEW	M	2000.0	2500.0							21.0	30.0	13.0	3.73		NSC	M	M								
466296	2018-03-30 00:00:00	494.0	CSTPP	E90	EMBRAER 190	PGA	LIS	2018-03-30 20:05:00	2018-03-30 20:03:00	2018-03-30 20:14:00	TLS	2018-03-30 21:43:00	2018-03-30 21:47:00	2018-03-30 21:55:00	J	NI					11.0	260.0	9.0	6.21		SCT	FEW	M	2000.0	2500.0							7.0	120.0	3.0	6.21		M	M	M								
466297	2018-03-30 00:00:00	1021.0	CSTTJ	319	AIRBUS A319-111	NB	MAD	2018-03-30 20:05:00	2018-03-30 20:24:00	2018-03-30 20:34:00	LIS	2018-03-30 21:34:00	2018-03-30 21:37:00	2018-03-30 21:25:00	J	TP	2018-03-30 20:59:45	19.0	93.0	0	6.0	210.0	20.0	6.21	30.0	SCT	SCT	M	1700.0	2400.0							11.0	280.0	8.0	6.21	20.0	FEW	M	M	2200.0							
466298	2018-03-30 00:00:00	1090.0	CSDJF	AT7	ATR 72	WI	LIS	2018-03-30 20:10:00	2018-03-30 20:10:00	2018-03-30 20:21:00	VLC	2018-03-30 22:00:00	2018-03-30 22:05:00	2018-03-30 22:15:00	J	WI					11.0	260.0	9.0	6.21		SCT	FEW	M	2000.0	2500.0							13.0	280.0	11.0	6.21		M	M	M								
466299	2018-03-30 00:00:00	224.0	CSTOU	333	AIRBUS A330-300	WB	MIA	2018-03-30 20:15:00	2018-03-30 20:49:00	2018-03-30 21:02:00	LIS	2018-03-31 04:30:00	2018-03-31 04:34:00	2018-03-31 04:20:00	J	TP	2018-04-02 16:36:59	9.0	16.0	0		130.0	12.0	10.0		FEW	M	M	3800.0								10.0	280.0	5.0	6.21		FEW	M	M	2800.0							
466300	2018-03-30 00:00:00	817.0	CSTTE	319	AIRBUS A319-111	NB	MXP	2018-03-30 20:20:00	2018-03-30 22:06:00	2018-03-30 22:11:00	OPO	2018-03-31 00:22:00	2018-03-31 00:26:00	2018-03-30 23:05:00	J	TP	2018-03-30 22:36:58	5.0	16.0	H	13.0	150.0	15.0	6.21		SCT	M	M	7000.0								11.0	310.0	14.0	6.21	24.0	SCT	FEW	M	3000.0	3500.0						
466301	2018-03-30 00:00:00	1048.0	CSTTI	319	AIRBUS A319-111	NB	LIS	2018-03-30 20:30:00	2018-03-30 20:51:00	2018-03-30 21:02:00	BCN	2018-03-30 22:25:00	2018-03-30 22:30:00	2018-03-30 22:20:00	J	TP	2018-03-30 21:03:59	21.0	83.0	0	11.0	290.0	9.0	6.21	21.0	FEW	M	M	2600.0								11.0	250.0	4.0	6.21		FEW	M	M	3500.0							
466302	2018-03-30 00:00:00	1971.0	CSDJG	AT7	ATR 72	WI	OPO	2018-03-30 20:30:00	2018-03-30 20:48:00	2018-03-30 20:54:00	LIS	2018-03-30 21:42:00	2018-03-30 21:46:00	2018-03-30 21:30:00	J	WI	2018-03-30 20:58:42	18.0	93.0	R	11.0	290.0	12.0	6.21	22.0	FEW	FEW	M	2500.0	3000.0							11.0	280.0	4.0	6.21		FEW	M	M	2500.0							
466303	2018-03-30 00:00:00	1022.0	CSTTF	319	AIRBUS A319-111	NB	LIS	2018-03-30 20:35:00	2018-03-30 20:26:00	2018-03-30 20:34:00	MAD	2018-03-30 21:29:00	2018-03-30 21:40:00	2018-03-30 21:50:00	J	TP					11.0	260.0	10.0	6.21		FEW	BKN	M	2000.0	2600.0							6.0	220.0	16.0	6.21		SCT	SCT	M	1700.0	2500.0						
466304	2018-03-30 00:00:00	1047.0	CSTTZ	E95	EMBRAER 195	PGA	BCN	2018-03-30 20:35:00	2018-03-30 20:44:00	2018-03-30 20:59:00	LIS	2018-03-30 22:31:00	2018-03-30 22:37:00	2018-03-30 22:30:00	J	NI	2018-03-30 21:07:45	9.0	93.0	O	12.0	220.0	4.0	6.21		FEW	M	M	2000.0								11.0	270.0	4.0	6.21		FEW	M	M	2500.0							
466305	2018-03-30 00:00:00	478.0	CSTTX	E95	EMBRAER 195	PGA	LIS	2018-03-30 20:40:00	2018-03-30 21:32:00	2018-03-30 21:48:00	LYS	2018-03-30 23:43:00	2018-03-30 23:47:00	2018-03-30 22:55:00	J	NI	2018-04-06 14:54:59	2.0	89.0	0	11.0	280.0	8.0	6.21	20.0	FEW	M	M	2200.0								6.0		2.0	6.21		BKN	BKN	M	3800.0	6600.0						
466306	2018-03-30 00:00:00	1136.0	CSDJC	AT7	ATR 72	WI	LIS	2018-03-30 20:40:00	2018-03-30 20:36:00	2018-03-30 20:48:00	AGP	2018-03-30 21:50:00	2018-03-30 21:55:00	2018-03-30 22:10:00	J	WI					11.0	260.0	10.0	6.21		FEW	BKN	M	2000.0	2600.0							11.0		1.0	6.21		FEW	M	M	4000.0							
466307	2018-03-30 00:00:00	1691.0	CSTNI	320	AIRBUS A320-211	NB	LIS	2018-03-30 20:50:00	2018-03-30 20:45:00	2018-03-30 20:54:00	FNC	2018-03-30 22:18:00	2018-03-30 22:21:00	2018-03-30 22:35:00	J	TP					11.0	260.0	10.0	6.21		FEW	BKN	M	2000.0	2600.0							16.0		3.0	6.21		SCT	M	M	1600.0							
466308	2018-03-30 00:00:00	1713.0	CSTTA	319	AIRBUS A319-111	NB	OPO	2018-03-30 20:50:00	2018-03-30 21:29:00	2018-03-30 21:37:00	FNC	2018-03-30 23:12:00	2018-03-30 23:14:00	2018-03-30 22:50:00	J	TP	2018-03-30 21:41:45	39.0	93.0	R	11.0	300.0	15.0	6.21	27.0	FEW	M	M	2500.0								15.0		4.0	6.21		FEW	M	M	1600.0							
466309	2018-03-30 00:00:00	1688.0	CSTNG	320	AIRBUS A320-211	NB	FNC	2018-03-30 20:55:00	2018-03-30 20:52:00	2018-03-30 20:58:00	LIS	2018-03-30 22:23:00	2018-03-30 22:27:00	2018-03-30 22:30:00	J	TP					16.0	340.0	7.0	6.21		SCT	SCT	M	1600.0	3000.0							11.0	270.0	4.0	6.21		FEW	M	M	2500.0							
466310	2018-03-30 00:00:00	1009.0	CSTPT	E90	EMBRAER 190	PGA	MAD	2018-03-30 21:05:00	2018-03-30 21:38:00	2018-03-30 22:00:00	OPO	2018-03-30 22:59:00	2018-03-30 23:04:00	2018-03-30 22:20:00	J	NI	2018-03-30 22:10:59	33.0	93.0	0	6.0	220.0	16.0	6.21		SCT	SCT	M	1700.0	2500.0							11.0	300.0	11.0	6.21	22.0	SCT	M	M	3000.0							
466311	2018-03-30 00:00:00	1031.0	CSTTU	319	AIRBUS A319-111	NB	BCN	2018-03-30 21:05:00	2018-03-30 21:27:00	2018-03-30 21:45:00	OPO	2018-03-30 23:18:00	2018-03-30 23:25:00	2018-03-30 22:55:00	J	TP	2018-03-30 21:51:00	2.0	89.0	0	11.0	250.0	7.0	6.21		FEW	M	M	2000.0								11.0	300.0	13.0	6.21	24.0	FEW	M	M	3000.0							
466312	2018-03-30 00:00:00	1104.0	CSDJA	AT7	ATR 72	WI	LIS	2018-03-30 21:05:00	2018-03-30 21:04:00	2018-03-30 21:14:00	SVQ	2018-03-30 22:00:00	2018-03-30 22:04:00	2018-03-30 22:15:00	J	WI					11.0	290.0	9.0	6.21	21.0	FEW	M	M	2600.0								13.0	260.0	17.0	6.21		BKN	M	M	4800.0							
466313	2018-03-30 00:00:00	1432.0	CSDJH	AT7	ATR 72	WI	LIS	2018-03-30 21:10:00	2018-03-30 21:10:00	2018-03-30 21:23:00	TNG	2018-03-30 22:38:00	2018-03-30 22:43:00	2018-03-30 22:40:00	J	WI					11.0	290.0	9.0	6.21	21.0	FEW	M	M	2600.0								14.0	270.0	16.0	4.97		BKN	FEW	M	1600.0	2000.0						
466314	2018-03-30 00:00:00	1823.0	CSTNX	320	AIRBUS A320-211	NB	LIS	2018-03-30 21:10:00	2018-03-30 21:41:00	2018-03-30 21:55:00	TER	2018-03-31 00:21:00	2018-03-31 00:24:00	2018-03-30 23:40:00	J	TP	2018-03-30 22:12:59	7.0	89.0	0	11.0	280.0	8.0	6.21	20.0	FEW	M	M	2200.0								17.0			6.21		FEW	M	M	1500.0							
466315	2018-03-30 00:00:00	1865.0	CSTNQ	320	AIRBUS A320-211	NB	LIS	2018-03-30 21:30:00	2018-03-30 21:29:00	2018-03-30 21:44:00	PDL	2018-03-30 23:54:00	2018-03-30 23:57:00	2018-03-30 23:55:00	J	TP					11.0	280.0	8.0	6.21	20.0	FEW	M	M	2200.0								16.0	220.0	16.0	6.21		FEW	M	M	1600.0							
466316	2018-03-30 00:00:00	1958.0	FHBAL	319	AIRBUS A319-111	NB	LIS	2018-03-30 21:30:00	2018-03-30 21:36:00	2018-03-30 21:50:00	OPO	2018-03-30 22:26:00	2018-03-30 22:31:00	2018-03-30 22:25:00	J	TP	2018-03-30 21:52:59	6.0	93.0	R	11.0	280.0	8.0	6.21	20.0	FEW	M	M	2200.0								10.0	300.0	12.0	6.21		FEW	M	M	2500.0							
466317	2018-03-30 00:00:00	202.0	CSTOG	332	AIRBUS A330-200	WB	EWR	2018-03-30 21:45:00	2018-03-30 22:31:00	2018-03-30 22:47:00	LIS	2018-03-31 04:53:00	2018-03-31 04:57:00	2018-03-31 04:35:00	J	TP	2018-03-30 23:23:52	11.0	89.0	0		330.0	18.0	10.0		FEW	SCT	OVC	4100.0	7999.0	9500.0						9.0	280.0	3.0	6.21		FEW	M	M	2800.0							
466318	2018-03-30 00:00:00	286.0	CSTOA	343	AIRBUS A340-312	WB	LAD	2018-03-30 21:45:00	2018-03-30 22:30:00	2018-03-30 22:41:00	LIS	2018-03-31 06:09:00	2018-03-31 06:15:00	2018-03-31 05:35:00	J	TP	2018-04-11 11:51:59	16.0	93.0	Q	27.0	180.0	7.0	6.21		FEW	BKN	M	2200.0	9000.0							9.0	280.0	3.0	6.21		FEW	M	M	2800.0							
466319	2018-03-30 00:00:00	1909.0	CSTTC	319	AIRBUS A319-111	NB	LIS	2018-03-30 22:05:00	2018-03-30 22:19:00	2018-03-30 22:25:00	FAO	2018-03-30 22:48:00	2018-03-30 22:50:00	2018-03-30 22:50:00	J	TP	2018-03-30 22:26:59	14.0	93.0	Q	11.0	270.0	4.0	6.21		FEW	M	M	2500.0								13.0	280.0	12.0	6.21		SCT	M	M	3500.0							
466320	2018-03-30 00:00:00	1232.0	CSTNY	320	AIRBUS A320-211	NB	LIS	2018-03-30 22:10:00	2018-03-30 22:35:00	2018-03-30 22:50:00	DME	2018-03-31 03:33:00	2018-03-31 03:44:00	2018-03-31 03:25:00	J	TP	2018-03-30 22:58:59	22.0	51.0	0	11.0	270.0	4.0	6.21		FEW	M	M	2500.0								-5.0		1.94	3.04		SCT	M	M	4500.0							
466321	2018-03-30 00:00:00	1525.0	CSTNS	320	AIRBUS A320-211	NB	LFW	2018-03-30 22:10:00	2018-03-30 22:16:00	2018-03-30 22:26:00	ACC	2018-03-30 22:48:00	2018-03-30 22:56:00	2018-03-30 22:55:00	J	TP	2018-04-02 16:53:59	6.0	93.0	R	27.0	170.0	2.0	6.21		FEW	M	M	1200.0								27.0		1.0	6.21		M	M	M								
466322	2018-03-30 00:00:00	1693.0	CSTTJ	319	AIRBUS A319-111	NB	LIS	2018-03-30 22:10:00	2018-03-30 22:36:00	2018-03-30 22:44:00	FNC	2018-03-31 00:06:00	2018-03-31 00:08:00	2018-03-30 23:55:00	J	TP	2018-03-30 22:50:59	14.0	95.0	B	11.0	270.0	4.0	6.21		FEW	M	M	2500.0								14.0	10.0	7.0	6.21		FEW	M	M	1600.0							
466323	2018-03-30 00:00:00	1928.0	CSTJH	321	AIRBUS A321-211	NB	LIS	2018-03-30 22:15:00	2018-03-30 22:39:00	2018-03-30 22:52:00	OPO	2018-03-30 23:27:00	2018-03-30 23:32:00	2018-03-30 23:10:00	J	TP	2018-03-30 22:54:59	12.0	94.0	0	11.0	270.0	4.0	6.21		FEW	M	M	2500.0								11.0	300.0	13.0	6.21	24.0	FEW	M	M	3000.0							
466324	2018-03-30 00:00:00	87.0	CSTOB	343	AIRBUS A340-312	WB	LIS	2018-03-30 22:20:00	2018-03-30 23:14:00	2018-03-30 23:26:00	GRU	2018-03-31 08:36:00	2018-03-31 08:43:00	2018-03-31 08:20:00	J	TP	2018-03-30 23:32:59	24.0	41.0	A	11.0	280.0	7.0	6.21		FEW	M	M	2500.0								19.0	60.0	5.0	6.21		M	M	M								
466325	2018-03-30 00:00:00	75.0	CSTON	332	AIRBUS A330-200	WB	LIS	2018-03-30 22:25:00	2018-03-30 22:50:00	2018-03-30 23:06:00	GIG	2018-03-31 08:25:00	2018-03-31 08:31:00	2018-03-31 08:20:00	J	TP	2018-03-30 23:12:59	25.0	43.0	A	11.0	280.0	7.0	6.21		FEW	M	M	2500.0								23.0	70.0	2.0	6.21		FEW	M	M	1000.0							
466326	2018-03-30 00:00:00	792.0	CSTNR	320	AIRBUS A320-211	NB	LIS	2018-03-30 22:25:00	2018-03-30 23:00:00	2018-03-30 23:09:00	HEL	2018-03-31 03:21:00	2018-03-31 03:29:00	2018-03-31 03:00:00	J	TP	2018-03-30 23:16:59	2.0	89.0	0	11.0	280.0	7.0	6.21		FEW	M	M	2500.0								-11.0	360.0	4.0	6.21		M	M	M								
466327	2018-03-30 00:00:00	218.0	CSTOQ	332	AIRBUS A330-200	WB	BOS	2018-03-30 22:40:00	2018-03-30 22:41:00	2018-03-30 23:06:00	LIS	2018-03-31 04:58:00	2018-03-31 05:02:00	2018-03-31 05:05:00	J	TP	2018-04-02 16:34:59	1.0	89.0	0		300.0	8.0	10.0		FEW	BKN	OVC	1300.0	2900.0	6500.0						9.0	280.0	3.0	6.21		FEW	M	M	2800.0							
466328	2018-03-30 00:00:00	2394.0	CSTTL	319	AIRBUS A319-111	NB	LIS	2018-03-30 22:50:00	2018-03-30 22:45:00	2018-03-30 22:57:00	OTP	2018-03-31 02:23:00	2018-03-31 02:30:00	2018-03-31 02:50:00	J	TP					11.0	270.0	4.0	6.21		FEW	M	M	2500.0								6.0	40.0	2.0	3.11		NSC	M	M								
466329	2018-03-30 00:00:00	1314.0	CSTNG	320	AIRBUS A320-211	NB	LIS	2018-03-30 23:20:00	2018-03-30 23:18:00	2018-03-30 23:30:00	BUD	2018-03-31 02:32:00	2018-03-31 02:37:00	2018-03-31 02:55:00	J	TP					11.0	280.0	7.0	6.21		FEW	M	M	2500.0								11.0		3.0	6.21		SCT	OVC	M	3800.0	7000.0						
466330	2018-03-30 00:00:00	1525.0	CSTNS	320	AIRBUS A320-211	NB	ACC	2018-03-30 23:55:00	2018-03-30 23:52:00	2018-03-31 00:04:00	LIS	2018-03-31 05:03:00	2018-03-31 05:09:00	2018-03-31 05:20:00	J	TP					27.0		1.0	6.21		M	M	M									9.0	280.0	3.0	6.21		FEW	M	M	2800.0							
466331	2018-03-31 00:00:00	214.0	CSTOP	332	AIRBUS A330-200	WB	EWR	2018-03-31 00:15:00	2018-03-31 01:21:00	2018-03-31 01:38:00	OPO	2018-03-31 07:49:00	2018-03-31 08:02:00	2018-03-31 07:00:00	J	TP	2018-03-31 02:41:57	14.0	89.0	0		320.0	11.0	10.0	16.0	OVC	M	M	5500.0								9.0		2.0	6.21		FEW	FEW	M	2500.0	3200.0						
466332	2018-03-31 00:00:00	88.0	CSTOO	332	AIRBUS A330-200	WB	GRU	2018-03-31 00:40:00	2018-03-31 00:26:00	2018-03-31 00:39:00	LIS	2018-03-31 10:08:00	2018-03-31 10:16:00	2018-03-31 10:30:00	J	TP					21.0	230.0	2.0	6.21		M	M	M									14.0	300.0	5.0	6.21		SCT	M	M	3000.0							
466333	2018-03-31 00:00:00	70.0	CSTOI	332	AIRBUS A330-200	WB	GIG	2018-03-31 00:45:00	2018-03-31 00:36:00	2018-03-31 00:52:00	LIS	2018-03-31 10:05:00	2018-03-31 10:13:00	2018-03-31 10:25:00	J	TP					26.0	100.0	7.0	6.21		M	M	M									13.0	280.0	4.0	6.21		SCT	M	M	2800.0							
466334	2018-03-31 00:00:00	1484.0	CSTJF	321	AIRBUS A321-211	NB	DSS	2018-03-31 00:50:00	2018-03-31 01:30:00	2018-03-31 01:43:00	LIS	2018-03-31 05:25:00	2018-03-31 05:31:00	2018-03-31 04:45:00	J	TP	2018-04-10 11:36:59	8.0	93.0	M	18.0	350.0	18.0	4.97		FEW	M	M	1000.0								8.0	260.0	3.0	6.21		FEW	M	M	2800.0							
466335	2018-03-31 00:00:00	1508.0	CSTNP	320	AIRBUS A320-211	NB	ABJ	2018-03-31 00:50:00	2018-03-31 01:24:00	2018-03-31 01:35:00	LIS	2018-03-31 06:33:00	2018-03-31 06:37:00	2018-03-31 06:00:00	J	TP	2018-04-01 07:56:59	19.0	63.0	A	28.0	190.0	6.0	6.21		FEW	BKN	M	1200.0	2000.0							8.0	240.0	4.0	6.21		FEW	M	M	2800.0							
466336	2018-03-31 00:00:00	1538.0	CSTNN	320	AIRBUS A320-211	NB	SID	2018-03-31 00:55:00	2018-03-31 00:27:00	2018-03-31 00:37:00	LIS	2018-03-31 04:23:00	2018-03-31 04:27:00	2018-03-31 04:35:00	J	TP					20.0	40.0	10.0	3.11		BKN	M	M	1400.0								10.0	280.0	5.0	6.21		FEW	M	M	2800.0							
466337	2018-03-31 00:00:00	1532.0	CSTTB	319	AIRBUS A319-111	NB	RAI	2018-03-31 01:05:00	2018-03-31 01:01:00	2018-03-31 01:09:00	LIS	2018-03-31 05:22:00	2018-03-31 05:25:00	2018-03-31 05:05:00	J	TP					20.0	30.0	10.0	4.35		NSC	M	M									8.0	260.0	3.0	6.21		FEW	M	M	2800.0							
466338	2018-03-31 00:00:00	48.0	CSTOF	332	AIRBUS A330-200	WB	BEL	2018-03-31 01:40:00	2018-03-31 03:41:00	2018-03-31 03:52:00	LIS	2018-03-31 10:49:00	2018-03-31 10:53:00	2018-03-31 09:10:00	J	TP	2018-03-31 04:26:43	121.0	93.0	H	24.0	190.0	3.0	6.21		M	M	M									14.0	290.0	5.0	6.21		SCT	M	M	3500.0							
466339	2018-03-31 00:00:00	36.0	CSTFM	772	BOEING 777-200		FOR	2018-03-31 02:05:00	2018-03-31 02:18:00	2018-03-31 02:28:00	LIS	2018-03-31 09:16:00	2018-03-31 09:19:00	2018-03-31 09:10:00	J	TP	2018-03-31 02:40:56	13.0	36.0	A	26.0	140.0	4.0	6.21		FEW	SCT	M	2000.0	10000.0							13.0	340.0	6.0	6.21		SCT	M	M	2500.0							
466340	2018-03-31 00:00:00	12.0	CSTOV	333	AIRBUS A330-300	WB	REC	2018-03-31 02:10:00	2018-03-31 02:20:00	2018-03-31 02:34:00	LIS	2018-03-31 09:45:00	2018-03-31 09:51:00	2018-03-31 09:35:00	J	TP	2018-03-31 02:57:56	10.0	85.0	B	25.0	180.0	5.0	6.21		SCT	OVC	M	1300.0	6000.0							13.0	280.0	4.0	6.21		SCT	M	M	2800.0							
466341	2018-03-31 00:00:00	21.0	CSTOE	332	AIRBUS A330-200	WB	SSA	2018-03-31 02:20:00	2018-03-31 02:35:00	2018-03-31 02:53:00	LIS	2018-03-31 10:43:00	2018-03-31 10:47:00	2018-03-31 10:25:00	J	TP	2018-03-31 03:11:54	15.0	93.0	R	26.0	130.0	9.0	6.21		SCT	M	M	2300.0								14.0	290.0	5.0	6.21		SCT	M	M	3500.0							
466342	2018-03-31 00:00:00	208.0	CSTOW	333	AIRBUS A330-300	WB	JFK	2018-03-31 03:25:00	2018-03-31 03:19:00	2018-03-31 03:35:00	LIS	2018-03-31 09:35:00	2018-03-31 09:49:00	2018-03-31 10:15:00	J	TP								10.0		CLR	M	M									13.0	280.0	4.0	6.21		SCT	M	M	2800.0							
466343	2018-03-31 00:00:00	1325.0	CSTTL	319	AIRBUS A319-111	NB	OTP	2018-03-31 03:35:00	2018-03-31 03:29:00	2018-03-31 03:41:00	LIS	2018-03-31 08:09:00	2018-03-31 08:12:00	2018-03-31 08:10:00	J	TP					7.0	60.0	3.0	3.11		NSC	M	M									11.0	230.0	4.0	6.21		FEW	M	M	3000.0							
466344	2018-03-31 00:00:00	1311.0	CSTNG	320	AIRBUS A320-211	NB	BUD	2018-03-31 03:40:00	2018-03-31 03:46:00	2018-03-31 03:55:00	LIS	2018-03-31 07:29:00	2018-03-31 07:34:00	2018-03-31 07:25:00	J	TP	2018-03-31 03:58:52	6.0	81.0	0	11.0	190.0	7.0	4.35		FEW	SCT	OVC	800.0	2000.0	3800.0						10.0	260.0	4.0	6.21		FEW	M	M	2800.0							
466345	2018-03-31 00:00:00	262.0	CSTOK	332	AIRBUS A330-200	WB	YYZ	2018-03-31 03:55:00	2018-03-31 04:07:00	2018-03-31 04:25:00	LIS	2018-03-31 10:39:00	2018-03-31 10:45:00	2018-03-31 10:50:00	J	TP	2018-03-31 04:35:57	2.0	89.0	0	-1.0	280.0	9.0	15.0		FEW	SCT	M	15000.0	25000.0							14.0	300.0	5.0	6.21		SCT	M	M	3000.0							
466346	2018-03-31 00:00:00	473.0	CSTTX	E95	EMBRAER 195	PGA	LYS	2018-03-31 04:00:00	2018-03-31 04:06:00	2018-03-31 04:15:00	LIS	2018-03-31 06:18:00	2018-03-31 06:22:00	2018-03-31 06:30:00	J	NI	2018-03-31 08:47:59	6.0	36.0	0	3.0	90.0	3.0	6.21		M	M	M									8.0	240.0	4.0	6.21		FEW	M	M	2800.0							
466347	2018-03-31 00:00:00	527.0	CSTPQ	E90	EMBRAER 190	PGA	STR	2018-03-31 04:00:00	2018-03-31 04:35:00	2018-03-31 04:46:00	LIS	2018-03-31 07:24:00	2018-03-31 07:28:00	2018-03-31 07:10:00	J	NI	2018-03-31 04:48:51	25.0	81.0	0	5.0	200.0	2.0	6.21		M	M	M									10.0	260.0	4.0	6.21		FEW	M	M	2800.0							
466348	2018-03-31 00:00:00	531.0	CSTNH	320	AIRBUS A320-211	NB	TXL	2018-03-31 04:00:00	2018-03-31 03:58:00	2018-03-31 04:07:00	LIS	2018-03-31 07:18:00	2018-03-31 07:31:00	2018-03-31 07:40:00	J	TP					1.0	70.0	8.0	6.21		M	M	M									10.0	260.0	4.0	6.21		FEW	M	M	2800.0							
466349	2018-03-31 00:00:00	567.0	CSTTH	319	AIRBUS A319-111	NB	HAM	2018-03-31 04:00:00	2018-03-31 04:08:00	2018-03-31 04:17:00	LIS	2018-03-31 07:16:00	2018-03-31 07:21:00	2018-03-31 07:30:00	J	TP	2018-03-31 04:28:45	8.0	82.0	0	2.0	80.0	11.0	6.21		M	M	M									10.0	260.0	4.0	6.21		FEW	M	M	2800.0							
466350	2018-03-31 00:00:00	753.0	CSTNL	320	AIRBUS A320-211	NB	CPH	2018-03-31 04:00:00	2018-03-31 04:06:00	2018-03-31 04:28:00	LIS	2018-03-31 07:41:00	2018-03-31 07:46:00	2018-03-31 07:45:00	J	TP	2018-03-31 08:49:59	6.0	89.0	0	-1.0	90.0	8.0	6.21		M	M	M									11.0	230.0	4.0	6.21		FEW	M	M	3000.0							
466351	2018-03-31 00:00:00	791.0	CSTNR	320	AIRBUS A320-211	NB	HEL	2018-03-31 04:00:00	2018-03-31 04:25:00	2018-03-31 04:36:00	LIS	2018-03-31 09:04:00	2018-03-31 09:08:00	2018-03-31 08:55:00	J	TP	2018-03-31 04:46:48	11.0	81.0	0	-11.0		1.0	6.21		M	M	M									12.0	300.0	5.0	6.21		FEW	M	M	2500.0							
466352	2018-03-31 00:00:00	553.0	CSTNJ	320	AIRBUS A320-211	NB	MUC	2018-03-31 04:05:00	2018-03-31 04:07:00	2018-03-31 04:15:00	LIS	2018-03-31 07:01:00	2018-03-31 07:01:00	2018-03-31 07:20:00	J	TP	2018-03-31 08:53:59	2.0	89.0	0	5.0	240.0	11.0	6.21		BKN	M	M	1500.0								9.0	250.0	4.0	6.21		FEW	M	M	2800.0							
466353	2018-03-31 00:00:00	821.0	CSTNW	320	AIRBUS A320-211	NB	MXP	2018-03-31 04:05:00	2018-03-31 04:07:00	2018-03-31 04:19:00	LIS	2018-03-31 06:46:00	2018-03-31 06:46:00	2018-03-31 07:00:00	J	TP	2018-03-31 05:24:51	2.0	37.0	A	9.0	110.0	6.0	6.21		FEW	SCT	BKN	4000.0	5500.0	9000.0						9.0	250.0	4.0	6.21		FEW	M	M	2800.0							
466354	2018-03-31 00:00:00	949.0	CSTNU	320	AIRBUS A320-211	NB	GVA	2018-03-31 04:10:00	2018-03-31 04:31:00	2018-03-31 04:42:00	LIS	2018-03-31 06:49:00	2018-03-31 06:52:00	2018-03-31 06:45:00	J	TP	2018-03-31 12:20:24	4.0	89.0	0	4.0	20.0	3.0	3.11		FEW	BKN	M	300.0	1200.0							9.0	250.0	4.0	6.21		FEW	M	M	2800.0							
466355	2018-03-31 00:00:00	499.0	CSTPP	E90	EMBRAER 190	PGA	TLS	2018-03-31 04:15:00	2018-03-31 04:21:00	2018-03-31 04:33:00	LIS	2018-03-31 06:12:00	2018-03-31 06:20:00	2018-03-31 06:15:00	J	NI	2018-03-31 08:49:59	6.0	86.0	0	7.0		2.0	6.21		FEW	BKN	BKN	4600.0	8000.0	9800.0						8.0	240.0	4.0	6.21		FEW	M	M	2800.0							
466356	2018-03-31 00:00:00	571.0	CSTTS	319	AIRBUS A319-111	NB	FRA	2018-03-31 04:15:00	2018-03-31 04:11:00		FRA		2018-03-31 04:30:00	2018-03-31 07:25:00	J	TP	2018-04-04 07:39:59	36.0	41.0	B	6.0	220.0	5.0	6.21		FEW	SCT	BKN	2500.0	3600.0	4800.0						6.0	220.0	5.0	6.21		FEW	SCT	BKN	2500.0	3600.0	4800.0					
466357	2018-03-31 00:00:00	837.0	CSTQD	320	AIRBUS A320-211	NB	FCO	2018-03-31 04:15:00	2018-03-31 04:25:00	2018-03-31 04:40:00	LIS	2018-03-31 07:33:00	2018-03-31 07:39:00	2018-03-31 07:20:00	J	TP	2018-03-31 04:44:44	10.0	89.0	0	15.0	170.0	14.0	6.21		SCT	M	M	4000.0								10.0	260.0	4.0	6.21		FEW	M	M	2800.0							
466358	2018-03-31 00:00:00	1235.0	CSTNY	320	AIRBUS A320-211	NB	DME	2018-03-31 04:15:00	2018-03-31 04:45:00	2018-03-31 05:17:00	LIS	2018-03-31 10:46:00	2018-03-31 10:51:00	2018-03-31 10:10:00	J	TP	2018-04-10 11:34:59	8.0	75.0	0	-4.0	150.0	1.94	3.11		BKN	M	M	4200.0								14.0	290.0	5.0	6.21		SCT	M	M	3500.0							
466359	2018-03-31 00:00:00	1943.0	CSTTU	319	AIRBUS A319-111	NB	OPO	2018-03-31 04:15:00	2018-03-31 04:29:00	2018-03-31 04:37:00	LIS	2018-03-31 05:08:00	2018-03-31 05:14:00	2018-03-31 05:10:00	J	TP	2018-03-31 04:49:56	5.0	85.0	C	9.0	340.0	10.0	6.21		SCT	FEW	M	2500.0	3000.0							9.0	280.0	3.0	6.21		FEW	M	M	2800.0							
466360	2018-03-31 00:00:00	641.0	CSTTO	319	AIRBUS A319-111	NB	BRU	2018-03-31 04:20:00	2018-03-31 04:19:00	2018-03-31 04:31:00	LIS	2018-03-31 06:52:00	2018-03-31 06:55:00	2018-03-31 07:10:00	J	TP					4.0	190.0	6.0	6.21		M	M	M									9.0	250.0	4.0	6.21		FEW	M	M	2800.0							
466361	2018-03-31 00:00:00	929.0	CSTNM	320	AIRBUS A320-211	NB	ZRH	2018-03-31 04:20:00	2018-03-31 04:24:00	2018-03-31 04:40:00	LIS	2018-03-31 07:10:00	2018-03-31 07:13:00	2018-03-31 07:10:00	J	TP	2018-03-31 04:56:48	4.0	89.0	0	3.0	150.0	3.0	6.21		FEW	BKN	BKN	400.0	700.0	5000.0						9.0	250.0	4.0	6.21		FEW	M	M	2800.0							
466362	2018-03-31 00:00:00	1095.0	CSDJF	AT7	ATR 72	WI	VLC	2018-03-31 04:20:00	2018-03-31 04:20:00	2018-03-31 04:34:00	LIS	2018-03-31 06:32:00	2018-03-31 06:35:00	2018-03-31 06:35:00	J	WI					11.0	260.0	19.0	6.21	29.0	FEW	M	M	4000.0								8.0	240.0	4.0	6.21		FEW	M	M	2800.0							
466363	2018-03-31 00:00:00	587.0	CSTPR	E90	EMBRAER 190	PGA	CGN	2018-03-31 04:25:00	2018-03-31 05:35:00	2018-03-31 05:47:00	LIS	2018-03-31 08:20:00	2018-03-31 08:25:00	2018-03-31 07:35:00	J	NI	2018-04-04 15:22:59	13.0	64.0	0	2.0	80.0	2.0	6.21		NSC	M	M									12.0	340.0	5.0	6.21		FEW	M	M	2500.0							
466364	2018-03-31 00:00:00	447.0	CSTNK	320	AIRBUS A320-211	NB	ORY	2018-03-31 04:30:00	2018-03-31 04:31:00	2018-03-31 04:37:00	LIS	2018-03-31 06:39:00	2018-03-31 06:42:00	2018-03-31 07:00:00	J	TP	2018-03-31 05:05:01	1.0	82.0	0	4.0	140.0	3.0	6.21		M	M	M									8.0	240.0	4.0	6.21		FEW	M	M	2800.0							
466365	2018-03-31 00:00:00	1431.0	CSDJH	AT7	ATR 72	WI	TNG	2018-03-31 04:35:00	2018-03-31 04:28:00	2018-03-31 04:36:00	LIS	2018-03-31 06:02:00	2018-03-31 06:07:00	2018-03-31 06:05:00	J	WI					13.0	270.0	14.0	3.73		SCT	BKN	M	1100.0	1600.0							9.0	280.0	3.0	6.21		FEW	M	M	2800.0							
466366	2018-03-31 00:00:00	1049.0	CSTTI	319	AIRBUS A319-111	NB	BCN	2018-03-31 04:40:00	2018-03-31 04:39:00	2018-03-31 04:58:00	LIS	2018-03-31 06:36:00	2018-03-31 06:40:00	2018-03-31 06:35:00	J	TP					10.0	270.0	11.0	6.21		FEW	M	M	3700.0								8.0	240.0	4.0	6.21		FEW	M	M	2800.0							
466367	2018-03-31 00:00:00	1137.0	CSDJC	AT7	ATR 72	WI	AGP	2018-03-31 04:40:00	2018-03-31 04:40:00	2018-03-31 04:51:00	LIS	2018-03-31 06:16:00	2018-03-31 06:20:00	2018-03-31 06:15:00	J	WI					12.0	310.0	14.0	6.21		FEW	SCT	M	2000.0	5000.0							8.0	240.0	4.0	6.21		FEW	M	M	2800.0							
466368	2018-03-31 00:00:00	361.0	CSTTN	319	AIRBUS A319-111	NB	LHR	2018-03-31 05:00:00	2018-03-31 04:57:00	2018-03-31 05:12:00	LIS	2018-03-31 07:21:00	2018-03-31 07:24:00	2018-03-31 07:35:00	J	TP					4.0	210.0	8.0	6.21		SCT	SCT	OVC	900.0	1300.0	2600.0						10.0	260.0	4.0	6.21		FEW	M	M	2800.0							
466369	2018-03-31 00:00:00	459.0	CSTTP	319	AIRBUS A319-111	NB	ORY	2018-03-31 05:00:00	2018-03-31 05:02:00	2018-03-31 05:15:00	OPO	2018-03-31 07:06:00	2018-03-31 07:10:00	2018-03-31 07:05:00	J	TP	2018-03-31 05:42:59	2.0	82.0	0	4.0	140.0	3.0	6.21		M	M	M									8.0		2.0	6.21		FEW	FEW	M	2500.0	3200.0						
466370	2018-03-31 00:00:00	669.0	CSTTK	319	AIRBUS A319-111	NB	AMS	2018-03-31 05:00:00	2018-03-31 05:08:00	2018-03-31 05:19:00	LIS	2018-03-31 07:50:00	2018-03-31 07:54:00	2018-03-31 08:00:00	J	TP	2018-03-31 08:47:59	3.0	89.0	0	3.0	130.0	5.0	3.11		FEW	M	M	800.0								11.0	230.0	4.0	6.21		FEW	M	M	3000.0							
466371	2018-03-31 00:00:00	1101.0	CSDJA	AT7	ATR 72	WI	SVQ	2018-03-31 05:00:00	2018-03-31 04:55:00	2018-03-31 05:02:00	LIS	2018-03-31 06:04:00	2018-03-31 06:09:00	2018-03-31 06:10:00	J	WI					9.0	260.0	6.0	6.21		M	M	M									9.0	280.0	3.0	6.21		FEW	M	M	2800.0							
466372	2018-03-31 00:00:00	1670.0	CSTTJ	319	AIRBUS A319-111	NB	FNC	2018-03-31 05:00:00	2018-03-31 04:59:00	2018-03-31 05:05:00	LIS	2018-03-31 06:26:00	2018-03-31 06:30:00	2018-03-31 06:35:00	J	TP					14.0	320.0	5.0	6.21		FEW	M	M	1600.0								8.0	240.0	4.0	6.21		FEW	M	M	2800.0							
466373	2018-03-31 00:00:00	1900.0	CSTTC	319	AIRBUS A319-111	NB	FAO	2018-03-31 05:00:00	2018-03-31 04:54:00	2018-03-31 05:03:00	LIS	2018-03-31 05:37:00	2018-03-31 05:42:00	2018-03-31 05:45:00	J	TP					10.0	310.0	5.0	6.21		M	M	M									8.0	260.0	3.0	6.21		FEW	M	M	2800.0							
466374	2018-03-31 00:00:00	9320.0	ECISY	752	BOEING 757-200		BCN	2018-03-31 05:00:00	2018-03-31 05:20:00	2018-03-31 05:35:00	LIS	2018-03-31 07:14:00	2018-03-31 07:19:00	2018-03-31 06:45:00	P	P6					10.0	280.0	14.0	6.21		FEW	M	M	2500.0								10.0	260.0	4.0	6.21		FEW	M	M	2800.0							
466375	2018-03-31 00:00:00	1711.0	CSTTR	319	AIRBUS A319-111	NB	OPO	2018-03-31 05:05:00	2018-03-31 04:58:00	2018-03-31 05:05:00	FNC	2018-03-31 06:48:00	2018-03-31 06:51:00	2018-03-31 07:00:00	J	TP					9.0	330.0	7.0	6.21		SCT	FEW	M	2500.0	3000.0							14.0	330.0	5.0	6.21		FEW	M	M	1600.0							
466376	2018-03-31 00:00:00	1065.0	CSDJD	AT7	ATR 72	WI	BIO	2018-03-31 05:10:00	2018-03-31 05:10:00	2018-03-31 05:25:00	LIS	2018-03-31 07:08:00	2018-03-31 07:13:00	2018-03-31 07:20:00	J	WI					10.0	310.0	23.0	6.21	40.0	FEW	SCT	BKN	2200.0	3000.0	4000.0						9.0	250.0	4.0	6.21		FEW	M	M	2800.0							
466377	2018-03-31 00:00:00	1921.0	CSTPT	E90	EMBRAER 190	PGA	OPO	2018-03-31 05:15:00	2018-03-31 05:14:00	2018-03-31 05:24:00	LIS	2018-03-31 05:55:00	2018-03-31 06:01:00	2018-03-31 06:15:00	J	NI					9.0	330.0	7.0	6.21		SCT	FEW	M	2500.0	3000.0							9.0	280.0	3.0	6.21		FEW	M	M	2800.0							
466378	2018-03-31 00:00:00	1023.0	CSTTF	319	AIRBUS A319-111	NB	MAD	2018-03-31 05:25:00	2018-03-31 05:26:00	2018-03-31 05:46:00	LIS	2018-03-31 06:46:00	2018-03-31 06:49:00	2018-03-31 06:45:00	J	TP	2018-03-31 07:49:59	1.0	89.0	0	6.0	240.0	6.0	6.21		SCT	M	M	4500.0								9.0	250.0	4.0	6.21		FEW	M	M	2800.0							
466379	2018-03-31 00:00:00	436.0	CSTJE	321	AIRBUS A321-211	NB	LIS	2018-03-31 05:30:00	2018-03-31 05:31:00	2018-03-31 05:41:00	ORY	2018-03-31 07:49:00	2018-03-31 08:04:00	2018-03-31 07:55:00	J	TP	2018-03-31 05:43:59	1.0	15.0	D	8.0	260.0	3.0	6.21		FEW	M	M	2800.0								6.0	190.0	7.0	6.21		M	M	M								
466380	2018-03-31 00:00:00	452.0	CSTTG	319	AIRBUS A319-111	NB	OPO	2018-03-31 05:30:00	2018-03-31 05:24:00	2018-03-31 05:32:00	ORY	2018-03-31 07:22:00	2018-03-31 07:30:00	2018-03-31 07:35:00	J	TP					8.0	330.0	10.0	6.21		SCT	FEW	M	2500.0	3000.0							6.0	180.0	5.0	6.21		M	M	M								
466381	2018-03-31 00:00:00	818.0	CSTTE	319	AIRBUS A319-111	NB	OPO	2018-03-31 05:30:00	2018-03-31 05:33:00	2018-03-31 05:43:00	MXP	2018-03-31 07:44:00	2018-03-31 07:50:00	2018-03-31 08:05:00	J	TP	2018-03-31 05:47:04	3.0	16.0	E	8.0	330.0	10.0	6.21		SCT	FEW	M	2500.0	3000.0							12.0	100.0	8.0	6.21		BKN	M	M	5000.0							
466382	2018-03-31 00:00:00	1030.0	FHBAL	319	AIRBUS A319-111	NB	OPO	2018-03-31 05:30:00	2018-03-31 05:30:00	2018-03-31 05:39:00	BCN	2018-03-31 07:00:00	2018-03-31 07:04:00	2018-03-31 07:15:00	J	TP					8.0	330.0	10.0	6.21		SCT	FEW	M	2500.0	3000.0							10.0	260.0	12.0	6.21		FEW	M	M	2500.0							
466383	2018-03-31 00:00:00	1044.0	FHBIS	320	AIRBUS A320-211	NB	LIS	2018-03-31 05:45:00	2018-03-31 05:45:00	2018-03-31 06:02:00	BCN	2018-03-31 07:27:00	2018-03-31 07:31:00	2018-03-31 07:35:00	J	TP					8.0	260.0	3.0	6.21		FEW	M	M	2800.0								10.0	250.0	9.0	6.21		FEW	M	M	2500.0							
466384	2018-03-31 00:00:00	443.0	CSTTD	319	AIRBUS A319-111	NB	ORY	2018-03-31 05:50:00	2018-03-31 05:57:00	2018-03-31 06:06:00	LIS	2018-03-31 08:07:00	2018-03-31 08:12:00	2018-03-31 08:20:00	J	TP	2018-03-31 06:48:04	7.0	82.0	0	3.0	150.0	4.0	6.21		M	M	M									11.0	230.0	4.0	6.21		FEW	M	M	3000.0							
466385	2018-03-31 00:00:00	1026.0	CSTTU	319	AIRBUS A319-111	NB	LIS	2018-03-31 05:55:00	2018-03-31 06:34:00	2018-03-31 06:48:00	MAD	2018-03-31 07:39:00	2018-03-31 07:43:00	2018-03-31 07:10:00	J	TP	2018-03-31 06:55:59	24.0	89.0	0	8.0	240.0	4.0	6.21		FEW	M	M	2800.0								6.0	240.0	12.0	6.21		FEW	M	M	4500.0							
466386	2018-03-31 00:00:00	344.0	CSTPS	E90	EMBRAER 190	PGA	LIS	2018-03-31 06:00:00	2018-03-31 06:21:00	2018-03-31 06:32:00	LCY	2018-03-31 08:47:00	2018-03-31 08:50:00	2018-03-31 08:40:00	J	NI	2018-03-31 06:36:59	21.0	82.0	0	8.0	240.0	4.0	6.21		FEW	M	M	2800.0								7.0	200.0	7.0	6.21		OVC	M	M	1700.0							
466387	2018-03-31 00:00:00	646.0	CSTNS	320	AIRBUS A320-211	NB	LIS	2018-03-31 06:00:00	2018-03-31 06:33:00	2018-03-31 06:45:00	BRU	2018-03-31 09:08:00	2018-03-31 09:16:00	2018-03-31 08:40:00	J	TP	2018-03-31 06:48:59	23.0	89.0	0	8.0	240.0	4.0	6.21		FEW	M	M	2800.0								9.0	210.0	5.0	6.21		FEW	M	M	4000.0							
466388	2018-03-31 00:00:00	754.0	CSTMW	320	AIRBUS A320-211	NB	LIS	2018-03-31 06:00:00	2018-03-31 06:15:00	2018-03-31 06:28:00	CPH	2018-03-31 09:42:00	2018-03-31 09:49:00	2018-03-31 09:35:00	J	TP	2018-03-31 06:28:59	15.0	82.0	0	9.0	280.0	3.0	6.21		FEW	M	M	2800.0								2.0	90.0	13.0	6.21		OVC	M	M	1900.0							
466389	2018-03-31 00:00:00	762.0	CSTNN	320	AIRBUS A320-211	NB	LIS	2018-03-31 06:00:00	2018-03-31 06:07:00	2018-03-31 06:24:00	OSL	2018-03-31 10:04:00	2018-03-31 10:08:00	2018-03-31 10:00:00	J	TP	2018-04-01 07:59:59	7.0	82.0	0	9.0	280.0	3.0	6.21		FEW	M	M	2800.0								-1.0	160.0	2.0	6.21		M	M	M								
466390	2018-03-31 00:00:00	922.0	CSTPW	E90	EMBRAER 190	PGA	OPO	2018-03-31 06:00:00	2018-03-31 05:58:00	2018-03-31 06:06:00	ZRH	2018-03-31 08:23:00	2018-03-31 08:31:00	2018-03-31 08:30:00	J	NI					8.0	320.0	6.0	6.21		SCT	FEW	M	2500.0	3000.0							4.0		3.0	6.21		FEW	BKN	M	500.0	900.0						
466391	2018-03-31 00:00:00	1926.0	CSDJE	AT7	ATR 72	WI	LIS	2018-03-31 06:00:00	2018-03-31 06:01:00	2018-03-31 06:14:00	OPO	2018-03-31 07:02:00	2018-03-31 07:06:00	2018-03-31 07:00:00	J	WI	2018-03-31 06:02:59	1.0	89.0	0	9.0	280.0	3.0	6.21		FEW	M	M	2800.0								8.0		2.0	6.21		FEW	FEW	M	2500.0	3200.0						
466392	2018-03-31 00:00:00	336.0	CSTPV	E90	EMBRAER 190	PGA	LIS	2018-03-31 06:05:00	2018-03-31 06:11:00	2018-03-31 06:30:00	LGW	2018-03-31 08:49:00	2018-03-31 08:58:00	2018-03-31 08:45:00	J	NI	2018-03-31 06:39:59	1.0	89.0	0	9.0	280.0	3.0	6.21		FEW	M	M	2800.0								6.0	220.0	7.0	6.21		BKN	M	M	1600.0							
466393	2018-03-31 00:00:00	1672.0	CSTNI	320	AIRBUS A320-211	NB	FNC	2018-03-31 06:05:00	2018-03-31 05:50:00	2018-03-31 05:58:00	LIS	2018-03-31 07:26:00	2018-03-31 07:29:00	2018-03-31 07:45:00	J	TP					14.0	320.0	5.0	6.21		FEW	M	M	1600.0								10.0	260.0	4.0	6.21		FEW	M	M	2800.0							
466394	2018-03-31 00:00:00	1710.0	CSTTA	319	AIRBUS A319-111	NB	FNC	2018-03-31 06:05:00	2018-03-31 06:00:00	2018-03-31 06:07:00	OPO	2018-03-31 07:46:00	2018-03-31 07:55:00	2018-03-31 07:55:00	J	TP					14.0	320.0	5.0	6.21		FEW	M	M	1600.0								9.0		2.0	6.21		FEW	FEW	M	2500.0	3200.0						
466395	2018-03-31 00:00:00	284.0	CSTOM	332	AIRBUS A330-200	WB	MPM	2018-03-31 06:10:00	2018-03-31 06:10:00	2018-03-31 06:19:00	LIS	2018-03-31 16:52:00	2018-03-31 16:57:00	2018-03-31 17:05:00	J	TP					26.0	360.0	3.0	6.21		BKN	M	M	2000.0								15.0	230.0	10.0	6.21		FEW	M	M	3600.0							
466396	2018-03-31 00:00:00	322.0	CSTTZ	E95	EMBRAER 195	PGA	LIS	2018-03-31 06:10:00	2018-03-31 06:42:00	2018-03-31 06:51:00	MAN	2018-03-31 09:25:00	2018-03-31 09:32:00	2018-03-31 09:00:00	J	NI	2018-03-31 06:54:59	32.0	67.0	0	8.0	240.0	4.0	6.21		FEW	M	M	2800.0								5.0	20.0	14.0	6.21		OVC	M	M	1500.0							
466397	2018-03-31 00:00:00	1933.0	CSTJH	321	AIRBUS A321-211	NB	OPO	2018-03-31 06:20:00	2018-03-31 06:22:00	2018-03-31 06:30:00	LIS	2018-03-31 07:04:00	2018-03-31 07:08:00	2018-03-31 07:20:00	J	TP	2018-03-31 06:32:04	2.0	89.0	0	8.0	350.0	5.0	6.21		FEW	FEW	M	2500.0	3000.0							9.0	250.0	4.0	6.21		FEW	M	M	2800.0							
466398	2018-03-31 00:00:00	1008.0	CSTPO	E90	EMBRAER 190	PGA	OPO	2018-03-31 06:30:00	2018-03-31 06:37:00	2018-03-31 06:44:00	MAD	2018-03-31 07:29:00	2018-03-31 07:34:00	2018-03-31 07:40:00	J	NI	2018-03-31 06:49:54	4.0	89.0	0	8.0	350.0	5.0	6.21		FEW	FEW	M	2500.0	3000.0							6.0	240.0	12.0	6.21		FEW	M	M	4500.0							
466399	2018-03-31 00:00:00	1679.0	CSTJG	321	AIRBUS A321-211	NB	LIS	2018-03-31 06:30:00	2018-03-31 06:42:00	2018-03-31 06:55:00	FNC	2018-03-31 08:16:00	2018-03-31 08:19:00	2018-03-31 08:15:00	J	TP	2018-03-31 07:04:59	12.0	49.0	0	8.0	240.0	4.0	6.21		FEW	M	M	2800.0								16.0		2.0	6.21		FEW	M	M	1600.0							
466400	2018-03-31 00:00:00	374.0	CSTTC	319	AIRBUS A319-111	NB	LIS	2018-03-31 06:35:00	2018-03-31 06:43:00	2018-03-31 06:56:00	LHR	2018-03-31 09:14:00	2018-03-31 09:18:00	2018-03-31 09:20:00	J	TP	2018-03-31 06:58:59	8.0	82.0	0	8.0	240.0	4.0	6.21		FEW	M	M	2800.0								5.0	220.0	7.0	5.59		OVC	///	M	500.0							
466401	2018-03-31 00:00:00	1082.0	CSDJH	AT7	ATR 72	WI	LIS	2018-03-31 06:45:00	2018-03-31 06:45:00	2018-03-31 07:00:00	LCG	2018-03-31 08:28:00	2018-03-31 08:31:00	2018-03-31 08:20:00	J	WI					8.0	240.0	4.0	6.21		FEW	M	M	2800.0								9.0	260.0	7.0	6.21		BKN	M	M	3800.0							
466402	2018-03-31 00:00:00	822.0	CSTTB	319	AIRBUS A319-111	NB	LIS	2018-03-31 06:50:00	2018-03-31 06:57:00	2018-03-31 07:09:00	MXP	2018-03-31 09:26:00	2018-03-31 09:31:00	2018-03-31 09:25:00	J	TP	2018-03-31 07:26:59	7.0	15.0	D	9.0	250.0	4.0	6.21		FEW	M	M	2800.0								13.0	130.0	6.0	6.21		BKN	M	M	5000.0							
466403	2018-03-31 00:00:00	1106.0	CSDJC	AT7	ATR 72	WI	LIS	2018-03-31 06:50:00	2018-03-31 07:04:00	2018-03-31 07:18:00	SVQ	2018-03-31 08:12:00	2018-03-31 08:15:00	2018-03-31 08:05:00	J	WI	2018-04-10 11:25:59	5.0	93.0	R	9.0	250.0	4.0	6.21		FEW	M	M	2800.0								11.0	270.0	3.0	6.21		M	M	M								
466404	2018-03-31 00:00:00	492.0	CSTPT	E90	EMBRAER 190	PGA	LIS	2018-03-31 06:55:00	2018-03-31 06:53:00	2018-03-31 07:05:00	TLS	2018-03-31 08:32:00	2018-03-31 08:38:00	2018-03-31 08:45:00	J	NI					9.0	250.0	4.0	6.21		FEW	M	M	2800.0								8.0	320.0	8.0	6.21		BKN	BKN	OVC	3500.0	4100.0	4800.0					
466405	2018-03-31 00:00:00	404.0	CSTPU	E90	EMBRAER 190	PGA	LIS	2018-03-31 07:00:00	2018-03-31 07:05:00	2018-03-31 07:14:00	MRS	2018-03-31 09:00:00	2018-03-31 09:04:00	2018-03-31 09:15:00	J	NI	2018-03-31 07:24:59	5.0	89.0	0	9.0	250.0	4.0	6.21		FEW	M	M	2800.0								13.0	310.0	5.0	6.21		M	M	M								
466406	2018-03-31 00:00:00	434.0	CSTNP	320	AIRBUS A320-211	NB	LIS	2018-03-31 07:00:00	2018-03-31 07:41:00	2018-03-31 07:56:00	ORY	2018-03-31 10:02:00	2018-03-31 10:21:00	2018-03-31 09:25:00	J	TP	2018-03-31 08:21:59	4.0	89.0	0	10.0	260.0	4.0	6.21		FEW	M	M	2800.0								9.0	230.0	12.0	6.21		FEW	SCT	BKN	2000.0	2000.0	3300.0					
466407	2018-03-31 00:00:00	476.0	CSTPP	E90	EMBRAER 190	PGA	LIS	2018-03-31 07:00:00	2018-03-31 07:00:00	2018-03-31 07:12:00	LYS	2018-03-31 09:06:00	2018-03-31 09:11:00	2018-03-31 09:15:00	J	NI					9.0	250.0	4.0	6.21		FEW	M	M	2800.0								8.0		2.0	6.21		FEW	SCT	M	1300.0	2200.0						
466408	2018-03-31 00:00:00	1272.0	CSTOU	333	AIRBUS A330-300	WB	LIS	2018-03-31 07:00:00	2018-03-31 07:06:00	2018-03-31 07:25:00	VIE	2018-03-31 10:14:00	2018-03-31 10:27:00	2018-03-31 10:20:00	J	TP	2018-03-31 07:30:59	6.0	19.0	A	9.0	250.0	4.0	6.21		FEW	M	M	2800.0								14.0	160.0	21.0	6.21		FEW	BKN	M	4000.0	30000.0						
466409	2018-03-31 00:00:00	1828.0	CSTNX	320	AIRBUS A320-211	NB	TER	2018-03-31 07:00:00	2018-03-31 07:45:00	2018-03-31 07:49:00	LIS	2018-03-31 09:49:00	2018-03-31 09:52:00	2018-03-31 09:15:00	J	TP	2018-03-31 08:07:58	45.0	77.0	0	16.0			4.35		FEW	BKN	M	800.0	1400.0							13.0	280.0	4.0	6.21		SCT	M	M	2800.0							
466410	2018-03-31 00:00:00	1864.0	CSTNQ	320	AIRBUS A320-211	NB	PDL	2018-03-31 07:00:00	2018-03-31 06:55:00	2018-03-31 07:03:00	LIS	2018-03-31 08:50:00	2018-03-31 08:54:00	2018-03-31 09:10:00	J	TP					17.0	220.0	22.0	6.21		FEW	SCT	M	1600.0	3000.0							12.0	300.0	5.0	6.21		FEW	M	M	2500.0							
466411	2018-03-31 00:00:00	1924.0	CSDJG	AT7	ATR 72	WI	LIS	2018-03-31 07:00:00	2018-03-31 07:09:00	2018-03-31 07:23:00	OPO	2018-03-31 08:10:00	2018-03-31 08:15:00	2018-03-31 08:00:00	J	WI	2018-03-31 07:33:59	9.0	89.0	0	9.0	250.0	4.0	6.21		FEW	M	M	2800.0								9.0		2.0	6.21		FEW	FEW	M	2500.0	3200.0						
466412	2018-03-31 00:00:00	371.0	CSTNT	320	AIRBUS A320-211	NB	LHR	2018-03-31 07:10:00	2018-03-31 07:05:00	2018-03-31 07:16:00	LIS	2018-03-31 09:21:00	2018-03-31 09:25:00	2018-03-31 09:50:00	J	TP					4.0	210.0	7.0	6.21		BKN	OVC	M	900.0	1700.0							13.0	340.0	6.0	6.21		SCT	M	M	2500.0							
466413	2018-03-31 00:00:00	1134.0	CSDJB	AT7	ATR 72	WI	LIS	2018-03-31 07:10:00	2018-03-31 07:10:00	2018-03-31 07:28:00	AGP	2018-03-31 08:52:00	2018-03-31 08:57:00	2018-03-31 08:40:00	J	WI					9.0	250.0	4.0	6.21		FEW	M	M	2800.0								14.0	290.0	16.0	6.21		FEW	M	M	3000.0							
466414	2018-03-31 00:00:00	412.0	CSTTX	E95	EMBRAER 195	PGA	LIS	2018-03-31 07:15:00	2018-03-31 07:22:00	2018-03-31 07:31:00	NTE	2018-03-31 09:08:00	2018-03-31 09:11:00	2018-03-31 09:15:00	J	NI	2018-03-31 07:31:59	7.0	89.0	0	10.0	260.0	4.0	6.21		FEW	M	M	2800.0								8.0	290.0	9.0	6.21		M	M	M								
466415	2018-03-31 00:00:00	1098.0	CSDJA	AT7	ATR 72	WI	LIS	2018-03-31 07:15:00	2018-03-31 07:20:00	2018-03-31 07:33:00	VLC	2018-03-31 09:10:00	2018-03-31 09:13:00	2018-03-31 09:20:00	J	WI	2018-03-31 07:34:59	5.0	89.0	0	10.0	260.0	4.0	6.21		FEW	M	M	2800.0								14.0	280.0	27.0	6.21	38.0	FEW	M	M	4000.0							
466416	2018-03-31 00:00:00	562.0	CSTTI	319	AIRBUS A319-111	NB	LIS	2018-03-31 07:20:00	2018-03-31 07:32:00	2018-03-31 07:43:00	HAM	2018-03-31 10:36:00	2018-03-31 10:39:00	2018-03-31 10:35:00	J	TP	2018-03-31 07:54:59	7.0	81.0	0	10.0	260.0	4.0	6.21		FEW	M	M	2800.0								3.0	60.0	8.0	6.21		FEW	SCT	OVC	1100.0	2300.0	2800.0					
466417	2018-03-31 00:00:00	542.0	CSTTY	E95	EMBRAER 195	PGA	LIS	2018-03-31 07:30:00	2018-03-31 07:29:00	2018-03-31 07:46:00	DUS	2018-03-31 10:19:00	2018-03-31 10:26:00	2018-03-31 10:25:00	J	NI					10.0	260.0	4.0	6.21		FEW	M	M	2800.0								12.0	140.0	3.0	6.21		FEW	SCT	M	3600.0	28000.0						
466418	2018-03-31 00:00:00	574.0	CSTTF	319	AIRBUS A319-111	NB	LIS	2018-03-31 07:30:00	2018-03-31 07:36:00	2018-03-31 07:49:00	FRA	2018-03-31 10:29:00	2018-03-31 10:42:00	2018-03-31 10:35:00	J	TP	2018-03-31 07:52:59	2.0	89.0	0	10.0	260.0	4.0	6.21		FEW	M	M	2800.0								12.0		3.0	6.21		FEW	SCT	BKN	3700.0	5000.0	28000.0					
466419	2018-03-31 00:00:00	952.0	CSTNU	320	AIRBUS A320-211	NB	LIS	2018-03-31 07:30:00	2018-03-31 07:41:00	2018-03-31 07:54:00	GVA	2018-03-31 10:00:00	2018-03-31 10:04:00	2018-03-31 09:50:00	J	TP	2018-03-31 08:10:59	4.0	85.0	C	10.0	260.0	4.0	6.21		FEW	M	M	2800.0								6.0		1.0	6.21		SCT	BKN	M	1500.0	2500.0						
466420	2018-03-31 00:00:00	1941.0	CSDJE	AT7	ATR 72	WI	OPO	2018-03-31 07:30:00	2018-03-31 07:36:00	2018-03-31 07:43:00	LIS	2018-03-31 08:23:00	2018-03-31 08:27:00	2018-03-31 08:30:00	J	WI	2018-03-31 07:44:59	6.0	93.0	M	8.0		1.0	6.21		SCT	FEW	M	2500.0	3200.0							12.0	340.0	5.0	6.21		FEW	M	M	2500.0							
466421	2018-03-31 00:00:00	694.0	ECISY	752	BOEING 757-200		LIS	2018-03-31 07:35:00	2018-03-31 08:35:00	2018-03-31 08:49:00	LUX	2018-03-31 11:13:00	2018-03-31 11:17:00	2018-03-31 10:15:00	J	TP	2018-03-31 08:58:59	15.0	81.0	0	12.0	340.0	5.0	6.21		FEW	M	M	2500.0								7.0		3.0	6.21		FEW	M	M	300.0							
466422	2018-03-31 00:00:00	784.0	CSTJF	321	AIRBUS A321-211	NB	LIS	2018-03-31 07:45:00	2018-03-31 07:47:00	2018-03-31 07:58:00	ARN	2018-03-31 11:50:00	2018-03-31 11:55:00	2018-03-31 12:00:00	J	TP	2018-03-31 08:34:59	2.0	37.0	A	11.0	230.0	4.0	6.21		FEW	M	M	3000.0								4.0		3.0	6.21		M	M	M								
466423	2018-03-31 00:00:00	1680.0	CSTTR	319	AIRBUS A319-111	NB	FNC	2018-03-31 07:45:00	2018-03-31 07:33:00	2018-03-31 07:44:00	LIS	2018-03-31 09:11:00	2018-03-31 09:14:00	2018-03-31 09:20:00	J	TP					14.0	310.0	5.0	6.21		FEW	M	M	1600.0								12.0	300.0	5.0	6.21		FEW	M	M	2500.0							
466424	2018-03-31 00:00:00	558.0	CSTNK	320	AIRBUS A320-211	NB	LIS	2018-03-31 07:50:00	2018-03-31 07:53:00	2018-03-31 08:01:00	MUC	2018-03-31 10:32:00	2018-03-31 10:40:00	2018-03-31 10:50:00	J	TP	2018-03-31 08:02:59	3.0	89.0	0	11.0	230.0	4.0	6.21		FEW	M	M	3000.0								7.0	270.0	5.0	6.21		SCT	SCT	BKN	1200.0	1700.0	2500.0					
466425	2018-03-31 00:00:00	334.0	CSTTP	319	AIRBUS A319-111	NB	OPO	2018-03-31 07:55:00	2018-03-31 08:07:00	2018-03-31 08:16:00	LGW	2018-03-31 10:10:00	2018-03-31 10:18:00	2018-03-31 10:05:00	J	TP	2018-03-31 08:27:08	12.0	83.0	0	9.0		2.0	6.21		FEW	FEW	M	2500.0	3200.0							6.0	240.0	7.0	6.21		BKN	M	M	1300.0							
466426	2018-03-31 00:00:00	488.0	CSTPQ	E90	EMBRAER 190	PGA	LIS	2018-03-31 07:55:00	2018-03-31 08:08:00	2018-03-31 08:24:00	NCE	2018-03-31 10:18:00	2018-03-31 10:23:00	2018-03-31 10:15:00	J	NI	2018-03-31 08:31:59	13.0	93.0	M	11.0	230.0	4.0	6.21		FEW	M	M	3000.0								13.0	140.0	4.0	6.21		FEW	SCT	M	3300.0	21000.0						
466427	2018-03-31 00:00:00	832.0	CSTOH	332	AIRBUS A330-200	WB	LIS	2018-03-31 07:55:00	2018-03-31 08:10:00	2018-03-31 08:28:00	FCO	2018-03-31 10:54:00	2018-03-31 11:05:00	2018-03-31 10:50:00	J	TP	2018-03-31 08:32:59	4.0	89.0	0	11.0	230.0	4.0	6.21		FEW	M	M	3000.0								16.0	220.0	13.0	6.21		FEW	M	M	3000.0							
466428	2018-03-31 00:00:00	1011.0	CSTTU	319	AIRBUS A319-111	NB	MAD	2018-03-31 07:55:00	2018-03-31 08:27:00	2018-03-31 08:42:00	LIS	2018-03-31 09:37:00	2018-03-31 09:44:00	2018-03-31 09:15:00	J	TP	2018-03-31 08:46:09	32.0	93.0	0	7.0	250.0	14.0	6.21	24.0	SCT	M	M	3500.0								13.0	340.0	6.0	6.21		SCT	M	M	2500.0							
466429	2018-03-31 00:00:00	1033.0	FHBAL	319	AIRBUS A319-111	NB	BCN	2018-03-31 08:00:00	2018-03-31 08:00:00	2018-03-31 08:09:00	OPO	2018-03-31 09:44:00	2018-03-31 09:50:00	2018-03-31 09:50:00	J	TP					12.0	280.0	9.0	6.21		FEW	M	M	2500.0								13.0		3.0	6.21		SCT	M	M	2900.0							
466430	2018-03-31 00:00:00	1930.0	CSDJF	AT7	ATR 72	WI	LIS	2018-03-31 08:00:00	2018-03-31 08:02:00	2018-03-31 08:12:00	OPO	2018-03-31 09:00:00	2018-03-31 09:05:00	2018-03-31 09:00:00	J	WI	2018-03-31 08:18:59	2.0	89.0	0	11.0	230.0	4.0	6.21		FEW	M	M	3000.0								11.0		2.0	6.21		FEW	M	M	2800.0							
466431	2018-03-31 00:00:00	664.0	CSTTJ	319	AIRBUS A319-111	NB	LIS	2018-03-31 08:05:00	2018-03-31 08:11:00	2018-03-31 08:19:00	AMS	2018-03-31 10:53:00	2018-03-31 10:59:00	2018-03-31 11:00:00	J	TP	2018-03-31 08:29:59	2.0	89.0	0	11.0	230.0	4.0	6.21		FEW	M	M	3000.0								11.0	130.0	5.0	6.21		FEW	BKN	M	2000.0	4500.0						
466432	2018-03-31 00:00:00	1040.0	CSTTW	E95	EMBRAER 195	PGA	LIS	2018-03-31 08:05:00	2018-03-31 08:05:00	2018-03-31 08:15:00	BCN	2018-03-31 09:39:00	2018-03-31 09:43:00	2018-03-31 09:55:00	J	NI					11.0	230.0	4.0	6.21		FEW	M	M	3000.0								13.0	270.0	13.0	6.21	23.0	SCT	M	M	5000.0							
466433	2018-03-31 00:00:00	1016.0	CSTTS	319	AIRBUS A319-111	NB	LIS	2018-03-31 08:10:00	2018-03-31 08:28:00	2018-03-31 08:38:00	MAD	2018-03-31 09:28:00	2018-03-31 09:31:00	2018-03-31 09:25:00	J	TP	2018-03-31 08:41:59	4.0	89.0	0	12.0	340.0	5.0	6.21		FEW	M	M	2500.0								8.0	240.0	11.0	6.21		SCT	M	M	3700.0							
466434	2018-03-31 00:00:00	538.0	CSTTN	319	AIRBUS A319-111	NB	LIS	2018-03-31 08:15:00	2018-03-31 08:22:00	2018-03-31 08:32:00	TXL	2018-03-31 11:29:00	2018-03-31 11:35:00	2018-03-31 11:40:00	J	TP	2018-03-31 08:34:59	7.0	81.0	0	12.0	340.0	5.0	6.21		FEW	M	M	2500.0								5.0	70.0	6.0	6.21		FEW	BKN	M	1500.0	2400.0						
466435	2018-03-31 00:00:00	864.0	CSTNG	320	AIRBUS A320-211	NB	LIS	2018-03-31 08:15:00	2018-03-31 08:24:00	2018-03-31 08:34:00	VCE	2018-03-31 11:03:00	2018-03-31 11:07:00	2018-03-31 11:05:00	J	TP	2018-03-31 08:36:59	5.0	81.0	0	12.0	340.0	5.0	6.21		FEW	M	M	2500.0								11.0	160.0	6.0	4.35		FEW	BKN	M	2000.0	5000.0						
466436	2018-03-31 00:00:00	453.0	CSTTG	319	AIRBUS A319-111	NB	ORY	2018-03-31 08:20:00	2018-03-31 08:23:00	2018-03-31 08:33:00	OPO	2018-03-31 10:22:00	2018-03-31 10:29:00	2018-03-31 10:25:00	J	TP	2018-03-31 09:08:12	3.0	19.0	B	7.0	190.0	6.0	6.21		FEW	BKN	M	1500.0	6300.0							12.0	240.0	5.0	6.21		SCT	M	M	2800.0							
466437	2018-03-31 00:00:00	1005.0	CSTPO	E90	EMBRAER 190	PGA	MAD	2018-03-31 08:20:00	2018-03-31 08:14:00	2018-03-31 08:29:00	OPO	2018-03-31 09:19:00	2018-03-31 09:28:00	2018-03-31 09:30:00	J	NI					7.0	260.0	9.0	6.21	19.0	FEW	M	M	4200.0								12.0		2.0	6.21		FEW	M	M	2800.0							
466438	2018-03-31 00:00:00	1553.0	CSTQD	320	AIRBUS A320-211	NB	LIS	2018-03-31 08:20:00	2018-03-31 09:10:00	2018-03-31 09:23:00	VXE	2018-03-31 13:10:00	2018-03-31 13:12:00	2018-03-31 12:40:00	J	TP	2018-03-31 09:23:59	50.0	41.0	A	12.0	300.0	5.0	6.21		FEW	M	M	2500.0								25.0	50.0	17.0	5.59		FEW	M	M	2000.0							
466439	2018-03-31 00:00:00	1041.0	FHBIS	320	AIRBUS A320-211	NB	BCN	2018-03-31 08:25:00	2018-03-31 08:32:00	2018-03-31 08:42:00	LIS	2018-03-31 10:21:00	2018-03-31 10:24:00	2018-03-31 10:20:00	J	TP	2018-04-01 07:59:59	2.0	89.0	0	13.0	300.0	18.0	6.21		FEW	M	M	2500.0								14.0	300.0	5.0	6.21		SCT	M	M	3000.0							
466440	2018-03-31 00:00:00	1454.0	CSTPR	E90	EMBRAER 190	PGA	LIS	2018-03-31 08:25:00	2018-03-31 08:59:00	2018-03-31 09:13:00	RAK	2018-03-31 10:21:00	2018-03-31 10:24:00	2018-03-31 10:00:00	J	NI	2018-03-31 09:20:59	34.0	93.0	L	12.0	300.0	5.0	6.21		FEW	M	M	2500.0								16.0	50.0	8.0	6.21		M	M	M								
466441	2018-03-31 00:00:00	1567.0	CSTJH	321	AIRBUS A321-211	NB	LIS	2018-03-31 08:30:00	2018-03-31 08:29:00	2018-03-31 08:39:00	BVC	2018-03-31 12:22:00	2018-03-31 12:26:00	2018-03-31 12:40:00	J	TP					12.0	340.0	5.0	6.21		FEW	M	M	2500.0								23.0	10.0	13.0	6.21		FEW	M	M	1500.0							
466442	2018-03-31 00:00:00	1907.0	CSTTH	319	AIRBUS A319-111	NB	LIS	2018-03-31 08:30:00	2018-03-31 08:42:00	2018-03-31 08:52:00	FAO	2018-03-31 09:20:00	2018-03-31 09:24:00	2018-03-31 09:15:00	J	TP	2018-03-31 11:57:59	7.0	15.0	D	12.0	340.0	5.0	6.21		FEW	M	M	2500.0								14.0	320.0	5.0	6.21		M	M	M								
466443	2018-03-31 00:00:00	1927.0	CSDJG	AT7	ATR 72	WI	OPO	2018-03-31 08:30:00	2018-03-31 08:56:00	2018-03-31 09:03:00	LIS	2018-03-31 09:44:00	2018-03-31 09:47:00	2018-03-31 09:30:00	J	WI	2018-03-31 09:14:06	11.0	95.0	0	11.0		2.0	6.21		FEW	M	M	2800.0								13.0	280.0	4.0	6.21		SCT	M	M	2800.0							
466444	2018-03-31 00:00:00	1262.0	CSTNL	320	AIRBUS A320-211	NB	LIS	2018-03-31 08:35:00	2018-03-31 08:35:00	2018-03-31 08:54:00	WAW	2018-03-31 12:24:00	2018-03-31 12:30:00	2018-03-31 12:25:00	J	TP					12.0	340.0	5.0	6.21		FEW	M	M	2500.0								10.0	100.0	12.0	4.35		BKN	M	M	2400.0							
466445	2018-03-31 00:00:00	437.0	CSTJE	321	AIRBUS A321-211	NB	ORY	2018-03-31 08:45:00	2018-03-31 09:00:00	2018-03-31 09:09:00	LIS	2018-03-31 11:08:00	2018-03-31 11:12:00	2018-03-31 11:15:00	J	TP	2018-03-31 10:00:11	6.0	15.0	D	8.0	250.0	6.0	6.21		FEW	BKN	M	1600.0	5600.0							14.0	290.0	5.0	6.21		SCT	M	M	3500.0							
466446	2018-03-31 00:00:00	1107.0	CSDJC	AT7	ATR 72	WI	SVQ	2018-03-31 08:45:00	2018-03-31 08:45:00	2018-03-31 08:55:00	LIS	2018-03-31 10:12:00	2018-03-31 10:17:00	2018-03-31 09:55:00	J	WI					11.0	310.0	5.0	6.21		M	M	M									14.0	300.0	5.0	6.21		SCT	M	M	3000.0							
466447	2018-03-31 00:00:00	1529.0	CSTNH	320	AIRBUS A320-211	NB	LIS	2018-03-31 08:45:00	2018-03-31 08:44:00	2018-03-31 08:57:00	ACC	2018-03-31 14:13:00	2018-03-31 14:17:00	2018-03-31 14:25:00	J	TP					12.0	340.0	5.0	6.21		FEW	M	M	2500.0								32.0	200.0	8.0	6.21		M	M	M								
466448	2018-03-31 00:00:00	819.0	CSTTE	319	AIRBUS A319-111	NB	MXP	2018-03-31 08:50:00	2018-03-31 08:44:00	2018-03-31 08:55:00	OPO	2018-03-31 11:06:00	2018-03-31 11:13:00	2018-03-31 11:35:00	J	TP					13.0	120.0	6.0	6.21		BKN	M	M	5000.0								12.0	240.0	6.0	6.21		SCT	M	M	2800.0							
466449	2018-03-31 00:00:00	938.0	CSTTA	319	AIRBUS A319-111	NB	OPO	2018-03-31 08:50:00	2018-03-31 08:44:00	2018-03-31 08:51:00	GVA	2018-03-31 10:45:00	2018-03-31 10:49:00	2018-03-31 10:55:00	J	TP					11.0		4.0	6.21		SCT	M	M	2800.0								8.0		2.0	6.21		FEW	SCT	M	1500.0	2500.0						
466450	2018-03-31 00:00:00	440.0	CSTNI	320	AIRBUS A320-211	NB	LIS	2018-03-31 08:55:00	2018-03-31 08:51:00	2018-03-31 08:59:00	ORY	2018-03-31 11:06:00	2018-03-31 11:13:00	2018-03-31 11:20:00	J	TP					12.0	300.0	5.0	6.21		FEW	M	M	2500.0								7.0	210.0	9.0	6.21		FEW	SCT	BKN	1600.0	2000.0	3000.0					
466451	2018-03-31 00:00:00	103.0	CSTOX	333	AIRBUS A330-300	WB	LIS	2018-03-31 09:00:00	2018-03-31 09:20:00	2018-03-31 09:32:00	CNF	2018-03-31 18:26:00	2018-03-31 18:31:00	2018-03-31 18:30:00	J	TP	2018-03-31 09:33:59	20.0	85.0	C	13.0	340.0	6.0	6.21		SCT	M	M	2500.0								27.0	60.0	6.0	6.21		BKN	M	M	4500.0							
466452	2018-03-31 00:00:00	1085.0	CSDJH	AT7	ATR 72	WI	LCG	2018-03-31 09:00:00	2018-03-31 09:00:00	2018-03-31 09:06:00	LIS	2018-03-31 10:17:00	2018-03-31 10:22:00	2018-03-31 10:40:00	J	WI					9.0	270.0	4.0	6.21		BKN	M	M	3800.0								14.0	300.0	5.0	6.21		SCT	M	M	3000.0							
466453	2018-03-31 00:00:00	1674.0	CSTJG	321	AIRBUS A321-211	NB	FNC	2018-03-31 09:00:00	2018-03-31 09:05:00	2018-03-31 09:12:00	LIS	2018-03-31 10:32:00	2018-03-31 10:36:00	2018-03-31 10:35:00	J	TP	2018-04-10 11:37:59	1.0	89.0	0	18.0		2.0	6.21		SCT	M	M	1600.0								14.0	300.0	5.0	6.21		SCT	M	M	3000.0							
466454	2018-03-31 00:00:00	1944.0	CSDJE	AT7	ATR 72	WI	LIS	2018-03-31 09:00:00	2018-03-31 08:59:00	2018-03-31 09:17:00	OPO	2018-03-31 10:02:00	2018-03-31 10:05:00	2018-03-31 10:00:00	J	WI					12.0	300.0	5.0	6.21		FEW	M	M	2500.0								13.0		3.0	6.21		SCT	M	M	2900.0							
466455	2018-03-31 00:00:00	349.0	CSTPS	E90	EMBRAER 190	PGA	LCY	2018-03-31 09:10:00	2018-03-31 09:23:00	2018-03-31 09:34:00	LIS	2018-03-31 11:46:00	2018-03-31 11:51:00	2018-03-31 11:45:00	J	NI	2018-03-31 09:58:21	3.0	89.0	0	7.0		8.0	6.21		BKN	OVC	M	1600.0	2100.0							15.0	320.0	5.0	6.21		SCT	M	M	4000.0							
466456	2018-03-31 00:00:00	923.0	CSTPW	E90	EMBRAER 190	PGA	ZRH	2018-03-31 09:15:00	2018-03-31 09:17:00	2018-03-31 09:28:00	OPO	2018-03-31 11:45:00	2018-03-31 11:51:00	2018-03-31 11:50:00	J	NI	2018-03-31 09:32:18	2.0	89.0	0	4.0	0.0	0.0	6.21		FEW	BKN	M	500.0	1000.0							13.0	230.0	6.0	6.21		SCT	M	M	2900.0							
466457	2018-03-31 00:00:00	1133.0	CSDJB	AT7	ATR 72	WI	AGP	2018-03-31 09:20:00	2018-03-31 09:40:00	2018-03-31 09:56:00	LIS	2018-03-31 11:22:00	2018-03-31 11:26:00	2018-03-31 11:00:00	J	WI	2018-03-31 09:57:19	3.0	87.0	0	14.0	290.0	16.0	6.21	26.0	FEW	M	M	4000.0								15.0		5.0	6.21		FEW	M	M	3500.0							
466458	2018-03-31 00:00:00	491.0	CSTPT	E90	EMBRAER 190	PGA	TLS	2018-03-31 09:25:00	2018-03-31 09:29:00	2018-03-31 09:37:00	LIS	2018-03-31 11:18:00	2018-03-31 11:24:00	2018-03-31 11:25:00	J	NI	2018-04-01 08:00:59	4.0	86.0	0	6.0	270.0	18.0	6.21		SCT	BKN	OVC	1500.0	2300.0	3100.0						15.0		5.0	6.21		FEW	M	M	3500.0							
466459	2018-03-31 00:00:00	647.0	CSTNS	320	AIRBUS A320-211	NB	BRU	2018-03-31 09:30:00	2018-03-31 10:08:00	2018-03-31 10:19:00	LIS	2018-03-31 12:37:00	2018-03-31 12:41:00	2018-03-31 12:20:00	J	TP	2018-03-31 10:31:16	7.0	14.0	A	10.0	220.0	5.0	6.21		FEW	M	M	2500.0								16.0	300.0	4.0	6.21		FEW	M	M	4000.0							
466460	2018-03-31 00:00:00	1931.0	CSDJF	AT7	ATR 72	WI	OPO	2018-03-31 09:30:00	2018-03-31 09:34:00	2018-03-31 09:41:00	LIS	2018-03-31 10:25:00	2018-03-31 10:29:00	2018-03-31 10:30:00	J	WI	2018-03-31 09:43:16	4.0	93.0	R	12.0		2.0	6.21		FEW	M	M	2800.0								14.0	300.0	5.0	6.21		SCT	M	M	3000.0							
466461	2018-03-31 00:00:00	223.0	CSTOG	332	AIRBUS A330-200	WB	LIS	2018-03-31 09:35:00	2018-03-31 09:44:00	2018-03-31 09:59:00	MIA	2018-03-31 18:50:00	2018-03-31 18:55:00	2018-03-31 18:30:00	J	TP	2018-03-31 10:06:59	9.0	67.0	0	13.0	340.0	6.0	6.21		SCT	M	M	2500.0									110.0	10.0	10.0		SCT	M	M	4200.0							
466462	2018-03-31 00:00:00	339.0	CSTPV	E90	EMBRAER 190	PGA	LGW	2018-03-31 09:35:00	2018-03-31 09:50:00	2018-03-31 10:06:00	LIS	2018-03-31 12:11:00	2018-03-31 12:15:00	2018-03-31 12:15:00	J	NI	2018-03-31 10:44:19	2.0	89.0	0	6.0	230.0	8.0	6.21		BKN	M	M	1400.0								15.0	320.0	5.0	6.21		SCT	M	M	4000.0							
466463	2018-03-31 00:00:00	1116.0	CSTTD	319	AIRBUS A319-111	NB	LIS	2018-03-31 09:40:00	2018-03-31 09:59:00	2018-03-31 10:18:00	LPA	2018-03-31 12:13:00	2018-03-31 12:16:00	2018-03-31 12:00:00	J	TP	2018-03-31 10:30:59	19.0	83.0	0	13.0	280.0	4.0	6.21		SCT	M	M	2800.0								20.0	20.0	18.0	6.21		FEW	M	M	2500.0							
466464	2018-03-31 00:00:00	1671.0	CSTTK	319	AIRBUS A319-111	NB	LIS	2018-03-31 09:40:00	2018-03-31 09:36:00	2018-03-31 09:51:00	FNC	2018-03-31 11:16:00	2018-03-31 11:18:00	2018-03-31 11:25:00	J	TP					13.0	340.0	6.0	6.21		SCT	M	M	2500.0								18.0		4.0	6.21		FEW	M	M	1600.0							
466465	2018-03-31 00:00:00	323.0	CSTTZ	E95	EMBRAER 195	PGA	MAN	2018-03-31 09:45:00	2018-03-31 10:24:00	2018-03-31 10:42:00	LIS	2018-03-31 12:55:00	2018-03-31 12:59:00	2018-03-31 12:40:00	J	NI	2018-03-31 11:11:21	7.0	36.0	A	6.0	20.0	14.0	6.21		OVC	M	M	1600.0								16.0	220.0	5.0	6.21		FEW	M	M	4000.0							
466466	2018-03-31 00:00:00	117.0	CSTOQ	332	AIRBUS A330-200	WB	LIS	2018-03-31 09:55:00	2018-03-31 10:05:00	2018-03-31 10:26:00	POA	2018-03-31 21:14:00	2018-03-31 21:22:00	2018-03-31 21:15:00	J	TP	2018-04-04 15:15:59	10.0	89.0	0	13.0	280.0	4.0	6.21		SCT	M	M	2800.0								22.0	120.0	4.0	2.49		BKN	OVC	M	1000.0	7000.0						
466467	2018-03-31 00:00:00	217.0	CSTOL	332	AIRBUS A330-200	WB	LIS	2018-03-31 09:55:00	2018-03-31 09:58:00	2018-03-31 10:13:00	BOS	2018-03-31 17:35:00	2018-03-31 17:43:00	2018-03-31 17:20:00	J	TP	2018-03-31 10:14:59	3.0	89.0	0	13.0	280.0	4.0	6.21		SCT	M	M	2800.0											10.0		M	M	M								
466468	2018-03-31 00:00:00	413.0	CSTTX	E95	EMBRAER 195	PGA	NTE	2018-03-31 09:55:00	2018-03-31 09:55:00	2018-03-31 10:08:00	LIS	2018-03-31 11:42:00	2018-03-31 11:46:00	2018-03-31 11:55:00	J	NI					10.0	290.0	10.0	6.21		BKN	BKN	M	2800.0	3800.0							15.0	320.0	5.0	6.21		SCT	M	M	4000.0							
466469	2018-03-31 00:00:00	471.0	CSTPP	E90	EMBRAER 190	PGA	LYS	2018-03-31 09:55:00	2018-03-31 09:55:00	2018-03-31 10:05:00	LIS	2018-03-31 12:16:00	2018-03-31 12:21:00	2018-03-31 12:25:00	J	NI					10.0		2.0	6.21		FEW	BKN	M	1600.0	2000.0							16.0	300.0	4.0	6.21		FEW	M	M	4000.0							
466470	2018-03-31 00:00:00	1038.0	CSTNW	320	AIRBUS A320-211	NB	LIS	2018-03-31 09:55:00	2018-03-31 09:57:00	2018-03-31 10:10:00	BCN	2018-03-31 11:35:00	2018-03-31 11:41:00	2018-03-31 11:45:00	J	TP	2018-03-31 10:21:59	2.0	37.0	A	13.0	280.0	4.0	6.21		SCT	M	M	2800.0								15.0	290.0	20.0	6.21		FEW	M	M	5000.0							
466471	2018-03-31 00:00:00	403.0	CSTPU	E90	EMBRAER 190	PGA	MRS	2018-03-31 10:00:00	2018-03-31 09:58:00	2018-03-31 10:09:00	LIS	2018-03-31 12:13:00	2018-03-31 12:19:00	2018-03-31 12:20:00	J	NI					15.0	250.0	6.0	6.21		M	M	M									16.0	300.0	4.0	6.21		FEW	M	M	4000.0							
466472	2018-03-31 00:00:00	1097.0	CSDJA	AT7	ATR 72	WI	VLC	2018-03-31 10:00:00	2018-03-31 10:00:00	2018-03-31 10:07:00	LIS	2018-03-31 12:05:00	2018-03-31 12:16:00	2018-03-31 12:20:00	J	WI					15.0	280.0	27.0	6.21	39.0	FEW	M	M	4000.0								16.0	300.0	4.0	6.21		FEW	M	M	4000.0							
466473	2018-03-31 00:00:00	1867.0	CSTNR	320	AIRBUS A320-211	NB	LIS	2018-03-31 10:00:00	2018-03-31 10:05:00	2018-03-31 10:29:00	PDL	2018-03-31 12:46:00	2018-03-31 12:49:00	2018-03-31 12:25:00	J	TP	2018-03-31 10:33:59	5.0	89.0	0	13.0	280.0	4.0	6.21		SCT	M	M	2800.0								14.0	260.0	12.0	6.21		FEW	SCT	BKN	600.0	1400.0	3000.0					
466474	2018-03-31 00:00:00	1902.0	CSTTH	319	AIRBUS A319-111	NB	FAO	2018-03-31 10:00:00	2018-03-31 10:00:00	2018-03-31 10:10:00	LIS	2018-03-31 10:56:00	2018-03-31 10:59:00	2018-03-31 10:50:00	J	TP					14.0	220.0	5.0	6.21		FEW	M	M	2800.0								14.0	290.0	5.0	6.21		SCT	M	M	3500.0							
466475	2018-03-31 00:00:00	1934.0	CSDJG	AT7	ATR 72	WI	LIS	2018-03-31 10:00:00	2018-03-31 10:22:00	2018-03-31 10:36:00	OPO	2018-03-31 11:21:00	2018-03-31 11:26:00	2018-03-31 11:00:00	J	WI	2018-03-31 10:40:59	5.0	89.0	0	14.0	300.0	5.0	6.21		SCT	M	M	3000.0								14.0	250.0	7.0	6.21		SCT	M	M	2800.0							
466476	2018-03-31 00:00:00	648.0	CSTTR	319	AIRBUS A319-111	NB	LIS	2018-03-31 10:05:00	2018-03-31 10:08:00	2018-03-31 10:23:00	BRU	2018-03-31 12:40:00	2018-03-31 12:46:00	2018-03-31 12:45:00	J	TP	2018-03-31 10:25:59	3.0	89.0	0	13.0	280.0	4.0	6.21		SCT	M	M	2800.0								12.0	200.0	8.0	6.21		FEW	M	M	3000.0							
466477	2018-03-31 00:00:00	3406.0	CSTPO	E90	EMBRAER 190	PGA	OPO	2018-03-31 10:05:00	2018-03-31 10:33:00	2018-03-31 10:42:00	LUX	2018-03-31 12:45:00	2018-03-31 12:52:00	2018-03-31 12:25:00	G	NI	2018-03-31 10:56:22	28.0	81.0	0	12.0	240.0	5.0	6.21		SCT	M	M	2800.0								9.0		4.0	6.21		FEW	SCT	M	2200.0	6000.0						
466478	2018-03-31 00:00:00	1019.0	CSTTS	319	AIRBUS A319-111	NB	MAD	2018-03-31 10:10:00	2018-03-31 10:18:00	2018-03-31 10:35:00	LIS	2018-03-31 11:32:00	2018-03-31 11:35:00	2018-03-31 11:30:00	J	TP	2018-04-04 12:49:59	2.0	89.0	0	10.0	270.0	11.0	6.21		SCT	M	M	4500.0								15.0		5.0	6.21		FEW	M	M	3500.0							
466479	2018-03-31 00:00:00	89.0	CSTOA	343	AIRBUS A340-312	WB	LIS	2018-03-31 10:15:00	2018-03-31 10:24:00	2018-03-31 10:41:00	GRU	2018-03-31 20:05:00	2018-03-31 20:11:00	2018-03-31 20:30:00	J	TP	2018-03-31 10:46:59	9.0	89.0	0	14.0	300.0	5.0	6.21		SCT	M	M	3000.0								24.0	20.0	5.0	6.21		FEW	BKN	M	3000.0	10000.0						
466480	2018-03-31 00:00:00	433.0	CSTNP	320	AIRBUS A320-211	NB	ORY	2018-03-31 10:15:00	2018-03-31 11:14:00	2018-03-31 11:23:00	LIS	2018-03-31 13:31:00	2018-03-31 13:35:00	2018-03-31 12:45:00	J	TP	2018-03-31 12:06:35	8.0	19.0	A	7.0	210.0	9.0	6.21		FEW	SCT	BKN	1600.0	2000.0	3000.0						16.0	220.0	10.0	6.21		FEW	M	M	4000.0							
466481	2018-03-31 00:00:00	827.0	CSTTB	319	AIRBUS A319-111	NB	MXP	2018-03-31 10:15:00	2018-03-31 10:38:00	2018-03-31 10:57:00	LIS	2018-03-31 13:28:00	2018-03-31 13:31:00	2018-03-31 13:05:00	J	TP	2018-03-31 11:10:16	22.0	81.0	0	11.0	200.0	10.0	6.21		SCT	BKN	M	3000.0	5000.0							16.0	220.0	10.0	6.21		FEW	M	M	4000.0							
466482	2018-03-31 00:00:00	363.0	CSTTC	319	AIRBUS A319-111	NB	LHR	2018-03-31 10:20:00	2018-03-31 10:27:00	2018-03-31 10:57:00	LIS	2018-03-31 13:03:00	2018-03-31 13:07:00	2018-03-31 13:05:00	J	TP	2018-03-31 11:09:29	7.0	81.0	0	5.0	230.0	5.0	2.49		SCT	BKN	OVC	400.0	500.0	1700.0						16.0	220.0	5.0	6.21		FEW	M	M	4000.0							
466483	2018-03-31 00:00:00	757.0	CSTMW	320	AIRBUS A320-211	NB	CPH	2018-03-31 10:20:00	2018-03-31 10:39:00	2018-03-31 10:54:00	LIS	2018-03-31 14:13:00	2018-03-31 14:17:00	2018-03-31 14:10:00	J	TP	2018-03-31 11:56:03	9.0	65.0	0	2.0	80.0	11.0	6.21		OVC	M	M	2000.0								15.0	230.0	11.0	6.21		FEW	M	M	4400.0							
466484	2018-03-31 00:00:00	872.0	CSTTQ	319	AIRBUS A319-111	NB	LIS	2018-03-31 10:20:00	2018-03-31 10:33:00	2018-03-31 10:48:00	BLQ	2018-03-31 12:59:00	2018-03-31 13:02:00	2018-03-31 13:00:00	J	TP	2018-03-31 10:49:59	13.0	81.0	0	14.0	300.0	5.0	6.21		SCT	M	M	3000.0								15.0	10.0	7.0	6.21		FEW	SCT	M	2500.0	6000.0						
466485	2018-03-31 00:00:00	81.0	CSTOP	332	AIRBUS A330-200	WB	OPO	2018-03-31 10:30:00	2018-03-31 10:33:00	2018-03-31 10:45:00	GRU	2018-03-31 20:36:00	2018-03-31 20:43:00	2018-03-31 21:10:00	J	TP	2018-03-31 10:50:13	3.0	89.0	0	12.0	240.0	5.0	6.21		SCT	M	M	2800.0								23.0	80.0	4.0	6.21		FEW	FEW	M	3000.0	4000.0						
466486	2018-03-31 00:00:00	1935.0	CSDJE	AT7	ATR 72	WI	OPO	2018-03-31 10:30:00	2018-03-31 10:33:00	2018-03-31 10:40:00	LIS	2018-03-31 11:25:00	2018-03-31 11:30:00	2018-03-31 11:30:00	J	WI	2018-03-31 10:43:15	3.0	93.0	R	12.0	240.0	5.0	6.21		SCT	M	M	2800.0								15.0		5.0	6.21		FEW	M	M	3500.0							
466487	2018-03-31 00:00:00	686.0	FHBAL	319	AIRBUS A319-111	NB	OPO	2018-03-31 10:35:00	2018-03-31 10:53:00	2018-03-31 11:02:00	LUX	2018-03-31 13:11:00	2018-03-31 13:16:00	2018-03-31 12:55:00	J	TP	2018-03-31 11:11:21	13.0	81.0	0	12.0	240.0	6.0	6.21		SCT	M	M	2800.0								10.0	210.0	6.0	6.21		FEW	SCT	M	2500.0	5000.0						
466488	2018-03-31 00:00:00	951.0	CSTNU	320	AIRBUS A320-211	NB	GVA	2018-03-31 10:35:00	2018-03-31 10:53:00	2018-03-31 11:09:00	LIS	2018-03-31 13:18:00	2018-03-31 13:21:00	2018-03-31 13:10:00	J	TP	2018-03-31 11:11:23	4.0	81.0	0	8.0		2.0	6.21		FEW	SCT	M	1500.0	2500.0							16.0	220.0	10.0	6.21		FEW	M	M	4000.0							
466489	2018-03-31 00:00:00	1122.0	CSDJC	AT7	ATR 72	WI	LIS	2018-03-31 10:35:00	2018-03-31 10:56:00		LIS		2018-03-31 11:04:00	2018-03-31 12:50:00	J	WI	2018-04-10 11:27:59	49.0	41.0	A	14.0	290.0	5.0	6.21		SCT	M	M	3500.0								14.0	290.0	5.0	6.21		SCT	M	M	3500.0							
466490	2018-03-31 00:00:00	1035.0	CSTTW	E95	EMBRAER 195	PGA	BCN	2018-03-31 10:40:00	2018-03-31 10:39:00	2018-03-31 10:55:00	LIS	2018-03-31 12:30:00	2018-03-31 12:34:00	2018-03-31 12:40:00	J	NI					13.0	300.0	14.0	6.21	25.0	FEW	BKN	M	5000.0	5500.0							16.0	300.0	4.0	6.21		FEW	M	M	4000.0							
466491	2018-03-31 00:00:00	761.0	CSTNN	320	AIRBUS A320-211	NB	OSL	2018-03-31 10:45:00	2018-03-31 11:06:00	2018-03-31 11:17:00	LIS	2018-03-31 14:57:00	2018-03-31 15:04:00	2018-03-31 14:50:00	J	TP	2018-04-09 16:37:59	1.0	93.0	Q	2.0	160.0	4.0	6.21		M	M	M									16.0	230.0	9.0	6.21		FEW	M	M	4000.0							
466492	2018-03-31 00:00:00	1453.0	CSTPR	E90	EMBRAER 190	PGA	RAK	2018-03-31 10:45:00	2018-03-31 10:59:00	2018-03-31 11:09:00	LIS	2018-03-31 12:27:00	2018-03-31 12:33:00	2018-03-31 12:20:00	J	NI	2018-03-31 11:29:33	14.0	93.0	0	17.0	50.0	7.0	6.21		M	M	M									16.0	300.0	4.0	6.21		FEW	M	M	4000.0							
466493	2018-03-31 00:00:00	331.0	CSTTP	319	AIRBUS A319-111	NB	LGW	2018-03-31 10:50:00	2018-03-31 11:10:00	2018-03-31 11:30:00	OPO	2018-03-31 13:19:00	2018-03-31 13:23:00	2018-03-31 13:10:00	J	TP	2018-04-09 16:24:59	1.0	93.0	Q	6.0	240.0	5.0	6.21		BKN	M	M	1500.0								13.0	220.0	7.0	6.21		SCT	M	M	2700.0							
466494	2018-03-31 00:00:00	483.0	CSTPQ	E90	EMBRAER 190	PGA	NCE	2018-03-31 10:55:00	2018-03-31 11:01:00	2018-03-31 11:12:00	LIS	2018-03-31 13:37:00	2018-03-31 13:42:00	2018-03-31 13:35:00	J	NI	2018-04-01 08:01:59	6.0	93.0	0	13.0	150.0	6.0	6.21		SCT	FEW	SCT	6000.0	6600.0	21000.0						16.0	220.0	10.0	6.21		FEW	M	M	4000.0							
466495	2018-03-31 00:00:00	693.0	ECISY	752	BOEING 757-200		LUX	2018-03-31 11:00:00	2018-03-31 12:29:00	2018-03-31 12:37:00	LIS	2018-03-31 15:01:00	2018-03-31 15:05:00	2018-03-31 13:50:00	J	TP	2018-04-01 08:02:59	47.0	93.0	0	9.0	150.0	5.0	6.21		FEW	M	M	1200.0								16.0	230.0	9.0	6.21		FEW	M	M	4000.0							
466496	2018-03-31 00:00:00	1901.0	CSTNM	320	AIRBUS A320-211	NB	LIS	2018-03-31 11:00:00	2018-03-31 11:01:00	2018-03-31 11:16:00	FAO	2018-03-31 11:40:00	2018-03-31 11:43:00	2018-03-31 11:45:00	J	TP	2018-03-31 13:13:59	1.0	19.0	A	14.0	290.0	5.0	6.21		SCT	M	M	3500.0								15.0	220.0	10.0	6.21		FEW	M	M	3400.0							
466497	2018-03-31 00:00:00	1936.0	CSDJF	AT7	ATR 72	WI	LIS	2018-03-31 11:00:00	2018-03-31 10:58:00	2018-03-31 11:14:00	OPO	2018-03-31 12:00:00	2018-03-31 12:03:00	2018-03-31 12:00:00	J	WI					14.0	290.0	5.0	6.21		SCT	M	M	3500.0								13.0	230.0	6.0	6.21		SCT	M	M	2900.0							
466498	2018-03-31 00:00:00	541.0	CSTTY	E95	EMBRAER 195	PGA	DUS	2018-03-31 11:05:00	2018-03-31 11:09:00	2018-03-31 11:22:00	LIS	2018-03-31 13:54:00	2018-03-31 14:01:00	2018-03-31 14:10:00	J	NI	2018-03-31 11:29:32	4.0	81.0	0	12.0		3.0	6.21		FEW	SCT	M	4000.0	28000.0							16.0	220.0	10.0	6.21		FEW	M	M	4000.0							
466499	2018-03-31 00:00:00	658.0	CSTTG	319	AIRBUS A319-111	NB	OPO	2018-03-31 11:15:00	2018-03-31 11:21:00	2018-03-31 11:29:00	AMS	2018-03-31 13:39:00	2018-03-31 13:47:00	2018-03-31 14:00:00	J	TP	2018-03-31 11:31:24	6.0	89.0	0	14.0	250.0	7.0	6.21		SCT	M	M	2800.0								11.0	170.0	5.0	6.21		FEW	SCT	M	3200.0	4800.0						
466500	2018-03-31 00:00:00	561.0	CSTTI	319	AIRBUS A319-111	NB	HAM	2018-03-31 11:20:00	2018-03-31 11:44:00	2018-03-31 11:53:00	LIS	2018-03-31 14:52:00	2018-03-31 14:56:00	2018-03-31 14:50:00	J	TP	2018-03-31 12:00:25	20.0	81.0	0	3.0	50.0	7.0	6.21		FEW	BKN	M	1200.0	3700.0							16.0	230.0	9.0	6.21		FEW	M	M	4000.0							
466501	2018-03-31 00:00:00	1102.0	CSDJD	AT7	ATR 72	WI	LIS	2018-03-31 11:20:00	2018-03-31 11:20:00	2018-03-31 11:29:00	SVQ	2018-03-31 12:18:00	2018-03-31 12:21:00	2018-03-31 12:35:00	J	WI					15.0		5.0	6.21		FEW	M	M	3500.0								17.0	320.0	3.0	6.21		SCT	M	M	4500.0							
466502	2018-03-31 00:00:00	1271.0	CSTOU	333	AIRBUS A330-300	WB	VIE	2018-03-31 11:20:00	2018-03-31 11:45:00	2018-03-31 11:58:00	LIS	2018-03-31 15:04:00	2018-03-31 15:10:00	2018-03-31 14:55:00	J	TP	2018-03-31 12:02:31	15.0	89.0	0	15.0	180.0	18.0	6.21		FEW	SCT	BKN	4000.0	9000.0	28000.0						16.0	230.0	9.0	6.21		FEW	M	M	4000.0							
466503	2018-03-31 00:00:00	2615.0	CSTKR	763	BOEING 767-300/300ER		LIS	2018-03-31 11:20:00	2018-03-31 13:50:00	2018-03-31 14:13:00	CCS	2018-03-31 22:35:00	2018-03-31 22:46:00	2018-03-31 19:45:00	J	YU	2018-03-31 14:26:59	25.0	89.0	0	16.0	220.0	10.0	6.21		FEW	M	M	4000.0								26.0	70.0	3.0	6.21		FEW	SCT	M	1600.0	10000.0						
466504	2018-03-31 00:00:00	573.0	CSTTF	319	AIRBUS A319-111	NB	FRA	2018-03-31 11:25:00	2018-03-31 11:43:00	2018-03-31 11:55:00	LIS	2018-03-31 14:34:00	2018-03-31 14:39:00	2018-03-31 14:35:00	J	TP	2018-04-20 14:59:59	16.0	15.0	D	14.0		9.0	6.21	22.0	FEW	BKN	M	4700.0	30000.0							15.0	230.0	11.0	6.21		FEW	M	M	4400.0							
466505	2018-03-31 00:00:00	836.0	CSTJG	321	AIRBUS A321-211	NB	LIS	2018-03-31 11:25:00	2018-03-31 11:35:00	2018-03-31 11:43:00	FCO	2018-03-31 14:02:00	2018-03-31 14:10:00	2018-03-31 14:15:00	J	TP	2018-03-31 11:44:59	5.0	89.0	0	15.0		5.0	6.21		FEW	M	M	3500.0								17.0	210.0	14.0	6.21		SCT	SCT	M	2000.0	3000.0						
466506	2018-03-31 00:00:00	442.0	CSTNQ	320	AIRBUS A320-211	NB	LIS	2018-03-31 11:30:00	2018-03-31 11:41:00	2018-03-31 11:51:00	ORY	2018-03-31 14:00:00	2018-03-31 14:08:00	2018-03-31 13:55:00	J	TP	2018-03-31 13:21:59	11.0	15.0	A	15.0		5.0	6.21		FEW	M	M	3500.0								10.0	260.0	10.0	6.21		FEW	BKN	M	3000.0	4300.0						
466507	2018-03-31 00:00:00	1937.0	CSDJG	AT7	ATR 72	WI	OPO	2018-03-31 11:30:00	2018-03-31 11:55:00	2018-03-31 12:00:00	LIS	2018-03-31 12:44:00	2018-03-31 12:48:00	2018-03-31 12:30:00	J	WI	2018-03-31 12:15:31	25.0	93.0	R	13.0	230.0	6.0	6.21		SCT	M	M	2900.0								16.0	220.0	5.0	6.21		FEW	M	M	4000.0							
466508	2018-03-31 00:00:00	557.0	CSTNK	320	AIRBUS A320-211	NB	MUC	2018-03-31 11:35:00	2018-03-31 11:35:00	2018-03-31 11:50:00	LIS	2018-03-31 14:41:00	2018-03-31 14:45:00	2018-03-31 14:50:00	J	TP					7.0	270.0	6.0	6.21		SCT	BKN	M	1300.0	2000.0							15.0	230.0	11.0	6.21		FEW	M	M	4400.0							
466509	2018-03-31 00:00:00	826.0	CSTTH	319	AIRBUS A319-111	NB	LIS	2018-03-31 11:35:00	2018-03-31 11:39:00	2018-03-31 11:48:00	MXP	2018-03-31 14:06:00	2018-03-31 14:11:00	2018-03-31 14:10:00	J	TP	2018-03-31 11:57:59	4.0	93.0	Q	15.0		5.0	6.21		FEW	M	M	3500.0								8.0	350.0	11.0	4.35		BKN	M	M	2000.0							
466510	2018-03-31 00:00:00	839.0	CSTOH	332	AIRBUS A330-200	WB	FCO	2018-03-31 11:35:00	2018-03-31 12:15:00	2018-03-31 12:36:00	LIS	2018-03-31 15:22:00	2018-03-31 15:26:00	2018-03-31 14:45:00	J	TP	2018-04-01 08:02:59	7.0	89.0	0	16.0	220.0	13.0	6.21		FEW	M	M	3000.0								15.0	220.0	12.0	6.21		FEW	M	M	3800.0							
466511	2018-03-31 00:00:00	1140.0	CSDJA	AT7	ATR 72	WI	LIS	2018-03-31 11:35:00	2018-03-31 13:09:00	2018-03-31 13:23:00	VGO	2018-03-31 14:29:00	2018-03-31 14:32:00	2018-03-31 12:55:00	J	WI	2018-04-10 11:28:59	13.0	41.0	A	16.0	220.0	5.0	6.21		FEW	M	M	4000.0								12.0	260.0	8.0	6.21		FEW	SCT	M	3500.0	4100.0						
466512	2018-03-31 00:00:00	939.0	CSTTA	319	AIRBUS A319-111	NB	GVA	2018-03-31 11:40:00	2018-03-31 11:41:00	2018-03-31 11:53:00	OPO	2018-03-31 13:54:00	2018-03-31 13:58:00	2018-03-31 13:55:00	J	TP	2018-03-31 11:55:30	1.0	89.0	0	8.0	90.0	3.0	6.21		BKN	M	M	2500.0								13.0	230.0	7.0	6.21		SCT	M	M	2700.0							
466513	2018-03-31 00:00:00	663.0	CSTTJ	319	AIRBUS A319-111	NB	AMS	2018-03-31 11:45:00	2018-03-31 12:03:00	2018-03-31 12:16:00	LIS	2018-03-31 14:47:00	2018-03-31 14:51:00	2018-03-31 14:50:00	J	TP	2018-04-20 15:23:59	18.0	89.0	0	10.0	140.0	6.0	6.21		FEW	SCT	M	3000.0	4500.0							16.0	230.0	9.0	6.21		FEW	M	M	4000.0							
466514	2018-03-31 00:00:00	201.0	CSTOW	333	AIRBUS A330-300	WB	LIS	2018-03-31 11:55:00	2018-03-31 11:58:00	2018-03-31 12:12:00	EWR	2018-03-31 20:00:00	2018-03-31 20:13:00	2018-03-31 19:50:00	J	TP	2018-03-31 12:14:59	3.0	89.0	0	15.0	320.0	5.0	6.21		SCT	M	M	4000.0											10.0		M	M	M								
466515	2018-03-31 00:00:00	342.0	CSTTU	319	AIRBUS A319-111	NB	LIS	2018-03-31 11:55:00	2018-03-31 11:51:00	2018-03-31 12:00:00	LGW	2018-03-31 14:17:00	2018-03-31 14:23:00	2018-03-31 14:35:00	J	TP					15.0	320.0	5.0	6.21		SCT	M	M	4000.0								7.0	290.0	7.0	6.21		BKN	M	M	1200.0							
466516	2018-03-31 00:00:00	863.0	CSTNG	320	AIRBUS A320-211	NB	VCE	2018-03-31 12:00:00	2018-03-31 12:05:00	2018-03-31 12:17:00	LIS	2018-03-31 15:07:00	2018-03-31 15:14:00	2018-03-31 15:10:00	J	TP	2018-03-31 12:25:32	5.0	81.0	0	11.0	160.0	10.0	3.11		SCT	BKN	M	800.0	2000.0							16.0	230.0	9.0	6.21		FEW	M	M	4000.0							
466517	2018-03-31 00:00:00	1938.0	CSDJB	AT7	ATR 72	WI	LIS	2018-03-31 12:00:00	2018-03-31 12:09:00	2018-03-31 12:22:00	OPO	2018-03-31 13:07:00	2018-03-31 13:12:00	2018-03-31 13:00:00	J	WI	2018-03-31 12:11:59	9.0	89.0	0	15.0	320.0	5.0	6.21		SCT	M	M	4000.0								13.0	220.0	7.0	6.21		SCT	M	M	2700.0							
466518	2018-03-31 00:00:00	439.0	CSTNI	320	AIRBUS A320-211	NB	ORY	2018-03-31 12:10:00	2018-03-31 12:05:00	2018-03-31 12:13:00	LIS	2018-03-31 14:22:00	2018-03-31 14:27:00	2018-03-31 14:40:00	J	TP					9.0	200.0	9.0	6.21		FEW	BKN	BKN	1600.0	1700.0	4000.0						15.0	230.0	11.0	6.21		FEW	M	M	4400.0							
466519	2018-03-31 00:00:00	466.0	CSTPT	E90	EMBRAER 190	PGA	LIS	2018-03-31 12:10:00	2018-03-31 12:11:00	2018-03-31 12:25:00	BOD	2018-03-31 13:52:00	2018-03-31 13:55:00	2018-03-31 13:55:00	J	NI	2018-03-31 12:27:59	1.0	85.0	C	15.0	320.0	5.0	6.21		SCT	M	M	4000.0								11.0	290.0	22.0	6.21	37.0	SCT	BKN	BKN	3500.0	4100.0	5000.0					
466520	2018-03-31 00:00:00	1682.0	CSTTK	319	AIRBUS A319-111	NB	FNC	2018-03-31 12:10:00	2018-03-31 12:13:00	2018-03-31 12:20:00	LIS	2018-03-31 13:41:00	2018-03-31 13:47:00	2018-03-31 13:50:00	J	TP	2018-03-31 12:50:26	3.0	89.0	0	18.0		4.0	6.21		FEW	M	M	1600.0								16.0	220.0	10.0	6.21		FEW	M	M	4000.0							
466521	2018-03-31 00:00:00	1028.0	CSTJE	321	AIRBUS A321-211	NB	LIS	2018-03-31 12:20:00	2018-03-31 12:34:00	2018-03-31 12:42:00	MAD	2018-03-31 13:30:00	2018-03-31 13:35:00	2018-03-31 13:35:00	J	TP	2018-03-31 12:49:59	14.0	16.0	C	16.0	300.0	4.0	6.21		FEW	M	M	4000.0								13.0	290.0	14.0	6.21		SCT	M	M	6500.0							
466522	2018-03-31 00:00:00	1861.0	CSTTE	319	AIRBUS A319-111	NB	OPO	2018-03-31 12:20:00	2018-03-31 12:26:00	2018-03-31 12:34:00	PDL	2018-03-31 14:59:00	2018-03-31 15:02:00	2018-03-31 14:45:00	J	TP	2018-03-31 12:36:34	6.0	89.0	0	13.0	260.0	6.0	6.21		SCT	M	M	2900.0								17.0	250.0	16.0	6.21		FEW	SCT	M	900.0	1400.0						
466523	2018-03-31 00:00:00	522.0	CSTPS	E90	EMBRAER 190	PGA	LIS	2018-03-31 12:25:00	2018-03-31 12:40:00	2018-03-31 12:52:00	STR	2018-03-31 15:19:00	2018-03-31 15:24:00	2018-03-31 15:15:00	J	NI	2018-03-31 12:54:59	9.0	81.0	0	16.0	300.0	4.0	6.21		FEW	M	M	4000.0								12.0	330.0	10.0	6.21		M	M	M								
466524	2018-03-31 00:00:00	533.0	CSTTN	319	AIRBUS A319-111	NB	TXL	2018-03-31 12:25:00	2018-03-31 12:36:00	2018-03-31 12:47:00	LIS	2018-03-31 15:57:00	2018-03-31 16:02:00	2018-03-31 16:00:00	J	TP	2018-04-04 07:39:59	11.0	81.0	0	5.0	60.0	5.0	6.21		BKN	M	M	2300.0								15.0	210.0	14.0	6.21		FEW	M	M	3800.0							
466525	2018-03-31 00:00:00	926.0	CSTOE	332	AIRBUS A330-200	WB	LIS	2018-03-31 12:30:00	2018-03-31 12:33:00	2018-03-31 12:47:00	ZRH	2018-03-31 15:14:00	2018-03-31 15:23:00	2018-03-31 15:10:00	J	TP	2018-03-31 12:49:59	3.0	89.0	0	16.0	300.0	4.0	6.21		FEW	M	M	4000.0								6.0	220.0	7.0	6.21		FEW	BKN	M	700.0	4000.0						
466526	2018-03-31 00:00:00	1039.0	CSTNW	320	AIRBUS A320-211	NB	BCN	2018-03-31 12:30:00	2018-03-31 12:43:00	2018-03-31 12:53:00	LIS	2018-03-31 14:31:00	2018-03-31 14:33:00	2018-03-31 14:25:00	J	TP	2018-03-31 13:16:30	13.0	32.0	A	16.0	310.0	22.0	6.21	35.0	FEW	M	M	5000.0								15.0	230.0	11.0	6.21		FEW	M	M	4400.0							
466527	2018-03-31 00:00:00	1906.0	CSTNM	320	AIRBUS A320-211	NB	FAO	2018-03-31 12:30:00	2018-03-31 12:17:00	2018-03-31 12:24:00	LIS	2018-03-31 12:57:00	2018-03-31 13:02:00	2018-03-31 13:15:00	J	TP					15.0	220.0	11.0	6.21		FEW	M	M	3400.0								16.0	220.0	5.0	6.21		FEW	M	M	4000.0							
466528	2018-03-31 00:00:00	1939.0	CSDJF	AT7	ATR 72	WI	OPO	2018-03-31 12:30:00	2018-03-31 12:29:00	2018-03-31 12:34:00	LIS	2018-03-31 13:15:00	2018-03-31 13:18:00	2018-03-31 13:30:00	J	WI					13.0	260.0	6.0	6.21		SCT	M	M	2900.0								16.0	220.0	10.0	6.21		FEW	M	M	4000.0							
466529	2018-03-31 00:00:00	287.0	CSTOV	333	AIRBUS A330-300	WB	LIS	2018-03-31 12:45:00	2018-03-31 12:47:00	2018-03-31 13:02:00	LAD	2018-03-31 20:19:00	2018-03-31 20:28:00	2018-03-31 20:15:00	J	TP	2018-03-31 13:05:59	2.0	85.0	C	16.0	220.0	5.0	6.21		FEW	M	M	4000.0								28.0	180.0	8.0	4.97		FEW	BKN	M	2200.0	8000.0						
466530	2018-03-31 00:00:00	402.0	CSTTX	E95	EMBRAER 195	PGA	LIS	2018-03-31 12:45:00	2018-03-31 12:43:00	2018-03-31 12:56:00	MRS	2018-03-31 14:41:00	2018-03-31 14:45:00	2018-03-31 15:00:00	J	NI					16.0	300.0	4.0	6.21		FEW	M	M	4000.0								16.0	290.0	15.0	6.21		M	M	M								
466531	2018-03-31 00:00:00	924.0	CSTPW	E90	EMBRAER 190	PGA	OPO	2018-03-31 12:45:00	2018-03-31 12:38:00	2018-03-31 12:46:00	ZRH	2018-03-31 15:02:00	2018-03-31 15:06:00	2018-03-31 15:15:00	J	NI					13.0	260.0	6.0	6.21		SCT	M	M	2900.0								6.0	220.0	7.0	6.21		FEW	BKN	M	700.0	4000.0						
466532	2018-03-31 00:00:00	1119.0	CSTTD	319	AIRBUS A319-111	NB	LPA	2018-03-31 12:45:00	2018-03-31 13:20:00	2018-03-31 13:35:00	LIS	2018-03-31 15:30:00	2018-03-31 15:32:00	2018-03-31 15:00:00	J	TP	2018-04-04 08:19:59	19.0	31.0	E	20.0	30.0	16.0	6.21		FEW	M	M	2500.0								15.0	220.0	12.0	6.21		FEW	M	M	3800.0							
466533	2018-03-31 00:00:00	783.0	CSTJF	321	AIRBUS A321-211	NB	ARN	2018-03-31 12:50:00	2018-03-31 13:50:00	2018-03-31 14:03:00	LIS	2018-03-31 18:09:00	2018-03-31 18:13:00	2018-03-31 17:15:00	J	TP	2018-04-01 08:03:59	60.0	14.0	A	4.0	210.0	4.0	6.21		M	M	M									14.0	230.0	10.0	6.21		M	M	M								
466534	2018-03-31 00:00:00	1428.0	CSDJC	AT7	ATR 72	WI	LIS	2018-03-31 13:00:00	2018-03-31 13:16:00	2018-03-31 13:28:00	FEZ	2018-03-31 14:55:00	2018-03-31 14:58:00	2018-03-31 14:55:00	J	WI	2018-03-31 13:32:59	16.0	41.0	A	16.0	220.0	10.0	6.21		FEW	M	M	4000.0								20.0	290.0	5.0	6.21		SCT	M	M	2600.0							
466535	2018-03-31 00:00:00	1300.0	CSTNJ	320	AIRBUS A320-211	NB	LIS	2018-03-31 13:05:00	2018-03-31 13:15:00	2018-03-31 13:33:00	PRG	2018-03-31 16:27:00	2018-03-31 16:30:00	2018-03-31 16:20:00	J	TP	2018-04-01 08:04:59	10.0	41.0	A	16.0	220.0	5.0	6.21		FEW	M	M	4000.0								8.0	320.0	6.0	4.35		FEW	BKN	M	1000.0	2700.0						
466536	2018-03-31 00:00:00	484.0	CSTPP	E90	EMBRAER 190	PGA	LIS	2018-03-31 13:10:00	2018-03-31 13:06:00	2018-03-31 13:15:00	NCE	2018-03-31 15:26:00	2018-03-31 15:29:00	2018-03-31 15:35:00	J	NI					16.0	220.0	5.0	6.21		FEW	M	M	4000.0								17.0	240.0	13.0	6.21		FEW	BKN	M	3300.0	21000.0						
466537	2018-03-31 00:00:00	948.0	CSTNT	320	AIRBUS A320-211	NB	LIS	2018-03-31 13:10:00	2018-03-31 13:21:00	2018-03-31 13:35:00	GVA	2018-03-31 15:41:00	2018-03-31 15:44:00	2018-03-31 15:30:00	J	TP	2018-03-31 13:36:59	11.0	81.0	0	16.0	220.0	10.0	6.21		FEW	M	M	4000.0								8.0		4.0	6.21		FEW	SCT	BKN	2000.0	4500.0	13000.0					
466538	2018-03-31 00:00:00	1265.0	CSTNL	320	AIRBUS A320-211	NB	WAW	2018-03-31 13:10:00	2018-03-31 13:25:00	2018-03-31 13:35:00	LIS	2018-03-31 17:24:00	2018-03-31 17:30:00	2018-03-31 17:25:00	J	TP	2018-04-01 08:05:59	15.0	87.0	0	9.0	90.0	11.0	3.73		FEW	M	M	3600.0								14.0	240.0	11.0	6.21		FEW	M	M	4000.0							
466539	2018-03-31 00:00:00	1450.0	CSTPR	E90	EMBRAER 190	PGA	LIS	2018-03-31 13:10:00	2018-03-31 13:41:00	2018-03-31 13:52:00	RAK	2018-03-31 15:04:00	2018-03-31 15:08:00	2018-03-31 14:45:00	J	NI	2018-03-31 14:39:59	9.0	89.0	0	16.0	220.0	10.0	6.21		FEW	M	M	4000.0								23.0	50.0	9.0	6.21	20.0	M	M	M								
466540	2018-03-31 00:00:00	3407.0	CSTPO	E90	EMBRAER 190	PGA	LUX	2018-03-31 13:10:00	2018-03-31 13:32:00	2018-03-31 13:43:00	OPO	2018-03-31 15:51:00	2018-03-31 15:55:00	2018-03-31 15:40:00	G	NI	2018-04-04 08:10:59	22.0	93.0	R	10.0	210.0	6.0	6.21		FEW	SCT	M	2500.0	5000.0							12.0	220.0	9.0	6.21		FEW	M	M	2700.0							
466541	2018-03-31 00:00:00	1105.0	CSDJD	AT7	ATR 72	WI	SVQ	2018-03-31 13:15:00	2018-03-31 13:05:00	2018-03-31 13:12:00	LIS	2018-03-31 14:12:00	2018-03-31 14:18:00	2018-03-31 14:25:00	J	WI					17.0	300.0	7.0	6.21		M	M	M									15.0	230.0	11.0	6.21		FEW	M	M	4400.0							
466542	2018-03-31 00:00:00	1434.0	CSTPV	E90	EMBRAER 190	PGA	LIS	2018-03-31 13:15:00	2018-03-31 13:15:00	2018-03-31 13:25:00	CMN	2018-03-31 14:23:00	2018-03-31 14:27:00	2018-03-31 14:55:00	J	NI					16.0	220.0	5.0	6.21		FEW	M	M	4000.0								21.0	10.0	5.0	6.21		SCT	M	M	1600.0							
466543	2018-03-31 00:00:00	1868.0	CSTNR	320	AIRBUS A320-211	NB	PDL	2018-03-31 13:15:00	2018-03-31 13:46:00	2018-03-31 13:59:00	LIS	2018-03-31 15:48:00	2018-03-31 15:50:00	2018-03-31 15:30:00	J	TP	2018-03-31 14:15:48	11.0	15.0	A	16.0	250.0	17.0	6.21		FEW	SCT	BKN	800.0	1300.0	3000.0						15.0	210.0	14.0	6.21		FEW	M	M	3800.0							
466544	2018-03-31 00:00:00	472.0	CSTTZ	E95	EMBRAER 195	PGA	LIS	2018-03-31 13:20:00	2018-03-31 13:47:00	2018-03-31 14:04:00	LYS	2018-03-31 15:58:00	2018-03-31 16:02:00	2018-03-31 15:35:00	J	NI	2018-03-31 14:05:59	8.0	81.0	0	16.0	220.0	10.0	6.21		FEW	M	M	4000.0								12.0	20.0	6.0	6.21		FEW	SCT	BKN	3300.0	10000.0	23000.0					
466545	2018-03-31 00:00:00	586.0	CSTTW	E95	EMBRAER 195	PGA	LIS	2018-03-31 13:20:00	2018-03-31 13:39:00	2018-03-31 13:50:00	CGN	2018-03-31 16:18:00	2018-03-31 16:22:00	2018-03-31 16:10:00	J	NI	2018-03-31 13:51:59	14.0	87.0	E	16.0	220.0	10.0	6.21		FEW	M	M	4000.0								13.0	320.0	6.0	6.21		M	M	M								
466546	2018-03-31 00:00:00	324.0	CSTPU	E90	EMBRAER 190	PGA	LIS	2018-03-31 13:25:00	2018-03-31 13:37:00	2018-03-31 13:48:00	MAN	2018-03-31 16:13:00	2018-03-31 16:18:00	2018-03-31 16:15:00	J	NI	2018-03-31 13:55:59	12.0	16.0	B	16.0	220.0	10.0	6.21		FEW	M	M	4000.0								5.0	30.0	14.0	6.21		BKN	OVC	M	2000.0	2600.0						
466547	2018-03-31 00:00:00	1274.0	CSTNS	320	AIRBUS A320-211	NB	LIS	2018-03-31 13:25:00	2018-03-31 13:43:00	2018-03-31 13:56:00	VIE	2018-03-31 16:50:00	2018-03-31 16:56:00	2018-03-31 16:45:00	J	TP	2018-03-31 14:15:59	11.0	81.0	0	16.0	220.0	10.0	6.21		FEW	M	M	4000.0								10.0	130.0	5.0	6.21		FEW	BKN	M	1500.0	2800.0						
466548	2018-03-31 00:00:00	643.0	CSTTR	319	AIRBUS A319-111	NB	BRU	2018-03-31 13:30:00	2018-03-31 13:36:00	2018-03-31 13:45:00	LIS	2018-03-31 16:09:00	2018-03-31 16:13:00	2018-03-31 16:20:00	J	TP	2018-03-31 13:51:46	6.0	19.0	B	12.0	220.0	8.0	6.21		FEW	M	M	2000.0								15.0	210.0	14.0	6.21		FEW	M	M	3800.0							
466549	2018-03-31 00:00:00	1123.0	CSDJE	AT7	ATR 72	WI	ALC	2018-03-31 13:30:00	2018-03-31 15:40:00	2018-03-31 15:51:00	LIS	2018-03-31 17:58:00	2018-03-31 18:02:00	2018-03-31 16:00:00	J	WI	2018-03-31 16:02:05	130.0	93.0	0	20.0	280.0	19.0	6.21		M	M	M									14.0	230.0	10.0	6.21		M	M	M								
466550	2018-03-31 00:00:00	1558.0	CSTQD	320	AIRBUS A320-211	NB	VXE	2018-03-31 13:30:00	2018-03-31 13:59:00	2018-03-31 14:08:00	LIS	2018-03-31 18:04:00	2018-03-31 18:07:00	2018-03-31 17:25:00	J	TP	2018-04-04 08:12:59	29.0	93.0	H	25.0	50.0	16.0	5.59	26.0	FEW	M	M	1800.0								14.0	230.0	10.0	6.21		M	M	M								
466551	2018-03-31 00:00:00	1566.0	CSTJH	321	AIRBUS A321-211	NB	BVC	2018-03-31 13:30:00	2018-03-31 13:34:00	2018-03-31 13:42:00	LIS	2018-03-31 17:35:00	2018-03-31 17:38:00	2018-03-31 17:20:00	J	TP	2018-04-04 08:11:59	4.0	12.0	0	24.0	20.0	12.0	6.21		FEW	M	M	1500.0								14.0	240.0	11.0	6.21		FEW	M	M	4000.0							
466552	2018-03-31 00:00:00	1947.0	CSDJB	AT7	ATR 72	WI	OPO	2018-03-31 13:30:00	2018-03-31 13:40:00	2018-03-31 13:50:00	LIS	2018-03-31 14:29:00	2018-03-31 14:33:00	2018-03-31 14:30:00	J	WI	2018-03-31 13:55:49	10.0	93.0	0	13.0	220.0	7.0	6.21		SCT	M	M	2700.0								15.0	230.0	11.0	6.21		FEW	M	M	4400.0							
466553	2018-03-31 00:00:00	1141.0	CSDJA	AT7	ATR 72	WI	VGO	2018-03-31 13:35:00	2018-03-31 15:02:00	2018-03-31 15:09:00	LIS	2018-03-31 16:01:00	2018-03-31 16:05:00	2018-03-31 14:55:00	J	WI	2018-03-31 15:13:52	87.0	93.0	0	11.0	240.0	10.0	6.21		SCT	M	M	3800.0								15.0	210.0	14.0	6.21		FEW	M	M	3800.0							
466554	2018-03-31 00:00:00	687.0	FHBAL	319	AIRBUS A319-111	NB	LUX	2018-03-31 13:40:00	2018-03-31 14:08:00	2018-03-31 14:15:00	OPO	2018-03-31 16:23:00	2018-03-31 16:26:00	2018-03-31 16:10:00	J	TP	2018-03-31 14:20:44	7.0	15.0	A	10.0	220.0	6.0	6.21		FEW	M	M	3000.0								13.0	210.0	9.0	6.21		FEW	M	M	3000.0							
466555	2018-03-31 00:00:00	576.0	CSTNX	320	AIRBUS A320-211	NB	LIS	2018-03-31 13:45:00	2018-03-31 13:53:00	2018-03-31 14:09:00	FRA	2018-03-31 16:53:00	2018-03-31 17:04:00	2018-03-31 16:50:00	J	TP	2018-03-31 14:27:59	8.0	89.0	0	16.0	220.0	10.0	6.21		FEW	M	M	4000.0								13.0	310.0	6.0	6.21		M	M	M								
466556	2018-03-31 00:00:00	871.0	CSTTQ	319	AIRBUS A319-111	NB	BLQ	2018-03-31 13:45:00	2018-03-31 14:00:00	2018-03-31 14:07:00	LIS	2018-03-31 16:46:00	2018-03-31 16:50:00	2018-03-31 16:45:00	J	TP	2018-04-04 08:17:59	13.0	81.0	0	13.0	290.0	5.0	6.21		FEW	SCT	M	2500.0	6000.0							15.0	230.0	10.0	6.21		FEW	M	M	3600.0							
466557	2018-03-31 00:00:00	432.0	CSTTC	319	AIRBUS A319-111	NB	LIS	2018-03-31 13:50:00	2018-03-31 13:56:00	2018-03-31 14:15:00	ORY	2018-03-31 16:20:00	2018-03-31 16:34:00	2018-03-31 16:15:00	J	TP	2018-03-31 14:17:59	4.0	34.0	A	16.0	220.0	10.0	6.21		FEW	M	M	4000.0								10.0	240.0	10.0	6.21		FEW	SCT	BKN	3300.0	6100.0	18000.0					
466558	2018-03-31 00:00:00	662.0	CSTTB	319	AIRBUS A319-111	NB	LIS	2018-03-31 13:55:00	2018-03-31 14:21:00	2018-03-31 14:32:00	AMS	2018-03-31 16:59:00	2018-03-31 17:04:00	2018-03-31 16:50:00	J	TP	2018-03-31 14:56:59	5.0	15.0	D	15.0	230.0	11.0	6.21		FEW	M	M	4400.0								9.0	40.0	2.0	6.21		FEW	M	M	3000.0							
466559	2018-03-31 00:00:00	1952.0	CSDJG	AT7	ATR 72	WI	LIS	2018-03-31 14:00:00	2018-03-31 14:00:00	2018-03-31 14:18:00	OPO	2018-03-31 15:10:00	2018-03-31 15:13:00	2018-03-31 15:00:00	J	WI					16.0	220.0	10.0	6.21		FEW	M	M	4000.0								12.0	220.0	8.0	6.21		SCT	M	M	2700.0							
466560	2018-03-31 00:00:00	356.0	FHBIS	320	AIRBUS A320-211	NB	LIS	2018-03-31 14:05:00	2018-03-31 14:17:00	2018-03-31 14:30:00	LHR	2018-03-31 16:47:00	2018-03-31 16:58:00	2018-03-31 16:45:00	J	TP	2018-03-31 14:43:59	5.0	89.0	0	15.0	230.0	11.0	6.21		FEW	M	M	4400.0								8.0	290.0	11.0	6.21	24.0	SCT	SCT	BKN	2000.0	3400.0	4300.0					
466561	2018-03-31 00:00:00	9014.0	CSTNU	320	AIRBUS A320-211	NB	LIS	2018-03-31 14:05:00	2018-03-31 14:15:00	2018-03-31 14:27:00	BVC	2018-03-31 18:14:00	2018-03-31 18:18:00	2018-03-31 18:10:00	C	TP	2018-03-31 14:28:59	10.0	89.0	0	16.0	220.0	10.0	6.21		FEW	M	M	4000.0								23.0	30.0	13.0	5.59		FEW	M	M	1500.0							
466562	2018-03-31 00:00:00	496.0	CSTPQ	E90	EMBRAER 190	PGA	LIS	2018-03-31 14:15:00	2018-03-31 14:20:00	2018-03-31 14:37:00	TLS	2018-03-31 16:02:00	2018-03-31 16:08:00	2018-03-31 16:05:00	J	NI	2018-03-31 14:39:59	5.0	93.0	M	15.0	230.0	11.0	6.21		FEW	M	M	4400.0								8.0	280.0	12.0	6.21		FEW	SCT	BKN	1700.0	4400.0	18000.0					
466563	2018-03-31 00:00:00	1027.0	CSTJE	321	AIRBUS A321-211	NB	MAD	2018-03-31 14:30:00	2018-03-31 14:29:00	2018-03-31 14:41:00	LIS	2018-03-31 15:34:00	2018-03-31 15:39:00	2018-03-31 15:50:00	J	TP					14.0	290.0	13.0	6.21		SCT	M	M	6500.0								15.0	220.0	12.0	6.21		FEW	M	M	3800.0							
466564	2018-03-31 00:00:00	467.0	CSTPT	E90	EMBRAER 190	PGA	BOD	2018-03-31 14:35:00	2018-03-31 14:35:00	2018-03-31 14:43:00	LIS	2018-03-31 16:13:00	2018-03-31 16:18:00	2018-03-31 16:30:00	J	NI					10.0	280.0	13.0	6.21		FEW	SCT	///	2500.0	10000.0							15.0	240.0	11.0	6.21		FEW	M	M	3800.0							
466565	2018-03-31 00:00:00	842.0	CSTTK	319	AIRBUS A319-111	NB	LIS	2018-03-31 14:35:00	2018-03-31 14:39:00	2018-03-31 14:49:00	FCO	2018-03-31 17:08:00	2018-03-31 17:29:00	2018-03-31 17:25:00	J	TP	2018-03-31 14:51:59	4.0	16.0	0	15.0	230.0	11.0	6.21		FEW	M	M	4400.0								11.0	270.0	20.0	6.21		SCT	BKN	M	1500.0	3500.0						
466566	2018-03-31 00:00:00	862.0	CSTNY	320	AIRBUS A320-211	NB	LIS	2018-03-31 14:35:00	2018-03-31 14:32:00	2018-03-31 14:43:00	VCE	2018-03-31 17:01:00	2018-03-31 17:05:00	2018-03-31 17:25:00	J	TP					15.0	230.0	11.0	6.21		FEW	M	M	4400.0								10.0	120.0	5.0	6.21		FEW	BKN	M	1200.0	5000.0						
466567	2018-03-31 00:00:00	441.0	CSTNQ	320	AIRBUS A320-211	NB	ORY	2018-03-31 14:40:00	2018-03-31 14:58:00	2018-03-31 15:10:00	LIS	2018-03-31 17:13:00	2018-03-31 17:17:00	2018-03-31 17:10:00	J	TP	2018-03-31 15:38:08	5.0	89.0	0	10.0	230.0	11.0	6.21		FEW	BKN	M	3000.0	5300.0							14.0	240.0	11.0	6.21		FEW	M	M	4000.0							
466568	2018-03-31 00:00:00	9321.0	ECISY	752	BOEING 757-200		LIS	2018-03-31 14:40:00	2018-03-31 16:50:00	2018-03-31 17:05:00	BCN	2018-03-31 18:28:00	2018-03-31 18:32:00	2018-03-31 16:20:00	P	P6					15.0	230.0	10.0	6.21		FEW	M	M	3600.0								15.0	280.0	15.0	6.21		M	M	M								
466569	2018-03-31 00:00:00	659.0	CSTTG	319	AIRBUS A319-111	NB	AMS	2018-03-31 14:45:00	2018-03-31 14:49:00	2018-03-31 14:59:00	OPO	2018-03-31 17:15:00	2018-03-31 17:18:00	2018-03-31 17:30:00	J	TP	2018-04-20 15:21:59	4.0	81.0	0	11.0	200.0	3.0	6.21		FEW	SCT	M	2800.0	3200.0							12.0	200.0	9.0	6.21		FEW	M	M	4500.0							
466570	2018-03-31 00:00:00	824.0	CSTTY	E95	EMBRAER 195	PGA	LIS	2018-03-31 14:50:00	2018-03-31 15:11:00	2018-03-31 15:31:00	MXP	2018-03-31 17:43:00	2018-03-31 17:48:00	2018-03-31 17:25:00	J	NI	2018-03-31 15:33:59	21.0	81.0	0	16.0	230.0	9.0	6.21		FEW	M	M	4000.0								8.0		2.0	6.21		BKN	M	M	8000.0							
466571	2018-03-31 00:00:00	644.0	CSTNP	320	AIRBUS A320-211	NB	LIS	2018-03-31 14:55:00	2018-03-31 15:06:00	2018-03-31 15:20:00	BRU	2018-03-31 17:40:00	2018-03-31 17:45:00	2018-03-31 17:35:00	J	TP	2018-03-31 15:27:59	11.0	51.0	0	16.0	230.0	9.0	6.21		FEW	M	M	4000.0								8.0	200.0	5.0	6.21		FEW	M	M	1800.0							
466572	2018-03-31 00:00:00	823.0	CSTTH	319	AIRBUS A319-111	NB	MXP	2018-03-31 15:00:00	2018-03-31 14:49:00	2018-03-31 15:04:00	LIS	2018-03-31 17:42:00	2018-03-31 17:46:00	2018-03-31 17:50:00	J	TP					8.0	360.0	12.0	3.73		BKN	M	M	3000.0								14.0	230.0	10.0	6.21		M	M	M								
466573	2018-03-31 00:00:00	1960.0	CSDJF	AT7	ATR 72	WI	LIS	2018-03-31 15:00:00	2018-03-31 15:00:00	2018-03-31 15:11:00	OPO	2018-03-31 16:05:00	2018-03-31 16:08:00	2018-03-31 16:00:00	J	WI					16.0	230.0	9.0	6.21		FEW	M	M	4000.0								12.0	220.0	9.0	6.21		FEW	M	M	2700.0							
466574	2018-03-31 00:00:00	456.0	CSTTP	319	AIRBUS A319-111	NB	OPO	2018-03-31 15:05:00	2018-03-31 15:03:00	2018-03-31 15:14:00	ORY	2018-03-31 17:00:00	2018-03-31 17:15:00	2018-03-31 17:10:00	J	TP					12.0	220.0	8.0	6.21		SCT	M	M	2700.0								10.0	240.0	11.0	6.21		FEW	SCT	BKN	4000.0	6300.0	26000.0					
466575	2018-03-31 00:00:00	833.0	CSTJG	321	AIRBUS A321-211	NB	FCO	2018-03-31 15:05:00	2018-03-31 15:26:00	2018-03-31 15:41:00	LIS	2018-03-31 18:39:00	2018-03-31 18:44:00	2018-03-31 18:10:00	J	TP	2018-03-31 16:26:02	11.0	89.0	0	10.0	260.0	23.0	3.11	35.0	SCT	OVC	M	1000.0	2500.0							13.0	240.0	9.0	6.21		M	M	M								
466576	2018-03-31 00:00:00	1066.0	CSDJD	AT7	ATR 72	WI	LIS	2018-03-31 15:05:00	2018-03-31 15:03:00	2018-03-31 15:16:00	BIO	2018-03-31 17:02:00	2018-03-31 17:07:00	2018-03-31 17:10:00	J	WI					16.0	230.0	9.0	6.21		FEW	M	M	4000.0								12.0	320.0	16.0	6.21		SCT	M	M	5500.0							
466577	2018-03-31 00:00:00	1687.0	CSTMW	320	AIRBUS A320-211	NB	LIS	2018-03-31 15:05:00	2018-03-31 15:10:00	2018-03-31 15:29:00	FNC	2018-03-31 16:54:00	2018-03-31 16:57:00	2018-03-31 16:50:00	J	TP	2018-03-31 15:36:59	5.0	85.0	C	16.0	230.0	9.0	6.21		FEW	M	M	4000.0								18.0	200.0	14.0	6.21		FEW	M	M	1600.0							
466578	2018-03-31 00:00:00	364.0	CSTNM	320	AIRBUS A320-211	NB	LIS	2018-03-31 15:10:00	2018-03-31 15:11:00	2018-03-31 15:25:00	LHR	2018-03-31 17:36:00	2018-03-31 17:47:00	2018-03-31 17:50:00	J	TP	2018-03-31 15:26:59	1.0	89.0	0	16.0	230.0	9.0	6.21		FEW	M	M	4000.0								7.0	320.0	8.0	6.21		SCT	SCT	BKN	1600.0	2100.0	2800.0					
466579	2018-03-31 00:00:00	942.0	CSTTA	319	AIRBUS A319-111	NB	OPO	2018-03-31 15:15:00	2018-03-31 15:43:00	2018-03-31 15:53:00	GVA	2018-03-31 17:38:00	2018-03-31 17:41:00	2018-03-31 17:20:00	J	TP	2018-04-01 08:05:59	28.0	81.0	0	12.0	220.0	9.0	6.21		SCT	M	M	2700.0								8.0	240.0	3.0	6.21		FEW	SCT	BKN	2000.0	4500.0	9000.0					
466580	2018-03-31 00:00:00	1529.0	CSTNH	320	AIRBUS A320-211	NB	ACC	2018-03-31 15:15:00	2018-03-31 15:02:00	2018-03-31 15:16:00	TMS	2018-03-31 16:42:00	2018-03-31 16:46:00	2018-03-31 16:55:00	J	TP					30.0	180.0	12.0	6.21		M	M	M									30.0	160.0	10.0	6.21		FEW	BKN	M	2000.0	3300.0						
466581	2018-03-31 00:00:00	1024.0	CSTTF	319	AIRBUS A319-111	NB	LIS	2018-03-31 15:20:00	2018-03-31 15:29:00	2018-03-31 15:40:00	MAD	2018-03-31 16:31:00	2018-03-31 16:36:00	2018-03-31 16:35:00	J	TP	2018-03-31 15:45:59	5.0	89.0	0	15.0	220.0	12.0	6.21		FEW	M	M	3800.0								13.0	290.0	14.0	6.21		FEW	M	M	6500.0							
466582	2018-03-31 00:00:00	1903.0	CSTNW	320	AIRBUS A320-211	NB	LIS	2018-03-31 15:20:00	2018-03-31 15:33:00	2018-03-31 15:42:00	FAO	2018-03-31 16:10:00	2018-03-31 16:14:00	2018-03-31 16:05:00	J	TP	2018-03-31 15:51:59	13.0	89.0	0	15.0	220.0	12.0	6.21		FEW	M	M	3800.0								15.0	220.0	9.0	6.21		FEW	M	M	3000.0							
466583	2018-03-31 00:00:00	341.0	CSTTU	319	AIRBUS A319-111	NB	LGW	2018-03-31 15:25:00	2018-03-31 15:28:00	2018-03-31 15:43:00	LIS	2018-03-31 18:01:00	2018-03-31 18:04:00	2018-03-31 18:05:00	J	TP	2018-04-01 08:06:59	1.0	89.0	0	8.0	310.0	8.0	6.21		FEW	SCT	BKN	1900.0	3000.0	3800.0						14.0	230.0	10.0	6.21		M	M	M								
466584	2018-03-31 00:00:00	1092.0	CSDJA	AT7	ATR 72	WI	LIS	2018-03-31 15:30:00	2018-03-31 16:49:00	2018-03-31 17:02:00	VLC	2018-03-31 18:40:00	2018-03-31 18:45:00	2018-03-31 17:35:00	J	WI	2018-03-31 17:16:59	79.0	95.0	A	15.0	230.0	10.0	6.21		FEW	M	M	3600.0								18.0	280.0	12.0	6.21		M	M	M								
466585	2018-03-31 00:00:00	1451.0	CSTPR	E90	EMBRAER 190	PGA	RAK	2018-03-31 15:30:00	2018-03-31 15:45:00	2018-03-31 16:01:00	LIS	2018-03-31 17:19:00	2018-03-31 17:25:00	2018-03-31 17:05:00	J	NI	2018-03-31 16:21:10	2.0	89.0	0	23.0	30.0	10.0	6.21		M	M	M									14.0	240.0	11.0	6.21		FEW	M	M	4000.0							
466586	2018-03-31 00:00:00	1951.0	CSDJG	AT7	ATR 72	WI	OPO	2018-03-31 15:30:00	2018-03-31 15:39:00	2018-03-31 15:47:00	LIS	2018-03-31 16:25:00	2018-03-31 16:29:00	2018-03-31 16:30:00	J	WI	2018-03-31 16:01:03	9.0	93.0	Q	12.0	220.0	9.0	6.21		SCT	M	M	2700.0								15.0	240.0	11.0	6.21		FEW	M	M	3800.0							
466587	2018-03-31 00:00:00	1036.0	CSTNK	320	AIRBUS A320-211	NB	LIS	2018-03-31 15:35:00	2018-03-31 15:39:00	2018-03-31 15:53:00	BCN	2018-03-31 17:13:00	2018-03-31 17:18:00	2018-03-31 17:25:00	J	TP	2018-03-31 15:57:59	4.0	41.0	A	15.0	220.0	12.0	6.21		FEW	M	M	3800.0								16.0	290.0	16.0	6.21		M	M	M								
466588	2018-03-31 00:00:00	1427.0	CSDJC	AT7	ATR 72	WI	FEZ	2018-03-31 15:35:00	2018-03-31 15:35:00	2018-03-31 15:45:00	LIS	2018-03-31 17:39:00	2018-03-31 17:43:00	2018-03-31 17:40:00	J	WI					20.0	330.0	7.0	6.21		SCT	M	M	2600.0								14.0	240.0	11.0	6.21		FEW	M	M	4000.0							
466589	2018-03-31 00:00:00	1443.0	CSTPV	E90	EMBRAER 190	PGA	CMN	2018-03-31 15:35:00	2018-03-31 15:11:00	2018-03-31 15:24:00	LIS	2018-03-31 16:31:00	2018-03-31 16:36:00	2018-03-31 17:15:00	J	NI					21.0	30.0	10.0	6.21		SCT	M	M	1600.0								15.0	240.0	11.0	6.21		FEW	M	M	3800.0							
466590	2018-03-31 00:00:00	1866.0	CSTTE	319	AIRBUS A319-111	NB	PDL	2018-03-31 15:35:00	2018-03-31 16:01:00	2018-03-31 16:11:00	OPO	2018-03-31 18:03:00	2018-03-31 18:06:00	2018-03-31 17:50:00	J	TP	2018-03-31 16:15:13	14.0	87.0	A	17.0	260.0	19.0	6.21		FEW	M	M	1500.0								12.0	210.0	8.0	6.21		FEW	M	M	2500.0							
466591	2018-03-31 00:00:00	401.0	CSTTX	E95	EMBRAER 195	PGA	MRS	2018-03-31 15:40:00	2018-03-31 15:42:00	2018-03-31 15:55:00	LIS	2018-03-31 18:07:00	2018-03-31 18:10:00	2018-03-31 18:05:00	J	NI	2018-04-04 07:38:59	2.0	89.0	0	14.0	270.0	21.0	6.21		///	M	M									14.0	230.0	10.0	6.21		M	M	M								
466592	2018-03-31 00:00:00	438.0	CSTTJ	319	AIRBUS A319-111	NB	LIS	2018-03-31 15:40:00	2018-03-31 15:46:00	2018-03-31 15:59:00	ORY	2018-03-31 18:08:00	2018-03-31 18:13:00	2018-03-31 18:05:00	J	TP	2018-03-31 16:00:59	2.0	89.0	0	15.0	210.0	14.0	6.21		FEW	M	M	3800.0								9.0	250.0	11.0	6.21		FEW	SCT	BKN	3300.0	6600.0	26000.0					
466593	2018-03-31 00:00:00	22.0	CSTOF	332	AIRBUS A330-200	WB	LIS	2018-03-31 15:45:00	2018-03-31 15:53:00	2018-03-31 16:08:00	SSA	2018-04-01 00:05:00	2018-04-01 00:12:00	2018-04-01 00:20:00	J	TP	2018-03-31 16:10:59	8.0	41.0	A	15.0	210.0	14.0	6.21		FEW	M	M	3800.0								27.0	100.0	9.0	6.21		FEW	M	M	2000.0							
466594	2018-03-31 00:00:00	523.0	CSTPS	E90	EMBRAER 190	PGA	STR	2018-03-31 15:55:00	2018-03-31 15:59:00	2018-03-31 16:19:00	LIS	2018-03-31 19:03:00	2018-03-31 19:10:00	2018-03-31 19:05:00	J	NI	2018-04-01 08:06:59	4.0	93.0	Q	11.0	340.0	12.0	6.21		M	M	M									13.0	220.0	9.0	6.21		M	M	M								
466595	2018-03-31 00:00:00	921.0	CSTPW	E90	EMBRAER 190	PGA	ZRH	2018-03-31 16:00:00	2018-03-31 16:00:00	2018-03-31 16:17:00	OPO	2018-03-31 18:37:00	2018-03-31 18:40:00	2018-03-31 18:35:00	J	NI					6.0		2.0	6.21		FEW	OVC	M	700.0	4500.0							12.0	190.0	8.0	6.21		FEW	M	M	2500.0							
466596	2018-03-31 00:00:00	927.0	CSTOE	332	AIRBUS A330-200	WB	ZRH	2018-03-31 16:00:00	2018-03-31 16:17:00	2018-03-31 16:28:00	LIS	2018-03-31 18:57:00	2018-03-31 19:00:00	2018-03-31 18:50:00	J	TP	2018-04-10 11:22:59	4.0	93.0	R	6.0		3.0	6.21		FEW	SCT	BKN	800.0	3000.0	4500.0						13.0	220.0	9.0	6.21		M	M	M								
466597	2018-03-31 00:00:00	1962.0	CSDJB	AT7	ATR 72	WI	LIS	2018-03-31 16:00:00	2018-03-31 16:02:00	2018-03-31 16:15:00	OPO	2018-03-31 17:05:00	2018-03-31 17:09:00	2018-03-31 17:00:00	J	WI	2018-03-31 16:19:59	2.0	89.0	0	15.0	210.0	14.0	6.21		FEW	M	M	3800.0								12.0	210.0	8.0	6.21		FEW	M	M	3000.0							
466598	2018-03-31 00:00:00	11.0	CSTOI	332	AIRBUS A330-200	WB	LIS	2018-03-31 16:05:00	2018-03-31 16:20:00	2018-03-31 16:33:00	REC	2018-03-31 23:40:00	2018-03-31 23:44:00	2018-03-31 23:45:00	J	TP	2018-03-31 16:38:59	5.0	85.0	C	15.0	240.0	11.0	6.21		FEW	M	M	3800.0								25.0	190.0	6.0	6.21		FEW	SCT	M	1800.0	6000.0						
466599	2018-03-31 00:00:00	35.0	CSTOK	332	AIRBUS A330-200	WB	LIS	2018-03-31 16:05:00	2018-03-31 16:18:00	2018-03-31 16:36:00	FOR	2018-03-31 23:53:00	2018-04-01 00:01:00	2018-03-31 23:40:00	J	TP	2018-03-31 16:42:59	13.0	91.0	0	15.0	240.0	11.0	6.21		FEW	M	M	3800.0								27.0	80.0	6.0	6.21		M	M	M								
466600	2018-03-31 00:00:00	209.0	CSTOO	332	AIRBUS A330-200	WB	LIS	2018-03-31 16:10:00	2018-03-31 16:26:00	2018-03-31 16:38:00	JFK	2018-04-01 00:02:00	2018-04-01 00:11:00	2018-04-01 00:00:00	J	TP	2018-04-04 07:37:59	16.0	91.0	0	15.0	240.0	11.0	6.21		FEW	M	M	3800.0									190.0	22.0	10.0		CLR	M	M								
466601	2018-03-31 00:00:00	477.0	CSTTZ	E95	EMBRAER 195	PGA	LYS	2018-03-31 16:15:00	2018-03-31 16:46:00	2018-03-31 16:54:00	LIS	2018-03-31 19:11:00	2018-03-31 19:15:00	2018-03-31 18:45:00	J	NI	2018-04-19 16:23:59	4.0	89.0	0	12.0		1.0	6.21		FEW	BKN	M	3300.0	9300.0							13.0	220.0	9.0	6.21		M	M	M								
466602	2018-03-31 00:00:00	487.0	CSTPP	E90	EMBRAER 190	PGA	NCE	2018-03-31 16:15:00	2018-03-31 16:09:00	2018-03-31 16:22:00	LIS	2018-03-31 18:45:00	2018-03-31 18:49:00	2018-03-31 18:50:00	J	NI					17.0	240.0	12.0	6.21		FEW	BKN	M	3300.0	21000.0							13.0	220.0	9.0	6.21		M	M	M								
466603	2018-03-31 00:00:00	947.0	CSTNT	320	AIRBUS A320-211	NB	GVA	2018-03-31 16:20:00	2018-03-31 16:38:00	2018-03-31 16:52:00	LIS	2018-03-31 19:08:00	2018-03-31 19:15:00	2018-03-31 18:55:00	J	TP	2018-03-31 16:56:15	5.0	89.0	0	9.0	240.0	4.0	6.21		FEW	SCT	BKN	3000.0	4500.0	10000.0						13.0	220.0	9.0	6.21		M	M	M								
466604	2018-03-31 00:00:00	1689.0	CSTTL	319	AIRBUS A319-111	NB	LIS	2018-03-31 16:30:00	2018-03-31 16:27:00	2018-03-31 16:41:00	FNC	2018-03-31 18:09:00	2018-03-31 18:12:00	2018-03-31 18:15:00	J	TP					15.0	240.0	11.0	6.21		FEW	M	M	3800.0								18.0	200.0	15.0	6.21		FEW	M	M	1600.0							
466605	2018-03-31 00:00:00	1953.0	CSDJF	AT7	ATR 72	WI	OPO	2018-03-31 16:30:00	2018-03-31 16:38:00	2018-03-31 16:45:00	LIS	2018-03-31 17:28:00	2018-03-31 17:31:00	2018-03-31 17:30:00	J	WI	2018-03-31 16:52:05	8.0	93.0	Q	13.0	210.0	9.0	6.21		FEW	M	M	3000.0								14.0	240.0	11.0	6.21		FEW	M	M	4000.0							
466606	2018-03-31 00:00:00	1112.0	CSDJC	AT7	ATR 72	WI	LIS	2018-03-31 16:40:00	2018-03-31 18:40:00	2018-03-31 18:53:00	OVD	2018-03-31 20:28:00	2018-03-31 20:33:00	2018-03-31 18:30:00	J	WI	2018-03-31 18:55:59	120.0	46.0	0	13.0	240.0	9.0	6.21		M	M	M									9.0	200.0	4.0	5.59		SCT	SCT	M	2000.0	6000.0						
466607	2018-03-31 00:00:00	493.0	CSTPQ	E90	EMBRAER 190	PGA	TLS	2018-03-31 16:45:00	2018-03-31 16:51:00	2018-03-31 17:00:00	LIS	2018-03-31 18:42:00	2018-03-31 18:45:00	2018-03-31 18:45:00	J	NI	2018-04-04 07:38:59	6.0	89.0	0	9.0	250.0	12.0	6.21		BKN	BKN	BKN	3700.0	5000.0	8400.0						13.0	240.0	9.0	6.21		M	M	M								
466608	2018-03-31 00:00:00	338.0	CSTPO	E90	EMBRAER 190	PGA	OPO	2018-03-31 16:50:00	2018-03-31 16:51:00	2018-03-31 17:02:00	LGW	2018-03-31 19:04:00	2018-03-31 19:11:00	2018-03-31 19:05:00	J	NI	2018-03-31 17:18:13	1.0	89.0	0	12.0	210.0	8.0	6.21		FEW	M	M	3000.0								7.0	300.0	8.0	6.21		BKN	BKN	M	1000.0	1500.0						
466609	2018-03-31 00:00:00	589.0	CSTTW	E95	EMBRAER 195	PGA	CGN	2018-03-31 16:50:00	2018-03-31 17:04:00	2018-03-31 17:20:00	LIS	2018-03-31 19:54:00	2018-03-31 19:58:00	2018-03-31 20:00:00	J	NI	2018-04-09 16:31:59	2.0	89.0	0	12.0	320.0	6.0	6.21		M	M	M									12.0	220.0	7.0	6.21		M	M	M								
466610	2018-03-31 00:00:00	1904.0	CSTNW	320	AIRBUS A320-211	NB	FAO	2018-03-31 16:50:00	2018-03-31 16:54:00	2018-03-31 17:05:00	LIS	2018-03-31 17:45:00	2018-03-31 17:48:00	2018-03-31 17:35:00	J	TP	2018-04-04 08:10:59	4.0	93.0	M	15.0	240.0	10.0	6.21		FEW	M	M	3000.0								14.0	230.0	10.0	6.21		M	M	M								
466611	2018-03-31 00:00:00	816.0	FHBAL	319	AIRBUS A319-111	NB	OPO	2018-03-31 16:55:00	2018-03-31 17:15:00	2018-03-31 17:24:00	MXP	2018-03-31 19:14:00	2018-03-31 19:20:00	2018-03-31 19:30:00	J	TP	2018-04-04 08:16:59	8.0	93.0	M	12.0	210.0	8.0	6.21		FEW	M	M	3000.0								7.0	270.0	4.0	6.21		BKN	M	M	8000.0							
466612	2018-03-31 00:00:00	321.0	CSTPU	E90	EMBRAER 190	PGA	MAN	2018-03-31 17:00:00	2018-03-31 17:12:00	2018-03-31 17:27:00	LIS	2018-03-31 19:46:00	2018-03-31 19:52:00	2018-03-31 19:45:00	J	NI	2018-04-09 16:19:59	9.0	36.0	0	5.0	30.0	16.0	6.21		BKN	OVC	M	2200.0	2800.0							12.0	220.0	7.0	6.21		M	M	M								
466613	2018-03-31 00:00:00	431.0	CSTTC	319	AIRBUS A319-111	NB	ORY	2018-03-31 17:00:00	2018-03-31 17:12:00	2018-03-31 17:20:00	LIS	2018-03-31 19:20:00	2018-03-31 19:22:00	2018-03-31 19:30:00	J	TP	2018-03-31 17:35:13	12.0	93.0	0	10.0	240.0	11.0	6.21		FEW	SCT	BKN	4000.0	6300.0	26000.0						12.0	210.0	9.0	6.21		M	M	M								
466614	2018-03-31 00:00:00	566.0	CSTNR	320	AIRBUS A320-211	NB	LIS	2018-03-31 17:00:00	2018-03-31 17:00:00	2018-03-31 17:15:00	HAM	2018-03-31 20:05:00	2018-03-31 20:10:00	2018-03-31 20:15:00	J	TP					15.0	230.0	10.0	6.21		FEW	M	M	3600.0								1.0	10.0	6.0	3.73		FEW	BKN	M	500.0	900.0						
466615	2018-03-31 00:00:00	1964.0	CSDJG	AT7	ATR 72	WI	LIS	2018-03-31 17:00:00	2018-03-31 17:04:00	2018-03-31 17:17:00	OPO	2018-03-31 18:08:00	2018-03-31 18:11:00	2018-03-31 18:00:00	J	WI	2018-03-31 17:19:59	4.0	89.0	0	15.0	230.0	10.0	6.21		FEW	M	M	3600.0								12.0	210.0	8.0	6.21		FEW	M	M	2500.0							
466616	2018-03-31 00:00:00	1305.0	CSTNJ	320	AIRBUS A320-211	NB	PRG	2018-03-31 17:05:00	2018-03-31 17:15:00	2018-03-31 17:26:00	LIS	2018-03-31 20:34:00	2018-03-31 20:37:00	2018-03-31 20:35:00	J	TP	2018-04-01 08:07:59	10.0	93.0	H	7.0	330.0	8.0	4.97		FEW	BKN	M	1600.0	3500.0							12.0	220.0	7.0	6.21		M	M	M								
466617	2018-03-31 00:00:00	3.0	CSTOH	332	AIRBUS A330-200	WB	LIS	2018-03-31 17:10:00	2018-03-31 17:46:00	2018-03-31 17:59:00	NAT	2018-04-01 00:59:00	2018-04-01 01:05:00	2018-04-01 00:40:00	J	TP	2018-03-31 18:05:59	36.0	43.0	A	14.0	230.0	10.0	6.21		M	M	M									25.0	160.0	5.0	6.21		FEW	M	M	1900.0							
466618	2018-03-31 00:00:00	448.0	CSTTI	319	AIRBUS A319-111	NB	LIS	2018-03-31 17:10:00	2018-03-31 17:09:00	2018-03-31 17:23:00	ORY	2018-03-31 19:30:00	2018-03-31 19:33:00	2018-03-31 19:35:00	J	TP					15.0	230.0	10.0	6.21		FEW	M	M	3600.0								7.0	260.0	10.0	6.21		SCT	BKN	M	2500.0	5300.0						
466619	2018-03-31 00:00:00	572.0	CSTTR	319	AIRBUS A319-111	NB	LIS	2018-03-31 17:20:00	2018-03-31 17:28:00	2018-03-31 17:40:00	FRA	2018-03-31 20:16:00	2018-03-31 20:27:00	2018-03-31 20:20:00	J	TP	2018-03-31 17:41:59	8.0	82.0	0	14.0	240.0	11.0	6.21		FEW	M	M	4000.0								9.0		5.0	6.21		M	M	M								
466620	2018-03-31 00:00:00	752.0	CSTNG	320	AIRBUS A320-211	NB	LIS	2018-03-31 17:20:00	2018-03-31 17:22:00	2018-03-31 17:33:00	CPH	2018-03-31 20:44:00	2018-03-31 20:50:00	2018-03-31 20:50:00	J	TP	2018-03-31 17:36:59	2.0	82.0	0	14.0	240.0	11.0	6.21		FEW	M	M	4000.0								2.0	50.0	11.0	6.21		OVC	M	M	2200.0							
466621	2018-03-31 00:00:00	1029.0	CSTTF	319	AIRBUS A319-111	NB	MAD	2018-03-31 17:20:00	2018-03-31 17:20:00	2018-03-31 17:35:00	LIS	2018-03-31 18:29:00	2018-03-31 18:33:00	2018-03-31 18:40:00	J	TP					13.0	300.0	11.0	6.21		FEW	M	M	6500.0								13.0	240.0	9.0	6.21		M	M	M								
466622	2018-03-31 00:00:00	259.0	CSTOU	333	AIRBUS A330-300	WB	LIS	2018-03-31 17:25:00	2018-03-31 17:23:00	2018-03-31 17:36:00	YYZ	2018-04-01 01:21:00	2018-04-01 01:35:00	2018-04-01 01:35:00	J	TP					14.0	240.0	11.0	6.21		FEW	M	M	4000.0								7.0	220.0	16.0	15.0	23.0	SCT	BKN	BKN	1500.0	2200.0	3500.0					
466623	2018-03-31 00:00:00	1955.0	CSDJB	AT7	ATR 72	WI	OPO	2018-03-31 17:30:00	2018-03-31 17:37:00	2018-03-31 17:46:00	LIS	2018-03-31 18:27:00	2018-03-31 18:30:00	2018-03-31 18:30:00	J	WI	2018-03-31 17:50:07	7.0	93.0	Q	12.0	200.0	9.0	6.21		FEW	M	M	4500.0								13.0	240.0	9.0	6.21		M	M	M								
466624	2018-03-31 00:00:00	579.0	CSTNX	320	AIRBUS A320-211	NB	FRA	2018-03-31 17:35:00	2018-03-31 18:03:00	2018-03-31 18:17:00	LIS	2018-03-31 21:00:00	2018-03-31 21:05:00	2018-03-31 20:45:00	J	TP	2018-04-20 15:02:59	4.0	16.0	H	12.0		7.0	6.21	21.0	M	M	M									12.0	240.0	6.0	6.21		M	M	M								
466625	2018-03-31 00:00:00	1686.0	CSTMW	320	AIRBUS A320-211	NB	FNC	2018-03-31 17:35:00	2018-03-31 17:44:00	2018-03-31 17:56:00	LIS	2018-03-31 19:15:00	2018-03-31 19:19:00	2018-03-31 19:10:00	J	TP	2018-04-04 08:23:59	2.0	89.0	0	18.0	200.0	15.0	6.21		FEW	M	M	1600.0								12.0	210.0	9.0	6.21		M	M	M								
466626	2018-03-31 00:00:00	661.0	CSTTB	319	AIRBUS A319-111	NB	AMS	2018-03-31 17:40:00	2018-03-31 18:22:00	2018-03-31 18:35:00	LIS	2018-03-31 21:14:00	2018-03-31 21:17:00	2018-03-31 20:45:00	J	TP	2018-04-20 15:17:59	9.0	31.0	A	8.0	310.0	4.0	6.21		FEW	SCT	BKN	2500.0	3200.0	4200.0						12.0	230.0	5.0	6.21		M	M	M								
466627	2018-03-31 00:00:00	369.0	FHBIS	320	AIRBUS A320-211	NB	LHR	2018-03-31 17:45:00	2018-03-31 18:02:00	2018-03-31 18:16:00	LIS	2018-03-31 20:21:00	2018-03-31 20:26:00	2018-03-31 20:25:00	J	TP	2018-04-01 08:08:59	7.0	89.0	0	7.0	320.0	8.0	6.21		SCT	SCT	BKN	1600.0	2100.0	2800.0						12.0	220.0	7.0	6.21		M	M	M								
466628	2018-03-31 00:00:00	1273.0	CSTNS	320	AIRBUS A320-211	NB	VIE	2018-03-31 17:45:00	2018-03-31 17:49:00	2018-03-31 17:58:00	LIS	2018-03-31 21:19:00	2018-03-31 21:23:00	2018-03-31 21:20:00	J	TP	2018-04-01 08:08:59	4.0	16.0	H	10.0	230.0	3.0	6.21		SCT	BKN	M	1200.0	2500.0							12.0	230.0	5.0	6.21		M	M	M								
466629	2018-03-31 00:00:00	1067.0	CSDJD	AT7	ATR 72	WI	BIO	2018-03-31 17:50:00	2018-03-31 17:50:00	2018-03-31 17:57:00	LIS	2018-03-31 19:43:00	2018-03-31 19:54:00	2018-03-31 20:00:00	J	WI					11.0	320.0	11.0	6.21		SCT	M	M	5500.0								12.0	220.0	7.0	6.21		M	M	M								
466630	2018-03-31 00:00:00	457.0	CSTTP	319	AIRBUS A319-111	NB	ORY	2018-03-31 17:55:00	2018-03-31 17:57:00	2018-03-31 18:05:00	OPO	2018-03-31 19:50:00	2018-03-31 19:53:00	2018-03-31 20:00:00	J	TP	2018-03-31 18:43:13	2.0	93.0	0	9.0	250.0	11.0	6.21		FEW	SCT	BKN	3300.0	6600.0	26000.0						12.0	190.0	8.0	6.21		FEW	M	M	2500.0							
466631	2018-03-31 00:00:00	524.0	CSTPV	E90	EMBRAER 190	PGA	LIS	2018-03-31 18:00:00	2018-03-31 18:05:00	2018-03-31 18:20:00	STR	2018-03-31 20:46:00	2018-03-31 20:51:00	2018-03-31 20:50:00	J	NI	2018-03-31 18:21:59	5.0	81.0	0	14.0	230.0	10.0	6.21		M	M	M									6.0	240.0	6.0	6.21		M	M	M								
466632	2018-03-31 00:00:00	928.0	CSTNQ	320	AIRBUS A320-211	NB	LIS	2018-03-31 18:00:00	2018-03-31 18:14:00	2018-03-31 18:24:00	ZRH	2018-03-31 20:39:00	2018-03-31 20:44:00	2018-03-31 20:40:00	J	TP	2018-03-31 18:26:59	12.0	81.0	0	14.0	230.0	10.0	6.21		M	M	M									4.0		3.0	6.21		M	M	M								
466633	2018-03-31 00:00:00	1018.0	CSTNN	320	AIRBUS A320-211	NB	LIS	2018-03-31 18:00:00	2018-03-31 18:10:00	2018-03-31 18:21:00	MAD	2018-03-31 19:14:00	2018-03-31 19:17:00	2018-03-31 19:20:00	J	TP	2018-03-31 18:23:59	10.0	16.0	E	14.0	230.0	10.0	6.21		M	M	M									11.0	310.0	6.0	6.21		FEW	M	M	6500.0							
466634	2018-03-31 00:00:00	1046.0	CSTPT	E90	EMBRAER 190	PGA	LIS	2018-03-31 18:00:00	2018-03-31 18:03:00	2018-03-31 18:14:00	BCN	2018-03-31 19:36:00	2018-03-31 19:40:00	2018-03-31 19:50:00	J	NI	2018-03-31 18:14:59	3.0	16.0	E	14.0	230.0	10.0	6.21		M	M	M									14.0	310.0	12.0	6.21		M	M	M								
466635	2018-03-31 00:00:00	1966.0	CSDJF	AT7	ATR 72	WI	LIS	2018-03-31 18:00:00	2018-03-31 17:55:00	2018-03-31 18:03:00	OPO	2018-03-31 18:52:00	2018-03-31 18:55:00	2018-03-31 19:00:00	J	WI					14.0	230.0	10.0	6.21		M	M	M									12.0	190.0	8.0	6.21		FEW	M	M	2500.0							
466636	2018-03-31 00:00:00	9318.0	LYPGC	737	BOEING 737 ALL SERIES		VNO	2018-03-31 18:00:00	2018-03-31 19:00:00	2018-03-31 19:10:00	LIS	2018-03-31 23:47:00	2018-03-31 23:54:00	2018-03-31 23:00:00	P	XX					3.0	80.0	6.0	4.97		NSC	M	M									11.0	210.0	4.0	6.21		M	M	M								
466637	2018-03-31 00:00:00	358.0	CSTNL	320	AIRBUS A320-211	NB	LIS	2018-03-31 18:05:00	2018-03-31 18:19:00	2018-03-31 18:28:00	LHR	2018-03-31 20:39:00	2018-03-31 20:47:00	2018-03-31 20:45:00	J	TP	2018-03-31 18:34:59	4.0	89.0	0	13.0	240.0	9.0	6.21		M	M	M									6.0	310.0	8.0	6.21		BKN	OVC	M	1300.0	4000.0						
466638	2018-03-31 00:00:00	937.0	CSTTA	319	AIRBUS A319-111	NB	GVA	2018-03-31 18:05:00	2018-03-31 18:31:00	2018-03-31 18:43:00	OPO	2018-03-31 20:44:00	2018-03-31 20:48:00	2018-03-31 20:20:00	J	TP	2018-03-31 18:46:18	5.0	15.0	D	7.0		1.0	6.21		FEW	SCT	BKN	4000.0	5000.0	9000.0						12.0	180.0	9.0	6.21		FEW	BKN	M	2500.0	4900.0						
466639	2018-03-31 00:00:00	861.0	CSTNY	320	AIRBUS A320-211	NB	VCE	2018-03-31 18:10:00	2018-03-31 18:06:00	2018-03-31 18:17:00	LIS	2018-03-31 21:05:00	2018-03-31 21:08:00	2018-03-31 21:20:00	J	TP					9.0	260.0	3.0	6.21		M	M	M									12.0	240.0	6.0	6.21		M	M	M								
466640	2018-03-31 00:00:00	1045.0	CSTNK	320	AIRBUS A320-211	NB	BCN	2018-03-31 18:10:00	2018-03-31 18:05:00	2018-03-31 18:17:00	LIS	2018-03-31 19:50:00	2018-03-31 19:55:00	2018-03-31 20:05:00	J	TP					15.0	270.0	19.0	6.21		M	M	M									12.0	220.0	7.0	6.21		M	M	M								
466641	2018-03-31 00:00:00	829.0	CSTTY	E95	EMBRAER 195	PGA	MXP	2018-03-31 18:15:00	2018-03-31 18:28:00	2018-03-31 18:41:00	LIS	2018-03-31 21:17:00	2018-03-31 21:22:00	2018-03-31 21:10:00	J	NI	2018-03-31 19:04:12	13.0	93.0	M	8.0	300.0	4.0	6.21		BKN	M	M	8000.0								12.0	230.0	5.0	6.21		M	M	M								
466642	2018-03-31 00:00:00	843.0	CSTTK	319	AIRBUS A319-111	NB	FCO	2018-03-31 18:15:00	2018-03-31 18:11:00	2018-03-31 18:36:00	LIS	2018-03-31 21:44:00	2018-03-31 21:47:00	2018-03-31 21:20:00	J	TP					10.0	250.0	11.0	4.35		SCT	BKN	M	1500.0	3000.0							12.0	220.0	6.0	6.21		M	M	M								
466643	2018-03-31 00:00:00	1093.0	CSDJA	AT7	ATR 72	WI	VLC	2018-03-31 18:15:00	2018-03-31 19:20:00	2018-03-31 19:28:00	LIS	2018-03-31 21:29:00	2018-03-31 21:34:00	2018-03-31 20:30:00	J	WI	2018-03-31 19:50:59	65.0	93.0	0	16.0	260.0	9.0	6.21		M	M	M									12.0	230.0	5.0	6.21		M	M	M								
466644	2018-03-31 00:00:00	552.0	CSTTQ	319	AIRBUS A319-111	NB	LIS	2018-03-31 18:20:00	2018-03-31 18:30:00	2018-03-31 18:41:00	MUC	2018-03-31 21:20:00	2018-03-31 21:30:00	2018-03-31 21:20:00	J	TP	2018-03-31 18:43:59	10.0	81.0	0	13.0	240.0	9.0	6.21		M	M	M									6.0	270.0	5.0	6.21		M	M	M								
466645	2018-03-31 00:00:00	649.0	CSTNP	320	AIRBUS A320-211	NB	BRU	2018-03-31 18:25:00	2018-03-31 18:47:00	2018-03-31 18:56:00	LIS	2018-03-31 21:37:00	2018-03-31 21:41:00	2018-03-31 21:15:00	J	TP	2018-04-20 15:03:59	17.0	15.0	0	7.0	190.0	2.0	6.21		FEW	M	M	2500.0								12.0	230.0	5.0	6.21		M	M	M								
466646	2018-03-31 00:00:00	1677.0	CSTJF	321	AIRBUS A321-211	NB	LIS	2018-03-31 18:25:00	2018-03-31 19:13:00	2018-03-31 19:23:00	FNC	2018-03-31 20:43:00	2018-03-31 20:45:00	2018-03-31 20:10:00	J	TP	2018-03-31 20:44:59	5.0	15.0	D	13.0	220.0	9.0	6.21		M	M	M									16.0		2.0	6.21		FEW	M	M	1600.0							
466647	2018-03-31 00:00:00	82.0	CSTOB	343	AIRBUS A340-312	WB	GRU	2018-03-31 18:30:00	2018-03-31 18:30:00	2018-03-31 18:44:00	LIS	2018-04-01 03:52:00	2018-04-01 03:59:00	2018-04-01 04:20:00	J	TP					29.0	340.0	4.0	6.21		SCT	FEW	M	4000.0	5000.0							10.0	110.0	3.0	6.21		FEW	M	M	500.0							
466648	2018-03-31 00:00:00	1479.0	CSTQD	320	AIRBUS A320-211	NB	LIS	2018-03-31 18:30:00	2018-03-31 19:29:00	2018-03-31 19:44:00	OXB	2018-03-31 23:29:00	2018-03-31 23:33:00	2018-03-31 22:50:00	J	TP	2018-03-31 19:50:59	18.0	15.0	A	12.0	210.0	9.0	6.21		M	M	M									26.0	300.0	5.0	3.73		NSC	M	M								
466649	2018-03-31 00:00:00	1957.0	CSDJG	AT7	ATR 72	WI	OPO	2018-03-31 18:30:00	2018-03-31 18:40:00	2018-03-31 18:48:00	LIS	2018-03-31 19:27:00	2018-03-31 19:29:00	2018-03-31 19:30:00	J	WI	2018-03-31 18:52:09	10.0	93.0	R	12.0	190.0	8.0	6.21		FEW	M	M	2500.0								12.0	210.0	9.0	6.21		M	M	M								
466650	2018-03-31 00:00:00	1034.0	CSTTE	319	AIRBUS A319-111	NB	OPO	2018-03-31 18:35:00	2018-03-31 18:54:00	2018-03-31 19:04:00	BCN	2018-03-31 20:19:00	2018-03-31 20:25:00	2018-03-31 20:20:00	J	TP	2018-03-31 19:10:26	3.0	89.0	0	12.0	190.0	8.0	6.21		FEW	M	M	2500.0								13.0	310.0	15.0	6.21		M	M	M								
466651	2018-03-31 00:00:00	74.0	CSTON	332	AIRBUS A330-200	WB	GIG	2018-03-31 18:40:00	2018-03-31 18:44:00	2018-03-31 19:04:00	LIS	2018-04-01 04:15:00	2018-04-01 04:20:00	2018-04-01 04:20:00	J	TP	2018-03-31 19:28:19	4.0	89.0	0	30.0	140.0	10.0	6.21		FEW	M	M	2500.0								10.0	120.0	4.0	6.21		FEW	M	M	500.0							
466652	2018-03-31 00:00:00	446.0	CSTNW	320	AIRBUS A320-211	NB	LIS	2018-03-31 18:40:00	2018-03-31 18:41:00	2018-03-31 18:56:00	ORY	2018-03-31 21:00:00	2018-03-31 21:06:00	2018-03-31 21:05:00	J	TP	2018-03-31 18:56:59	1.0	89.0	0	13.0	240.0	9.0	6.21		M	M	M									7.0	250.0	8.0	6.21		SCT	BKN	M	1600.0	2600.0						
466653	2018-03-31 00:00:00	1302.0	CSTTH	319	AIRBUS A319-111	NB	LIS	2018-03-31 18:40:00	2018-03-31 18:45:00	2018-03-31 18:59:00	PRG	2018-03-31 21:52:00	2018-03-31 21:57:00	2018-03-31 21:55:00	J	TP	2018-03-31 19:00:59	5.0	81.0	0	13.0	240.0	9.0	6.21		M	M	M									6.0	280.0	11.0	6.21		BKN	M	M	3200.0							
466654	2018-03-31 00:00:00	838.0	CSTTD	319	AIRBUS A319-111	NB	LIS	2018-03-31 18:45:00	2018-03-31 18:47:00	2018-03-31 19:02:00	FCO	2018-03-31 21:22:00	2018-03-31 21:30:00	2018-03-31 21:35:00	J	TP	2018-03-31 19:09:59	2.0	89.0	0	13.0	220.0	9.0	6.21		M	M	M									10.0	290.0	7.0	6.21		FEW	M	M	2500.0							
466655	2018-03-31 00:00:00	367.0	CSTNM	320	AIRBUS A320-211	NB	LHR	2018-03-31 18:50:00	2018-03-31 18:57:00	2018-03-31 19:15:00	LIS	2018-03-31 21:34:00	2018-03-31 21:39:00	2018-03-31 21:30:00	J	TP	2018-03-31 20:52:21	7.0	89.0	0	7.0	310.0	10.0	6.21		FEW	SCT	BKN	1600.0	2000.0	2700.0						12.0	230.0	5.0	6.21		M	M	M								
466656	2018-03-31 00:00:00	458.0	CSTTG	319	AIRBUS A319-111	NB	OPO	2018-03-31 18:50:00	2018-03-31 18:45:00	2018-03-31 18:59:00	ORY	2018-03-31 20:50:00	2018-03-31 20:55:00	2018-03-31 20:55:00	J	TP					12.0	190.0	8.0	6.21		FEW	M	M	2500.0								7.0	250.0	8.0	6.21		SCT	BKN	M	1600.0	2600.0						
466657	2018-03-31 00:00:00	449.0	CSTTJ	319	AIRBUS A319-111	NB	ORY	2018-03-31 18:55:00	2018-03-31 18:55:00	2018-03-31 19:04:00	LIS	2018-03-31 21:13:00	2018-03-31 21:16:00	2018-03-31 21:20:00	J	TP					7.0	240.0	9.0	6.21		FEW	BKN	M	2600.0	5300.0							12.0	230.0	5.0	6.21		M	M	M								
466658	2018-03-31 00:00:00	642.0	CSTTS	319	AIRBUS A319-111	NB	LIS	2018-03-31 18:55:00	2018-03-31 18:57:00	2018-03-31 19:14:00	BRU	2018-03-31 21:36:00	2018-03-31 21:42:00	2018-03-31 21:35:00	J	TP	2018-03-31 19:20:59	2.0	89.0	0	13.0	220.0	9.0	6.21		M	M	M									6.0	210.0	5.0	6.21		SCT	M	M	3300.0							
466659	2018-03-31 00:00:00	584.0	CSTTX	E95	EMBRAER 195	PGA	LIS	2018-03-31 19:00:00	2018-03-31 18:54:00	2018-03-31 19:09:00	CGN	2018-03-31 21:43:00	2018-03-31 21:49:00	2018-03-31 21:50:00	J	NI					13.0	220.0	9.0	6.21		M	M	M									7.0	300.0	4.0	6.21		BKN	SCT	M	3300.0	4200.0						
466660	2018-03-31 00:00:00	1714.0	CSTTL	319	AIRBUS A319-111	NB	FNC	2018-03-31 19:00:00	2018-03-31 18:56:00	2018-03-31 19:05:00	OPO	2018-03-31 20:39:00	2018-03-31 20:44:00	2018-03-31 20:50:00	J	TP					17.0	200.0	16.0	6.21		FEW	M	M	1600.0								12.0	180.0	9.0	6.21		FEW	M	M	2500.0							
466661	2018-03-31 00:00:00	1970.0	CSDJB	AT7	ATR 72	WI	LIS	2018-03-31 19:00:00	2018-03-31 19:04:00	2018-03-31 19:19:00	OPO	2018-03-31 20:09:00	2018-03-31 20:12:00	2018-03-31 20:00:00	J	WI	2018-03-31 19:21:59	4.0	89.0	0	13.0	220.0	9.0	6.21		M	M	M									12.0	190.0	8.0	6.21		FEW	M	M	2500.0							
466662	2018-03-31 00:00:00	9001.0	CSTNU	320	AIRBUS A320-211	NB	BVC	2018-03-31 19:00:00	2018-03-31 19:13:00	2018-03-31 19:22:00	LIS	2018-03-31 22:56:00	2018-03-31 23:01:00	2018-03-31 22:50:00	C	TP	2018-04-20 15:25:59	5.0	93.0	R	22.0	40.0	13.0	6.21		SCT	M	M	1500.0								11.0	220.0	3.0	6.21		M	M	M								
466663	2018-03-31 00:00:00	1060.0	CSDJE	AT7	ATR 72	WI	LIS	2018-03-31 19:05:00	2018-03-31 19:05:00	2018-03-31 19:22:00	BIO	2018-03-31 21:10:00	2018-03-31 21:15:00	2018-03-31 21:10:00	J	WI					13.0	220.0	9.0	6.21		M	M	M									9.0	210.0	1.0	6.21		FEW	M	M	3000.0							
466664	2018-03-31 00:00:00	1113.0	CSDJC	AT7	ATR 72	WI	OVD	2018-03-31 19:10:00	2018-03-31 21:02:00	2018-03-31 21:08:00	LIS	2018-03-31 22:31:00	2018-03-31 22:43:00	2018-03-31 20:55:00	J	WI	2018-03-31 21:14:46	112.0	93.0	Q	9.0		2.0	6.21		FEW	BKN	M	2000.0	5500.0							11.0	230.0	4.0	6.21		M	M	M								
466665	2018-03-31 00:00:00	362.0	CSTTF	319	AIRBUS A319-111	NB	LIS	2018-03-31 19:20:00	2018-03-31 19:20:00	2018-03-31 19:32:00	LHR	2018-03-31 21:49:00	2018-03-31 22:00:00	2018-03-31 21:55:00	J	TP					12.0	210.0	9.0	6.21		M	M	M									6.0	310.0	9.0	6.21		OVC	M	M	1200.0							
466666	2018-03-31 00:00:00	946.0	CSTTU	319	AIRBUS A319-111	NB	LIS	2018-03-31 19:25:00	2018-03-31 19:19:00	2018-03-31 19:30:00	GVA	2018-03-31 21:33:00	2018-03-31 21:37:00	2018-03-31 21:45:00	J	TP					12.0	210.0	9.0	6.21		M	M	M									5.0	240.0	4.0	6.21		BKN	M	M	2500.0							
466667	2018-03-31 00:00:00	1959.0	CSDJF	AT7	ATR 72	WI	OPO	2018-03-31 19:30:00	2018-03-31 19:29:00	2018-03-31 19:36:00	LIS	2018-03-31 20:20:00	2018-03-31 20:29:00	2018-03-31 20:30:00	J	WI					12.0	190.0	9.0	6.21		FEW	M	M	2500.0								12.0	220.0	7.0	6.21		M	M	M								
466668	2018-03-31 00:00:00	1528.0	CSTNH	320	AIRBUS A320-211	NB	TMS	2018-03-31 19:35:00	2018-03-31 19:40:00	2018-03-31 19:45:00	ACC	2018-03-31 21:08:00	2018-03-31 21:12:00	2018-03-31 21:15:00	J	TP	2018-04-20 15:24:59	5.0	81.0	0	27.0	320.0	6.0	6.21		FEW	BKN	M	2000.0	4000.0							29.0	220.0	10.0	6.21		FEW	M	M	1500.0							
466669	2018-03-31 00:00:00	1547.0	CSTJH	321	AIRBUS A321-211	NB	LIS	2018-03-31 19:45:00	2018-03-31 19:53:00	2018-03-31 20:04:00	SID	2018-03-31 23:50:00	2018-03-31 23:55:00	2018-03-31 23:55:00	J	TP	2018-03-31 20:05:59	8.0	15.0	A	12.0	220.0	7.0	6.21		M	M	M									21.0	50.0	12.0	4.35		BKN	M	M	1400.0							
466670	2018-03-31 00:00:00	1485.0	CSTJG	321	AIRBUS A321-211	NB	LIS	2018-03-31 19:50:00	2018-03-31 20:04:00	2018-03-31 20:18:00	DSS	2018-03-31 23:52:00	2018-03-31 23:57:00	2018-03-31 23:50:00	J	TP	2018-03-31 20:34:59	10.0	49.0	0	12.0	220.0	7.0	6.21		M	M	M									18.0	360.0	17.0	6.21		FEW	M	M	500.0							
466671	2018-03-31 00:00:00	337.0	CSTPO	E90	EMBRAER 190	PGA	LGW	2018-03-31 19:55:00	2018-03-31 20:05:00	2018-03-31 20:16:00	OPO	2018-03-31 22:06:00	2018-03-31 22:09:00	2018-03-31 22:15:00	J	NI	2018-04-01 08:09:59	9.0	32.0	A	7.0	310.0	10.0	6.21		FEW	SCT	BKN	1100.0	1500.0	2000.0						12.0	170.0	9.0	6.21		FEW	SCT	M	2600.0	4800.0						
466672	2018-03-31 00:00:00	104.0	CSTOX	333	AIRBUS A330-300	WB	CNF	2018-03-31 20:00:00	2018-03-31 19:53:00	2018-03-31 20:04:00	LIS	2018-04-01 04:35:00	2018-04-01 04:40:00	2018-04-01 05:10:00	J	TP					25.0	90.0	8.0	6.21		SCT	M	M	4500.0								10.0	120.0	4.0	6.21		FEW	M	M	500.0							
466673	2018-03-31 00:00:00	1533.0	CSTNT	320	AIRBUS A320-211	NB	LIS	2018-03-31 20:00:00	2018-03-31 20:14:00	2018-03-31 20:31:00	RAI	2018-04-01 00:34:00	2018-04-01 00:39:00	2018-04-01 00:15:00	J	TP	2018-03-31 20:33:59	2.0	89.0	0	12.0	220.0	7.0	6.21		M	M	M									21.0	30.0	15.0	6.21		M	M	M								
466674	2018-03-31 00:00:00	494.0	CSTPS	E90	EMBRAER 190	PGA	LIS	2018-03-31 20:05:00	2018-03-31 19:57:00	2018-03-31 20:16:00	TLS	2018-03-31 21:42:00	2018-03-31 21:49:00	2018-03-31 21:55:00	J	NI					12.0	220.0	7.0	6.21		M	M	M									7.0	270.0	11.0	6.21		///	M	M								
466675	2018-03-31 00:00:00	1021.0	CSTNN	320	AIRBUS A320-211	NB	MAD	2018-03-31 20:05:00	2018-03-31 20:11:00	2018-03-31 20:24:00	LIS	2018-03-31 21:30:00	2018-03-31 21:35:00	2018-03-31 21:25:00	J	TP	2018-03-31 20:41:33	6.0	81.0	0	11.0	290.0	7.0	6.21		M	M	M									12.0	230.0	5.0	6.21		M	M	M								
466676	2018-03-31 00:00:00	224.0	CSTOG	332	AIRBUS A330-200	WB	MIA	2018-03-31 20:15:00	2018-03-31 20:39:00	2018-03-31 20:53:00	LIS	2018-04-01 03:57:00	2018-04-01 04:03:00	2018-04-01 04:20:00	J	TP	2018-03-31 21:19:39	14.0	89.0	0				10.0		FEW	M	M	4500.0								10.0	110.0	3.0	6.21		FEW	M	M	500.0							
466677	2018-03-31 00:00:00	1968.0	CSTPP	E90	EMBRAER 190	PGA	LIS	2018-03-31 20:15:00	2018-03-31 20:13:00	2018-03-31 20:25:00	OPO	2018-03-31 21:03:00	2018-03-31 21:06:00	2018-03-31 21:10:00	J	NI					12.0	220.0	7.0	6.21		M	M	M									12.0	180.0	9.0	6.21		FEW	BKN	M	2500.0	4900.0						
466678	2018-03-31 00:00:00	9023.0	CSTJE	321	AIRBUS A321-211	NB	LIS	2018-03-31 20:15:00	2018-03-31 20:22:00	2018-03-31 20:33:00	SID	2018-04-01 00:18:00	2018-04-01 00:23:00	2018-04-01 00:25:00	C	TP	2018-03-31 20:36:59	7.0	16.0	0	12.0	220.0	7.0	6.21		M	M	M									20.0	30.0	14.0	3.73		BKN	M	M	1400.0							
466679	2018-03-31 00:00:00	817.0	FHBAL	319	AIRBUS A319-111	NB	MXP	2018-03-31 20:20:00	2018-03-31 20:10:00	2018-03-31 20:17:00	OPO	2018-03-31 22:36:00	2018-03-31 22:40:00	2018-03-31 23:05:00	J	TP					6.0		2.0	6.21		NSC	M	M									12.0	160.0	8.0	6.21		FEW	M	M	2800.0							
466680	2018-03-31 00:00:00	1048.0	CSTTC	319	AIRBUS A319-111	NB	LIS	2018-03-31 20:30:00	2018-03-31 20:45:00	2018-03-31 20:59:00	BCN	2018-03-31 22:19:00	2018-03-31 22:26:00	2018-03-31 22:20:00	J	TP	2018-03-31 21:06:59	15.0	83.0	0	12.0	220.0	7.0	6.21		M	M	M									12.0	310.0	13.0	6.21		M	M	M								
466681	2018-03-31 00:00:00	1971.0	CSDJB	AT7	ATR 72	WI	OPO	2018-03-31 20:30:00	2018-03-31 20:36:00	2018-03-31 20:47:00	LIS	2018-03-31 21:40:00	2018-03-31 21:46:00	2018-03-31 21:30:00	J	WI	2018-03-31 20:50:31	6.0	93.0	R	12.0	180.0	9.0	6.21		FEW	M	M	2500.0								12.0	220.0	6.0	6.21		M	M	M								
466682	2018-03-31 00:00:00	1022.0	CSTNI	320	AIRBUS A320-211	NB	LIS	2018-03-31 20:35:00	2018-03-31 20:45:00	2018-03-31 20:55:00	MAD	2018-03-31 21:46:00	2018-03-31 21:58:00	2018-03-31 21:50:00	J	TP	2018-03-31 20:57:59	10.0	15.0	A	12.0	220.0	7.0	6.21		M	M	M									9.0	250.0	5.0	6.21		M	M	M								
466683	2018-03-31 00:00:00	1047.0	CSTPT	E90	EMBRAER 190	PGA	BCN	2018-03-31 20:35:00	2018-03-31 20:24:00	2018-03-31 20:42:00	LIS	2018-03-31 22:18:00	2018-03-31 22:24:00	2018-03-31 22:30:00	J	NI					13.0	310.0	15.0	6.21		M	M	M									11.0	230.0	4.0	6.21		M	M	M								
466684	2018-03-31 00:00:00	478.0	CSTTW	E95	EMBRAER 195	PGA	LIS	2018-03-31 20:40:00	2018-03-31 20:38:00	2018-03-31 20:50:00	LYS	2018-03-31 22:42:00	2018-03-31 22:47:00	2018-03-31 22:55:00	J	NI					12.0	220.0	7.0	6.21		M	M	M									7.0	280.0	5.0	6.21		BKN	M	M	3200.0							
466685	2018-03-31 00:00:00	1136.0	CSDJD	AT7	ATR 72	WI	LIS	2018-03-31 20:40:00	2018-03-31 20:44:00	2018-03-31 20:52:00	AGP	2018-03-31 22:00:00	2018-03-31 22:05:00	2018-03-31 22:10:00	J	WI	2018-03-31 20:55:59	4.0	15.0	A	12.0	220.0	7.0	6.21		M	M	M									14.0	280.0	9.0	6.21		M	M	M								
466686	2018-03-31 00:00:00	1691.0	CSTMW	320	AIRBUS A320-211	NB	LIS	2018-03-31 20:50:00	2018-03-31 20:49:00	2018-03-31 21:04:00	FNC	2018-03-31 22:32:00	2018-03-31 22:36:00	2018-03-31 22:35:00	J	TP					12.0	240.0	6.0	6.21		M	M	M									15.0		2.0	6.21		FEW	SCT	M	1500.0	6000.0						
466687	2018-03-31 00:00:00	1688.0	CSTJF	321	AIRBUS A321-211	NB	FNC	2018-03-31 20:55:00	2018-03-31 21:27:00	2018-03-31 21:34:00	LIS	2018-03-31 22:50:00	2018-03-31 22:55:00	2018-03-31 22:30:00	J	TP	2018-03-31 21:35:29	13.0	93.0	A	16.0	310.0	3.0	6.21		FEW	M	M	1600.0								11.0	220.0	3.0	6.21		M	M	M								
466688	2018-03-31 00:00:00	1031.0	CSTTE	319	AIRBUS A319-111	NB	BCN	2018-03-31 21:05:00	2018-03-31 21:07:00	2018-03-31 21:25:00	OPO	2018-03-31 22:56:00	2018-03-31 22:58:00	2018-03-31 22:55:00	J	TP	2018-03-31 21:32:40	2.0	93.0	0	13.0	310.0	14.0	6.21		M	M	M									12.0	160.0	9.0	6.21		M	M	M								
466689	2018-03-31 00:00:00	1432.0	CSDJF	AT7	ATR 72	WI	LIS	2018-03-31 21:10:00	2018-03-31 21:07:00	2018-03-31 21:17:00	TNG	2018-03-31 22:22:00	2018-03-31 22:31:00	2018-03-31 22:40:00	J	WI					12.0	240.0	6.0	6.21		M	M	M									9.0	60.0	3.0	4.97		FEW	M	M	1600.0							
466690	2018-03-31 00:00:00	1823.0	CSTNK	320	AIRBUS A320-211	NB	LIS	2018-03-31 21:10:00	2018-03-31 20:54:00	2018-03-31 21:07:00	TER	2018-03-31 23:19:00	2018-03-31 23:27:00	2018-03-31 23:40:00	J	TP					12.0	240.0	6.0	6.21		M	M	M									14.0			6.21		FEW	M	M	2500.0							
466691	2018-03-31 00:00:00	1104.0	CSDJG	AT7	ATR 72	WI	LIS	2018-03-31 21:20:00	2018-03-31 21:21:00	2018-03-31 21:36:00	SVQ	2018-03-31 22:26:00	2018-03-31 22:30:00	2018-03-31 22:30:00	J	WI	2018-03-31 21:32:59	1.0	16.0	E	12.0	230.0	5.0	6.21		M	M	M									13.0	310.0	4.0	6.21		M	M	M								
466692	2018-03-31 00:00:00	1865.0	CSTNJ	320	AIRBUS A320-211	NB	LIS	2018-03-31 21:30:00	2018-03-31 21:50:00	2018-03-31 22:03:00	PDL	2018-04-01 00:10:00	2018-04-01 00:10:00	2018-03-31 23:55:00	J	TP	2018-04-04 15:27:59	20.0	42.0	D	12.0	220.0	6.0	6.21		M	M	M									15.0	290.0	13.0	6.21		FEW	FEW	M	1600.0	2000.0						
466693	2018-03-31 00:00:00	1945.0	CSTTA	319	AIRBUS A319-111	NB	OPO	2018-03-31 21:30:00	2018-03-31 21:27:00	2018-03-31 21:36:00	LIS	2018-03-31 22:06:00	2018-03-31 22:09:00	2018-03-31 22:25:00	J	TP					12.0	170.0	9.0	6.21		FEW	SCT	M	2500.0	4700.0							12.0	220.0	6.0	6.21		M	M	M								
466694	2018-03-31 00:00:00	1958.0	CSTTN	319	AIRBUS A319-111	NB	LIS	2018-03-31 21:30:00	2018-03-31 21:34:00	2018-03-31 21:43:00	OPO	2018-03-31 22:19:00	2018-03-31 22:22:00	2018-03-31 22:25:00	J	TP	2018-03-31 21:53:59	4.0	41.0	A	12.0	230.0	5.0	6.21		M	M	M									12.0	160.0	8.0	6.21		FEW	M	M	2800.0							
466695	2018-03-31 00:00:00	202.0	CSTOW	333	AIRBUS A330-300	WB	EWR	2018-03-31 21:45:00	2018-03-31 22:05:00	2018-03-31 22:20:00	LIS	2018-04-01 04:06:00	2018-04-01 04:09:00	2018-04-01 04:35:00	J	TP	2018-03-31 22:40:39	20.0	89.0	0		160.0	12.0	10.0	17.0	M	M	M									10.0	110.0	3.0	6.21		FEW	M	M	500.0							
466696	2018-03-31 00:00:00	286.0	CSTOV	333	AIRBUS A330-300	WB	LAD	2018-03-31 21:45:00	2018-03-31 22:30:00	2018-03-31 22:40:00	LIS	2018-04-01 05:45:00	2018-04-01 05:50:00	2018-04-01 05:35:00	J	TP	2018-04-01 08:09:59	20.0	86.0	0	28.0	160.0	8.0	4.97		SCT	BKN	M	2000.0	8000.0							9.0	140.0	4.0	6.21		FEW	M	M	800.0							
466697	2018-03-31 00:00:00	2614.0	CSTKR	763	BOEING 767-300/300ER		CCS	2018-03-31 21:50:00	2018-04-01 00:14:00	2018-04-01 00:28:00	CUR	2018-04-01 01:06:00	2018-04-01 01:13:00	2018-03-31 22:55:00	J	YU	2018-04-01 00:46:36	144.0	93.0	0	26.0	70.0	2.0	6.21		SCT	M	M	1600.0								26.0	80.0	12.0	6.21		SCT	M	M	1800.0							
466698	2018-03-31 00:00:00	1909.0	CSTTO	319	AIRBUS A319-111	NB	LIS	2018-03-31 22:05:00	2018-03-31 22:03:00	2018-03-31 22:15:00	FAO	2018-03-31 22:44:00	2018-03-31 22:48:00	2018-03-31 22:50:00	J	TP					12.0	220.0	6.0	6.21		M	M	M									12.0	10.0	4.0	6.21		M	M	M								
466699	2018-03-31 00:00:00	1232.0	CSTNX	320	AIRBUS A320-211	NB	LIS	2018-03-31 22:10:00	2018-03-31 22:16:00	2018-03-31 22:25:00	DME	2018-04-01 03:12:00	2018-04-01 03:18:00	2018-04-01 03:25:00	J	TP	2018-03-31 22:27:59	6.0	37.0	B	11.0	230.0	4.0	6.21		M	M	M									0.0	100.0	5.83	0.75		OVC	M	M	200.0							
466700	2018-03-31 00:00:00	1693.0	CSTNP	320	AIRBUS A320-211	NB	LIS	2018-03-31 22:10:00	2018-03-31 22:48:00	2018-03-31 22:59:00	FNC	2018-04-01 00:29:00	2018-04-01 00:32:00	2018-03-31 23:55:00	J	TP	2018-03-31 23:15:59	5.0	89.0	0	11.0	220.0	3.0	6.21		M	M	M									16.0	200.0	14.0	6.21		FEW	M	M	1500.0							
466701	2018-03-31 00:00:00	1528.0	CSTNH	320	AIRBUS A320-211	NB	ACC	2018-03-31 22:15:00	2018-03-31 22:04:00	2018-03-31 22:15:00	LIS	2018-04-01 03:32:00	2018-04-01 03:37:00	2018-04-01 03:45:00	J	TP					29.0	230.0	11.0	6.21		FEW	M	M	1600.0								9.0	40.0	2.0	6.21		FEW	M	M	400.0							
466702	2018-03-31 00:00:00	1928.0	CSTTB	319	AIRBUS A319-111	NB	LIS	2018-03-31 22:15:00	2018-03-31 22:31:00	2018-03-31 22:43:00	OPO	2018-03-31 23:18:00	2018-03-31 23:21:00	2018-03-31 23:10:00	J	TP	2018-03-31 22:48:59	16.0	95.0	A	11.0	230.0	4.0	6.21		M	M	M									11.0	160.0	7.0	6.21		FEW	M	M	4200.0							
466703	2018-03-31 00:00:00	87.0	CSTOM	332	AIRBUS A330-200	WB	LIS	2018-03-31 22:20:00	2018-03-31 22:25:00	2018-03-31 22:39:00	GRU	2018-04-01 08:18:00	2018-04-01 08:27:00	2018-04-01 08:20:00	J	TP	2018-03-31 22:50:59	5.0	58.0	A	11.0	230.0	4.0	6.21		M	M	M									20.0	20.0	3.0	6.21		M	M	M								
466704	2018-03-31 00:00:00	75.0	CSTFM	772	BOEING 777-200		LIS	2018-03-31 22:25:00	2018-03-31 22:52:00	2018-03-31 23:10:00	GIG	2018-04-01 08:25:00	2018-04-01 08:30:00	2018-04-01 08:20:00	J	TP	2018-03-31 23:16:59	27.0	16.0	C	11.0	220.0	3.0	6.21		M	M	M									24.0	80.0	2.0	6.21		M	M	M								
466705	2018-03-31 00:00:00	792.0	CSTNS	320	AIRBUS A320-211	NB	LIS	2018-03-31 22:25:00	2018-03-31 22:39:00	2018-03-31 22:52:00	HEL	2018-04-01 03:00:00	2018-04-01 03:10:00	2018-04-01 03:00:00	J	TP	2018-03-31 23:55:59	4.0	89.0	0	11.0	230.0	4.0	6.21		M	M	M									-9.0	40.0	4.0	6.21		FEW	M	M	300.0							
466706	2018-03-31 00:00:00	13.0	CSTOE	332	AIRBUS A330-200	WB	LIS	2018-03-31 22:40:00	2018-03-31 22:41:00	2018-03-31 22:54:00	REC	2018-04-01 06:19:00	2018-04-01 06:24:00	2018-04-01 06:20:00	J	TP	2018-03-31 22:56:59	1.0	89.0	0	11.0	230.0	4.0	6.21		M	M	M									25.0	220.0	4.0	6.21		BKN	BKN	M	1500.0	4000.0						
466707	2018-03-31 00:00:00	218.0	CSTOL	332	AIRBUS A330-200	WB	BOS	2018-03-31 22:40:00	2018-03-31 22:37:00	2018-03-31 22:48:00	LIS	2018-04-01 04:22:00	2018-04-01 04:28:00	2018-04-01 05:05:00	J	TP								10.0		M	M	M									10.0	120.0	4.0	6.21		FEW	M	M	500.0							
466708	2018-03-31 00:00:00	2394.0	CSTTJ	319	AIRBUS A319-111	NB	LIS	2018-03-31 22:50:00	2018-03-31 22:57:00	2018-03-31 23:12:00	OTP	2018-04-01 02:41:00	2018-04-01 02:48:00	2018-04-01 02:50:00	J	TP	2018-03-31 23:23:59	7.0	89.0	0	11.0	220.0	3.0	6.21		M	M	M									9.0	40.0	4.0	6.21		M	M	M								
466709	2018-03-31 00:00:00	782.0	CSTNY	320	AIRBUS A320-211	NB	LIS	2018-03-31 22:55:00	2018-03-31 22:59:00	2018-03-31 23:07:00	ARN	2018-04-01 02:56:00	2018-04-01 03:03:00	2018-04-01 03:10:00	J	TP	2018-03-31 23:12:59	4.0	89.0	0	11.0	220.0	3.0	6.21		M	M	M									-4.0	360.0	3.0	0.22		VV 	M	M	300.0							
466710	2018-03-31 00:00:00	118.0	CSTOQ	332	AIRBUS A330-200	WB	POA	2018-03-31 23:05:00	2018-03-31 22:49:00	2018-03-31 23:07:00	LIS	2018-04-01 09:24:00	2018-04-01 09:28:00	2018-04-01 09:50:00	J	TP					21.0		1.0	3.11		FEW	BKN	OVC	700.0	1000.0	7000.0						11.0	110.0	7.0	6.21		M	M	M								
466711	2018-03-31 00:00:00	1314.0	CSTNM	320	AIRBUS A320-211	NB	LIS	2018-03-31 23:25:00	2018-03-31 23:25:00	2018-03-31 23:33:00	BUD	2018-04-01 02:29:00	2018-04-01 02:32:00	2018-04-01 03:00:00	J	TP					11.0	210.0	4.0	6.21		M	M	M									8.0	220.0	9.0	6.21		BKN	OVC	M	400.0	2300.0						
466712	2018-03-31 00:00:00	80.0	CSTOP	332	AIRBUS A330-200	WB	GRU	2018-03-31 23:50:00	2018-03-31 23:56:00	2018-04-01 00:16:00	OPO	2018-04-01 09:57:00	2018-04-01 10:00:00	2018-04-01 09:50:00	J	TP	2018-04-01 05:12:59	6.0	89.0	0	20.0	230.0	3.0	6.21		SCT	BKN	M	3500.0	8000.0							16.0	190.0	14.0	6.21		M	M	M								
466713	2018-03-31 00:00:00	1476.0	CSTQD	320	AIRBUS A320-211	NB	OXB	2018-03-31 23:50:00	2018-04-01 00:58:00	2018-04-01 01:07:00	LIS	2018-04-01 04:55:00	2018-04-01 05:00:00	2018-04-01 04:00:00	J	TP	2018-04-01 01:21:38	25.0	86.0	B	25.0	230.0	4.0	3.73		NSC	M	M									10.0	130.0	5.0	6.21		FEW	M	M	600.0							
466714	2018-03-31 00:00:00	2614.0	CSTKR	763	BOEING 767-300/300ER		CUR	2018-03-31 23:55:00	2018-04-01 02:10:00	2018-04-01 02:22:00	LIS	2018-04-01 10:09:00	2018-04-01 10:13:00	2018-04-01 07:55:00	J	YU	2018-04-01 02:32:41	135.0	93.0	0	26.0	80.0	12.0	6.21		SCT	M	M	1800.0								13.0	120.0	7.0	6.21		M	M	M								
466715	2018-04-01 00:00:00	88.0	CSTOA	343	AIRBUS A340-312	WB	GRU	2018-04-01 00:40:00	2018-04-01 00:30:00	2018-04-01 00:54:00	LIS	2018-04-01 10:24:00	2018-04-01 10:29:00	2018-04-01 10:30:00	J	TP					20.0	230.0	1.0	6.21		FEW	BKN	M	700.0	7000.0							14.0	110.0	5.0	6.21		M	M	M								
466716	2018-04-01 00:00:00	1484.0	CSTJG	321	AIRBUS A321-211	NB	DSS	2018-04-01 00:50:00	2018-04-01 01:54:00	2018-04-01 02:06:00	LIS	2018-04-01 05:36:00	2018-04-01 05:41:00	2018-04-01 04:45:00	J	TP	2018-04-20 15:28:59	13.0	15.0	A	17.0	350.0	18.0	4.97		SCT	M	M	400.0								9.0	150.0	5.0	6.21		FEW	M	M	600.0							
466717	2018-04-01 00:00:00	1538.0	CSTJH	321	AIRBUS A321-211	NB	SID	2018-04-01 00:55:00	2018-04-01 01:26:00	2018-04-01 01:32:00	LIS	2018-04-01 04:56:00	2018-04-01 05:00:00	2018-04-01 04:35:00	J	TP	2018-04-02 08:12:59	12.0	11.0	0	20.0	30.0	11.0	3.73		SCT	M	M	1400.0								10.0	130.0	5.0	6.21		FEW	M	M	600.0							
466718	2018-04-01 00:00:00	1532.0	CSTNT	320	AIRBUS A320-211	NB	RAI	2018-04-01 01:05:00	2018-04-01 01:19:00	2018-04-01 01:30:00	LIS	2018-04-01 05:15:00	2018-04-01 05:20:00	2018-04-01 05:05:00	J	TP	2018-04-02 00:40:59	14.0	93.0	A	21.0	30.0	15.0	6.21		M	M	M									9.0	150.0	5.0	6.21		FEW	M	M	600.0							
466719	2018-04-01 00:00:00	9024.0	CSTJE	321	AIRBUS A321-211	NB	SID	2018-04-01 01:25:00	2018-04-01 01:47:00	2018-04-01 01:52:00	LIS	2018-04-01 05:11:00	2018-04-01 05:15:00	2018-04-01 05:05:00	C	TP	2018-04-04 16:20:59	22.0	16.0	0	20.0	50.0	15.0	3.73		SCT	M	M	1400.0								10.0	130.0	5.0	6.21		FEW	M	M	600.0							
466720	2018-04-01 00:00:00	36.0	CSTOK	332	AIRBUS A330-200	WB	FOR	2018-04-01 02:05:00	2018-04-01 02:10:00	2018-04-01 02:22:00	LIS	2018-04-01 09:02:00	2018-04-01 09:07:00	2018-04-01 09:10:00	J	TP	2018-04-01 02:31:40	5.0	85.0	B	27.0	90.0	5.0	6.21		FEW	BKN	M	1800.0	9000.0							12.0		5.0	6.21		M	M	M								
466721	2018-04-01 00:00:00	12.0	CSTOI	332	AIRBUS A330-200	WB	REC	2018-04-01 02:10:00	2018-04-01 02:16:00	2018-04-01 02:28:00	LIS	2018-04-01 09:22:00	2018-04-01 09:26:00	2018-04-01 09:35:00	J	TP	2018-04-01 02:30:38	6.0	89.0	0	25.0	200.0	5.0	6.21		BKN	M	M	2000.0								11.0	110.0	7.0	6.21		M	M	M								
466722	2018-04-01 00:00:00	21.0	CSTOF	332	AIRBUS A330-200	WB	SSA	2018-04-01 02:20:00	2018-04-01 02:20:00	2018-04-01 02:35:00	LIS	2018-04-01 10:21:00	2018-04-01 10:25:00	2018-04-01 10:25:00	J	TP					27.0	90.0	10.0	6.21		SCT	M	M	2000.0								14.0	110.0	5.0	6.21		M	M	M								
466723	2018-04-01 00:00:00	4.0	CSTOH	332	AIRBUS A330-200	WB	NAT	2018-04-01 03:15:00	2018-04-01 03:10:00	2018-04-01 03:24:00	LIS	2018-04-01 10:10:00	2018-04-01 10:14:00	2018-04-01 10:05:00	J	TP					25.0	180.0	4.0	6.21		FEW	M	M	1900.0								13.0	120.0	7.0	6.21		M	M	M								
466724	2018-04-01 00:00:00	208.0	CSTOO	332	AIRBUS A330-200	WB	JFK	2018-04-01 03:25:00	2018-04-01 03:25:00	2018-04-01 03:41:00	LIS	2018-04-01 09:45:00	2018-04-01 09:49:00	2018-04-01 10:15:00	J	TP						190.0	15.0	10.0		CLR	M	M									13.0	120.0	7.0	6.21		M	M	M								
466725	2018-04-01 00:00:00	1325.0	CSTTJ	319	AIRBUS A319-111	NB	OTP	2018-04-01 03:35:00	2018-04-01 03:48:00	2018-04-01 03:58:00	LIS	2018-04-01 08:12:00	2018-04-01 08:16:00	2018-04-01 08:10:00	J	TP	2018-04-01 04:35:47	7.0	89.0	0	9.0	60.0	2.0	6.21		M	M	M									11.0	120.0	7.0	6.21		FEW	M	M	500.0							
466726	2018-04-01 00:00:00	1311.0	CSTNM	320	AIRBUS A320-211	NB	BUD	2018-04-01 03:45:00	2018-04-01 03:51:00	2018-04-01 04:02:00	LIS	2018-04-01 07:41:00	2018-04-01 07:44:00	2018-04-01 07:25:00	J	TP	2018-04-01 04:29:55	6.0	39.0	0	8.0	240.0	8.0	6.21		SCT	BKN	M	500.0	800.0							10.0	100.0	5.0	6.21		M	M	M								
466727	2018-04-01 00:00:00	262.0	CSTOU	333	AIRBUS A330-300	WB	YYZ	2018-04-01 03:55:00	2018-04-01 03:52:00	2018-04-01 04:13:00	LIS	2018-04-01 10:39:00	2018-04-01 10:43:00	2018-04-01 10:50:00	J	TP					4.0	300.0	20.0	15.0	26.0	SCT	SCT	M	2200.0	7000.0							14.0	110.0	5.0	6.21		M	M	M								
466728	2018-04-01 00:00:00	473.0	CSTTW	E95	EMBRAER 195	PGA	LYS	2018-04-01 04:00:00	2018-04-01 04:02:00	2018-04-01 04:13:00	LIS	2018-04-01 06:25:00	2018-04-01 06:29:00	2018-04-01 06:30:00	J	NI	2018-04-01 04:15:53	2.0	89.0	0	6.0	180.0	4.0	6.21		SCT	BKN	M	2600.0	8300.0							9.0	130.0	4.0	6.21		FEW	M	M	600.0							
466729	2018-04-01 00:00:00	527.0	CSTPV	E90	EMBRAER 190	PGA	STR	2018-04-01 04:00:00	2018-04-01 03:56:00	2018-04-01 04:08:00	LIS	2018-04-01 06:55:00	2018-04-01 06:59:00	2018-04-01 07:10:00	J	NI					6.0	210.0	4.0	6.21		FEW	BKN	M	2400.0	8200.0							10.0		5.0	6.21		FEW	M	M	600.0							
466730	2018-04-01 00:00:00	567.0	CSTNR	320	AIRBUS A320-211	NB	HAM	2018-04-01 04:00:00	2018-04-01 04:06:00	2018-04-01 04:14:00	LIS	2018-04-01 07:32:00	2018-04-01 07:37:00	2018-04-01 07:30:00	J	TP	2018-04-01 04:29:54	6.0	32.0	A	1.0	320.0	9.0	5.59		FEW	BKN	M	500.0	800.0							10.0	100.0	5.0	6.21		M	M	M								
466731	2018-04-01 00:00:00	753.0	CSTNG	320	AIRBUS A320-211	NB	CPH	2018-04-01 04:00:00	2018-04-01 03:58:00	2018-04-01 04:11:00	LIS	2018-04-01 07:44:00	2018-04-01 07:53:00	2018-04-01 07:45:00	J	TP					1.0	360.0	17.0	6.21		BKN	M	M	2000.0								10.0	100.0	4.0	6.21		M	M	M								
466732	2018-04-01 00:00:00	791.0	CSTNS	320	AIRBUS A320-211	NB	HEL	2018-04-01 04:00:00	2018-04-01 04:07:00	2018-04-01 04:19:00	LIS	2018-04-01 08:59:00	2018-04-01 09:03:00	2018-04-01 08:55:00	J	TP	2018-04-01 05:00:59	7.0	19.0	B	-9.0	30.0	5.0	6.21		FEW	SCT	M	400.0	20000.0							12.0		5.0	6.21		M	M	M								
466733	2018-04-01 00:00:00	1307.0	CSTTH	319	AIRBUS A319-111	NB	PRG	2018-04-01 04:00:00	2018-04-01 03:56:00	2018-04-01 04:06:00	LIS	2018-04-01 07:26:00	2018-04-01 07:29:00	2018-04-01 07:30:00	J	TP					1.0	240.0	6.0	6.21		FEW	BKN	M	2500.0	3100.0							10.0	100.0	5.0	6.21		M	M	M								
466734	2018-04-01 00:00:00	553.0	CSTTQ	319	AIRBUS A319-111	NB	MUC	2018-04-01 04:05:00	2018-04-01 04:10:00	2018-04-01 04:21:00	LIS	2018-04-01 07:20:00	2018-04-01 07:24:00	2018-04-01 07:20:00	J	TP	2018-04-01 09:28:59	5.0	89.0	0	4.0	250.0	13.0	6.21		SCT	SCT	M	4000.0	9500.0							10.0	100.0	5.0	6.21		M	M	M								
466735	2018-04-01 00:00:00	949.0	CSTTU	319	AIRBUS A319-111	NB	GVA	2018-04-01 04:10:00	2018-04-01 04:16:00	2018-04-01 04:26:00	LIS	2018-04-01 06:43:00	2018-04-01 06:46:00	2018-04-01 06:45:00	J	TP	2018-04-02 08:13:59	6.0	14.0	B	4.0	210.0	10.0	6.21		FEW	BKN	BKN	1500.0	2000.0	3000.0						10.0		5.0	6.21		FEW	M	M	600.0							
466736	2018-04-01 00:00:00	499.0	CSTPS	E90	EMBRAER 190	PGA	TLS	2018-04-01 04:15:00	2018-04-01 04:10:00	2018-04-01 04:22:00	LIS	2018-04-01 06:05:00	2018-04-01 06:13:00	2018-04-01 06:15:00	J	NI					6.0	250.0	8.0	6.21		M	M	M									9.0	140.0	4.0	6.21		FEW	M	M	800.0							
466737	2018-04-01 00:00:00	571.0	CSTTR	319	AIRBUS A319-111	NB	FRA	2018-04-01 04:15:00	2018-04-01 04:07:00	2018-04-01 04:20:00	LIS	2018-04-01 07:17:00	2018-04-01 07:22:00	2018-04-01 07:25:00	J	TP					6.0	240.0	3.0	6.21		FEW	SCT	M	2500.0	8000.0							10.0	100.0	5.0	6.21		M	M	M								
466738	2018-04-01 00:00:00	837.0	CSTTD	319	AIRBUS A319-111	NB	FCO	2018-04-01 04:15:00	2018-04-01 04:17:00	2018-04-01 04:30:00	LIS	2018-04-01 07:35:00	2018-04-01 07:38:00	2018-04-01 07:20:00	J	TP	2018-04-01 04:33:46	2.0	89.0	0	12.0	300.0	9.0	6.21		FEW	M	M	2800.0								10.0	100.0	5.0	6.21		M	M	M								
466739	2018-04-01 00:00:00	1235.0	CSTNX	320	AIRBUS A320-211	NB	DME	2018-04-01 04:15:00	2018-04-01 04:16:00	2018-04-01 04:36:00	LIS	2018-04-01 10:19:00	2018-04-01 10:23:00	2018-04-01 10:10:00	J	TP	2018-04-02 00:42:59	1.0	99.0	0	1.0	100.0	3.89	1.06		OVC	M	M	100.0								14.0	110.0	5.0	6.21		M	M	M								
466740	2018-04-01 00:00:00	1943.0	CSTPW	E90	EMBRAER 190	PGA	OPO	2018-04-01 04:15:00	2018-04-01 04:24:00	2018-04-01 04:31:00	LIS	2018-04-01 05:09:00	2018-04-01 05:14:00	2018-04-01 05:10:00	J	NI	2018-04-01 04:39:54	9.0	85.0	B	11.0	140.0	6.0	6.21		M	M	M									10.0	130.0	5.0	6.21		FEW	M	M	600.0							
466741	2018-04-01 00:00:00	641.0	CSTTS	319	AIRBUS A319-111	NB	BRU	2018-04-01 04:20:00	2018-04-01 04:19:00	2018-04-01 04:30:00	LIS	2018-04-01 07:08:00	2018-04-01 07:14:00	2018-04-01 07:10:00	J	TP					5.0	270.0	9.0	6.21		BKN	M	M	1100.0								10.0		5.0	6.21		FEW	M	M	600.0							
466742	2018-04-01 00:00:00	929.0	CSTNQ	320	AIRBUS A320-211	NB	ZRH	2018-04-01 04:20:00	2018-04-01 04:25:00	2018-04-01 04:35:00	LIS	2018-04-01 07:17:00	2018-04-01 07:20:00	2018-04-01 07:10:00	J	TP	2018-04-05 14:55:59	5.0	39.0	C	4.0	230.0	8.0	6.21		SCT	BKN	M	1200.0	2300.0							10.0	100.0	5.0	6.21		M	M	M								
466743	2018-04-01 00:00:00	587.0	CSTTX	E95	EMBRAER 195	PGA	CGN	2018-04-01 04:25:00	2018-04-01 04:23:00	2018-04-01 04:36:00	LIS	2018-04-01 07:23:00	2018-04-01 07:28:00	2018-04-01 07:35:00	J	NI					5.0	230.0	5.0	6.21		SCT	SCT	BKN	1700.0	3300.0	4200.0						10.0	100.0	5.0	6.21		M	M	M								
466744	2018-04-01 00:00:00	447.0	CSTNW	320	AIRBUS A320-211	NB	ORY	2018-04-01 04:30:00	2018-04-01 04:37:00	2018-04-01 04:48:00	LIS	2018-04-01 07:05:00	2018-04-01 07:10:00	2018-04-01 07:00:00	J	TP	2018-04-01 09:27:59	7.0	33.0	0	6.0	260.0	10.0	6.21		FEW	OVC	M	2000.0	5300.0							10.0		5.0	6.21		FEW	M	M	600.0							
466745	2018-04-01 00:00:00	1431.0	CSDJF	AT7	ATR 72	WI	TNG	2018-04-01 04:35:00	2018-04-01 04:35:00	2018-04-01 04:48:00	LIS	2018-04-01 05:56:00	2018-04-01 06:00:00	2018-04-01 06:05:00	J	WI					8.0	120.0	6.0	6.21		M	M	M									9.0	140.0	4.0	6.21		FEW	M	M	800.0							
466746	2018-04-01 00:00:00	1049.0	CSTTC	319	AIRBUS A319-111	NB	BCN	2018-04-01 04:40:00	2018-04-01 04:42:00	2018-04-01 04:52:00	LIS	2018-04-01 06:31:00	2018-04-01 06:34:00	2018-04-01 06:35:00	J	TP	2018-04-01 04:56:55	2.0	89.0	0	7.0	360.0	4.0	6.21		M	M	M									9.0	130.0	4.0	6.21		FEW	M	M	600.0							
466747	2018-04-01 00:00:00	1137.0	CSDJD	AT7	ATR 72	WI	AGP	2018-04-01 04:40:00	2018-04-01 04:38:00	2018-04-01 04:48:00	LIS	2018-04-01 05:54:00	2018-04-01 06:03:00	2018-04-01 06:15:00	J	WI					8.0	300.0	4.0	6.21		M	M	M									9.0	140.0	4.0	6.21		FEW	M	M	800.0							
466748	2018-04-01 00:00:00	361.0	CSTTF	319	AIRBUS A319-111	NB	LHR	2018-04-01 05:00:00	2018-04-01 04:56:00	2018-04-01 05:10:00	LIS	2018-04-01 07:38:00	2018-04-01 07:41:00	2018-04-01 07:35:00	J	TP					4.0	320.0	6.0	6.21		BKN	OVC	M	1600.0	3600.0							10.0	100.0	5.0	6.21		M	M	M								
466749	2018-04-01 00:00:00	459.0	CSTTG	319	AIRBUS A319-111	NB	ORY	2018-04-01 05:00:00	2018-04-01 04:49:00	2018-04-01 04:58:00	OPO	2018-04-01 06:52:00	2018-04-01 06:59:00	2018-04-01 07:05:00	J	TP					6.0	250.0	8.0	6.21		FEW	OVC	M	1900.0	5000.0							11.0	130.0	6.0	6.21		M	M	M								
466750	2018-04-01 00:00:00	781.0	CSTNY	320	AIRBUS A320-211	NB	ARN	2018-04-01 05:00:00	2018-04-01 05:18:00	2018-04-01 05:29:00	LIS	2018-04-01 09:54:00	2018-04-01 09:58:00	2018-04-01 09:25:00	J	TP	2018-04-01 05:32:51	5.0	75.0	0	-4.0	360.0	4.0	0.81		BKN	M	M	200.0								13.0	120.0	7.0	6.21		M	M	M								
466751	2018-04-01 00:00:00	1101.0	CSDJG	AT7	ATR 72	WI	SVQ	2018-04-01 05:00:00	2018-04-01 04:50:00	2018-04-01 04:58:00	LIS	2018-04-01 05:49:00	2018-04-01 05:51:00	2018-04-01 06:10:00	J	WI					9.0	50.0	9.0	6.21		M	M	M									9.0	140.0	4.0	6.21		FEW	M	M	800.0							
466752	2018-04-01 00:00:00	1670.0	CSTNP	320	AIRBUS A320-211	NB	FNC	2018-04-01 05:00:00	2018-04-01 04:56:00	2018-04-01 05:07:00	LIS	2018-04-01 06:28:00	2018-04-01 06:32:00	2018-04-01 06:35:00	J	TP					16.0	220.0	16.0	6.21		FEW	M	M	1500.0								9.0	130.0	4.0	6.21		FEW	M	M	600.0							
466753	2018-04-01 00:00:00	1900.0	CSTTO	319	AIRBUS A319-111	NB	FAO	2018-04-01 05:00:00	2018-04-01 04:56:00	2018-04-01 05:07:00	LIS	2018-04-01 05:31:00	2018-04-01 05:35:00	2018-04-01 05:45:00	J	TP					11.0	50.0	3.0	6.21		M	M	M									9.0	150.0	5.0	6.21		FEW	M	M	600.0							
466754	2018-04-01 00:00:00	1711.0	CSTTE	319	AIRBUS A319-111	NB	OPO	2018-04-01 05:05:00	2018-04-01 04:59:00	2018-04-01 05:13:00	FNC	2018-04-01 07:03:00	2018-04-01 07:05:00	2018-04-01 07:00:00	J	TP					11.0	120.0	5.0	6.21		M	M	M									17.0	220.0	11.0	6.21		SCT	M	M	1500.0							
466755	2018-04-01 00:00:00	1065.0	CSDJE	AT7	ATR 72	WI	BIO	2018-04-01 05:10:00	2018-04-01 05:24:00	2018-04-01 05:32:00	LIS	2018-04-01 07:30:00	2018-04-01 07:35:00	2018-04-01 07:20:00	J	WI	2018-04-01 05:40:48	14.0	41.0	0	6.0	130.0	6.0	6.21		M	M	M									10.0	100.0	5.0	6.21		M	M	M								
466756	2018-04-01 00:00:00	1023.0	CSTNI	320	AIRBUS A320-211	NB	MAD	2018-04-01 05:25:00	2018-04-01 05:31:00	2018-04-01 05:41:00	LIS	2018-04-01 06:34:00	2018-04-01 06:38:00	2018-04-01 06:45:00	J	TP	2018-04-01 05:45:55	6.0	89.0	0	3.0		1.0	6.21		M	M	M									9.0	130.0	4.0	6.21		FEW	M	M	600.0							
466757	2018-04-01 00:00:00	452.0	CSTTN	319	AIRBUS A319-111	NB	OPO	2018-04-01 05:30:00	2018-04-01 05:27:00	2018-04-01 05:37:00	ORY	2018-04-01 07:21:00	2018-04-01 07:42:00	2018-04-01 07:35:00	J	TP					11.0	110.0	5.0	6.21		M	M	M									7.0	250.0	10.0	6.21		SCT	OVC	M	1800.0	5000.0						
466758	2018-04-01 00:00:00	818.0	CSTTL	319	AIRBUS A319-111	NB	OPO	2018-04-01 05:30:00	2018-04-01 05:37:00	2018-04-01 05:48:00	MXP	2018-04-01 07:46:00	2018-04-01 07:51:00	2018-04-01 08:05:00	J	TP	2018-04-01 05:52:49	7.0	16.0	E	11.0	110.0	5.0	6.21		M	M	M									12.0	330.0	6.0	6.21		M	M	M								
466759	2018-04-01 00:00:00	1030.0	FHBAL	319	AIRBUS A319-111	NB	OPO	2018-04-01 05:30:00	2018-04-01 05:28:00	2018-04-01 05:41:00	BCN	2018-04-01 07:01:00	2018-04-01 07:05:00	2018-04-01 07:15:00	J	TP					11.0	110.0	5.0	6.21		M	M	M									9.0	330.0	11.0	6.21		M	M	M								
466760	2018-04-01 00:00:00	443.0	CSTTI	319	AIRBUS A319-111	NB	ORY	2018-04-01 05:50:00	2018-04-01 06:17:00	2018-04-01 06:32:00	LIS	2018-04-01 08:42:00	2018-04-01 08:45:00	2018-04-01 08:20:00	J	TP	2018-04-04 12:53:59	27.0	81.0	0	6.0	250.0	9.0	6.21		FEW	OVC	M	2000.0	5000.0							11.0	120.0	7.0	6.21		FEW	M	M	500.0							
466761	2018-04-01 00:00:00	864.0	CSTNH	320	AIRBUS A320-211	NB	LIS	2018-04-01 05:55:00	2018-04-01 06:04:00	2018-04-01 06:15:00	VCE	2018-04-01 08:38:00	2018-04-01 08:43:00	2018-04-01 08:45:00	J	TP	2018-04-01 06:25:59	9.0	85.0	C	9.0	140.0	4.0	6.21		FEW	M	M	800.0								12.0	190.0	7.0	6.21		M	M	M								
466762	2018-04-01 00:00:00	1026.0	FHBIS	320	AIRBUS A320-211	NB	LIS	2018-04-01 05:55:00	2018-04-01 06:23:00	2018-04-01 06:36:00	MAD	2018-04-01 07:21:00	2018-04-01 07:25:00	2018-04-01 07:10:00	J	TP	2018-04-01 06:39:59	28.0	41.0	A	9.0	130.0	4.0	6.21		FEW	M	M	600.0								4.0	340.0	3.0	6.21		M	M	M								
466763	2018-04-01 00:00:00	646.0	CSTJF	321	AIRBUS A321-211	NB	LIS	2018-04-01 06:00:00	2018-04-01 05:58:00	2018-04-01 06:09:00	BRU	2018-04-01 08:29:00	2018-04-01 08:34:00	2018-04-01 08:40:00	J	TP					9.0	140.0	4.0	6.21		FEW	M	M	800.0								6.0	270.0	10.0	6.21		SCT	BKN	M	1000.0	1200.0						
466764	2018-04-01 00:00:00	754.0	CSTNU	320	AIRBUS A320-211	NB	LIS	2018-04-01 06:00:00	2018-04-01 06:13:00	2018-04-01 06:24:00	CPH	2018-04-01 09:30:00	2018-04-01 09:38:00	2018-04-01 09:35:00	J	TP	2018-04-01 06:27:59	13.0	85.0	C	9.0	140.0	4.0	6.21		FEW	M	M	800.0								2.0	360.0	13.0	6.21		BKN	M	M	1800.0							
466765	2018-04-01 00:00:00	922.0	CSTPO	E90	EMBRAER 190	PGA	OPO	2018-04-01 06:00:00	2018-04-01 06:00:00	2018-04-01 06:16:00	ZRH	2018-04-01 08:20:00	2018-04-01 08:26:00	2018-04-01 08:30:00	J	NI					11.0	130.0	6.0	6.21		M	M	M									6.0	240.0	12.0	5.59		FEW	SCT	BKN	1300.0	2000.0	2500.0					
466766	2018-04-01 00:00:00	1926.0	CSDJC	AT7	ATR 72	WI	LIS	2018-04-01 06:00:00	2018-04-01 06:00:00	2018-04-01 06:12:00	OPO	2018-04-01 06:55:00	2018-04-01 06:58:00	2018-04-01 07:00:00	J	WI					9.0	140.0	4.0	6.21		FEW	M	M	800.0								11.0	130.0	6.0	6.21		M	M	M								
466767	2018-04-01 00:00:00	336.0	CSTTY	E95	EMBRAER 195	PGA	LIS	2018-04-01 06:05:00	2018-04-01 05:59:00	2018-04-01 06:22:00	LGW	2018-04-01 08:26:00	2018-04-01 08:35:00	2018-04-01 08:45:00	J	NI					9.0	140.0	4.0	6.21		FEW	M	M	800.0								5.0	310.0	7.0	6.21		SCT	BKN	M	1400.0	3300.0						
466768	2018-04-01 00:00:00	1672.0	CSTMW	320	AIRBUS A320-211	NB	FNC	2018-04-01 06:05:00	2018-04-01 06:18:00	2018-04-01 06:26:00	LIS	2018-04-01 07:50:00	2018-04-01 07:54:00	2018-04-01 07:45:00	J	TP	2018-04-01 06:28:56	13.0	64.0	0	16.0	160.0	4.0	6.21		FEW	M	M	1500.0								10.0	100.0	4.0	6.21		M	M	M								
466769	2018-04-01 00:00:00	322.0	CSTPQ	E90	EMBRAER 190	PGA	LIS	2018-04-01 06:10:00	2018-04-01 06:10:00	2018-04-01 06:32:00	MAN	2018-04-01 08:50:00	2018-04-01 08:56:00	2018-04-01 09:00:00	J	NI					9.0	140.0	4.0	6.21		FEW	M	M	800.0								5.0	30.0	7.0	6.21		BKN	M	M	2200.0							
466770	2018-04-01 00:00:00	1933.0	CSTTB	319	AIRBUS A319-111	NB	OPO	2018-04-01 06:20:00	2018-04-01 06:19:00	2018-04-01 06:31:00	LIS	2018-04-01 07:11:00	2018-04-01 07:16:00	2018-04-01 07:20:00	J	TP					11.0	130.0	8.0	6.21		M	M	M									10.0	100.0	5.0	6.21		M	M	M								
466771	2018-04-01 00:00:00	1679.0	CSTJE	321	AIRBUS A321-211	NB	LIS	2018-04-01 06:30:00	2018-04-01 06:27:00	2018-04-01 06:37:00	FNC	2018-04-01 08:10:00	2018-04-01 08:13:00	2018-04-01 08:15:00	J	TP					9.0	130.0	4.0	6.21		FEW	M	M	600.0								17.0	210.0	12.0	6.21		FEW	M	M	1500.0							
466772	2018-04-01 00:00:00	374.0	CSTQD	320	AIRBUS A320-211	NB	LIS	2018-04-01 06:35:00	2018-04-01 06:38:00	2018-04-01 06:51:00	LHR	2018-04-01 09:01:00	2018-04-01 09:08:00	2018-04-01 09:20:00	J	TP	2018-04-01 06:58:59	3.0	89.0	0	9.0	130.0	4.0	6.21		FEW	M	M	600.0								6.0	330.0	5.0	6.21		FEW	OVC	M	1800.0	3700.0						
466773	2018-04-01 00:00:00	1082.0	CSDJA	AT7	ATR 72	WI	LIS	2018-04-01 06:45:00	2018-04-01 06:45:00	2018-04-01 06:57:00	LCG	2018-04-01 08:08:00	2018-04-01 08:12:00	2018-04-01 08:20:00	J	WI					9.0	130.0	4.0	6.21		FEW	M	M	600.0								11.0	180.0	7.0	6.21		SCT	M	M	4500.0							
466774	2018-04-01 00:00:00	822.0	CSTJG	321	AIRBUS A321-211	NB	LIS	2018-04-01 06:50:00	2018-04-01 06:57:00	2018-04-01 07:13:00	MXP	2018-04-01 09:24:00	2018-04-01 09:29:00	2018-04-01 09:25:00	J	TP	2018-04-01 07:16:59	7.0	49.0	0	10.0		5.0	6.21		FEW	M	M	600.0								15.0	250.0	5.0	6.21		M	M	M								
466775	2018-04-01 00:00:00	1106.0	CSDJB	AT7	ATR 72	WI	LIS	2018-04-01 06:50:00	2018-04-01 07:01:00	2018-04-01 07:18:00	SVQ	2018-04-01 08:08:00	2018-04-01 08:12:00	2018-04-01 08:05:00	J	WI	2018-04-01 07:27:59	11.0	89.0	0	10.0		5.0	6.21		FEW	M	M	600.0								12.0	60.0	12.0	6.21		M	M	M								
466776	2018-04-01 00:00:00	1134.0	CSDJG	AT7	ATR 72	WI	LIS	2018-04-01 06:50:00	2018-04-01 06:47:00	2018-04-01 07:04:00	AGP	2018-04-01 08:12:00	2018-04-01 08:15:00	2018-04-01 08:20:00	J	WI					10.0		5.0	6.21		FEW	M	M	600.0								12.0	290.0	3.0	6.21		FEW	M	M	2000.0							
466777	2018-04-01 00:00:00	492.0	CSTPW	E90	EMBRAER 190	PGA	LIS	2018-04-01 06:55:00	2018-04-01 06:51:00	2018-04-01 07:07:00	TLS	2018-04-01 08:30:00	2018-04-01 08:33:00	2018-04-01 08:45:00	J	NI					10.0		5.0	6.21		FEW	M	M	600.0								10.0		1.0	6.21		M	M	M								
466778	2018-04-01 00:00:00	404.0	CSTTZ	E95	EMBRAER 195	PGA	LIS	2018-04-01 07:00:00	2018-04-01 07:06:00	2018-04-01 07:22:00	MRS	2018-04-01 09:05:00	2018-04-01 09:12:00	2018-04-01 09:15:00	J	NI	2018-04-01 07:30:59	6.0	89.0	0	10.0		5.0	6.21		FEW	M	M	600.0								12.0	300.0	18.0	6.21		M	M	M								
466779	2018-04-01 00:00:00	434.0	CSTNT	320	AIRBUS A320-211	NB	LIS	2018-04-01 07:00:00	2018-04-01 07:14:00	2018-04-01 07:31:00	ORY	2018-04-01 09:27:00	2018-04-01 09:31:00	2018-04-01 09:25:00	J	TP	2018-04-01 07:35:59	4.0	89.0	0	10.0		5.0	6.21		FEW	M	M	600.0								9.0	280.0	12.0	6.21		SCT	BKN	M	2100.0	5800.0						
466780	2018-04-01 00:00:00	476.0	CSTPU	E90	EMBRAER 190	PGA	LIS	2018-04-01 07:00:00	2018-04-01 07:12:00	2018-04-01 07:28:00	LYS	2018-04-01 09:17:00	2018-04-01 09:23:00	2018-04-01 09:15:00	J	NI	2018-04-01 07:34:59	12.0	89.0	0	10.0		5.0	6.21		FEW	M	M	600.0								9.0		3.0	6.21		SCT	BKN	M	2800.0	5600.0						
466781	2018-04-01 00:00:00	1272.0	CSTOG	332	AIRBUS A330-200	WB	LIS	2018-04-01 07:00:00	2018-04-01 08:12:00	2018-04-01 08:24:00	VIE	2018-04-01 11:09:00	2018-04-01 11:15:00	2018-04-01 10:20:00	J	TP	2018-04-01 08:30:59	72.0	67.0	0	10.0	100.0	4.0	6.21		M	M	M									10.0	290.0	19.0	6.21		FEW	SCT	BKN	3000.0	5000.0	9000.0					
466782	2018-04-01 00:00:00	1828.0	CSTNK	320	AIRBUS A320-211	NB	TER	2018-04-01 07:00:00	2018-04-01 07:19:00	2018-04-01 07:22:00	LIS	2018-04-01 09:33:00	2018-04-01 09:37:00	2018-04-01 09:15:00	J	TP	2018-04-01 08:47:09	7.0	89.0	0	14.0			6.21		FEW	M	M	2000.0								11.0	110.0	7.0	6.21		M	M	M								
466783	2018-04-01 00:00:00	1864.0	CSTNJ	320	AIRBUS A320-211	NB	PDL	2018-04-01 07:00:00	2018-04-01 07:00:00	2018-04-01 07:15:00	LIS	2018-04-01 09:09:00	2018-04-01 09:13:00	2018-04-01 09:10:00	J	TP					15.0	270.0	17.0	6.21		FEW	SCT	M	1800.0	3500.0							12.0		5.0	6.21		M	M	M								
466784	2018-04-01 00:00:00	1924.0	CSDJD	AT7	ATR 72	WI	LIS	2018-04-01 07:00:00	2018-04-01 07:09:00	2018-04-01 07:25:00	OPO	2018-04-01 08:09:00	2018-04-01 08:13:00	2018-04-01 08:00:00	J	WI	2018-04-01 07:24:59	9.0	89.0	0	10.0		5.0	6.21		FEW	M	M	600.0								12.0	140.0	8.0	6.21		M	M	M								
466785	2018-04-01 00:00:00	371.0	CSTNL	320	AIRBUS A320-211	NB	LHR	2018-04-01 07:10:00	2018-04-01 07:06:00	2018-04-01 07:20:00	LIS	2018-04-01 09:48:00	2018-04-01 09:51:00	2018-04-01 09:50:00	J	TP					5.0	330.0	4.0	6.21		SCT	OVC	M	1700.0	3700.0							13.0	120.0	7.0	6.21		M	M	M								
466786	2018-04-01 00:00:00	412.0	CSTTW	E95	EMBRAER 195	PGA	LIS	2018-04-01 07:15:00	2018-04-01 07:22:00	2018-04-01 07:36:00	NTE	2018-04-01 09:07:00	2018-04-01 09:10:00	2018-04-01 09:15:00	J	NI	2018-04-01 07:46:59	7.0	89.0	0	10.0	100.0	5.0	6.21		M	M	M									9.0	140.0	6.0	6.21		M	M	M								
466787	2018-04-01 00:00:00	1098.0	CSDJF	AT7	ATR 72	WI	LIS	2018-04-01 07:15:00	2018-04-01 07:15:00	2018-04-01 07:34:00	VLC	2018-04-01 09:16:00	2018-04-01 09:20:00	2018-04-01 09:20:00	J	WI					10.0		5.0	6.21		FEW	M	M	600.0								16.0		1.0	6.21		M	M	M								
466788	2018-04-01 00:00:00	466.0	CSTPR	E90	EMBRAER 190	PGA	LIS	2018-04-01 07:20:00	2018-04-01 07:26:00	2018-04-01 07:40:00	BOD	2018-04-01 09:04:00	2018-04-01 09:08:00	2018-04-01 09:05:00	J	NI	2018-04-01 07:51:59	6.0	89.0	0	10.0	100.0	5.0	6.21		M	M	M									12.0	180.0	6.0	6.21		M	M	M								
466789	2018-04-01 00:00:00	562.0	CSTTK	319	AIRBUS A319-111	NB	LIS	2018-04-01 07:20:00	2018-04-01 07:26:00	2018-04-01 07:43:00	HAM	2018-04-01 10:37:00	2018-04-01 10:43:00	2018-04-01 10:35:00	J	TP	2018-04-01 07:46:59	6.0	89.0	0	10.0	100.0	5.0	6.21		M	M	M									3.0	320.0	11.0	6.21		FEW	BKN	BKN	1200.0	1500.0	2000.0					
466790	2018-04-01 00:00:00	542.0	CSTPS	E90	EMBRAER 190	PGA	LIS	2018-04-01 07:30:00	2018-04-01 07:42:00	2018-04-01 07:59:00	DUS	2018-04-01 10:24:00	2018-04-01 10:28:00	2018-04-01 10:25:00	J	NI	2018-04-01 08:05:59	12.0	34.0	A	10.0	100.0	5.0	6.21		M	M	M									6.0	290.0	8.0	2.8		SCT	BKN	BKN	500.0	800.0	1300.0					
466791	2018-04-01 00:00:00	574.0	CSTTC	319	AIRBUS A319-111	NB	LIS	2018-04-01 07:30:00	2018-04-01 07:31:00	2018-04-01 07:46:00	FRA	2018-04-01 10:16:00	2018-04-01 10:24:00	2018-04-01 10:35:00	J	TP	2018-04-01 07:48:59	1.0	89.0	0	10.0	100.0	5.0	6.21		M	M	M									10.0	230.0	16.0	6.21		FEW	FEW	SCT	1700.0	2200.0	2800.0					
466792	2018-04-01 00:00:00	952.0	CSTTO	319	AIRBUS A319-111	NB	LIS	2018-04-01 07:30:00	2018-04-01 07:38:00	2018-04-01 07:53:00	GVA	2018-04-01 09:56:00	2018-04-01 10:00:00	2018-04-01 09:50:00	J	TP	2018-04-01 08:01:59	8.0	89.0	0	10.0	100.0	5.0	6.21		M	M	M									5.0	170.0	3.0	6.21		FEW	SCT	BKN	1000.0	2000.0	5000.0					
466793	2018-04-01 00:00:00	1941.0	CSDJC	AT7	ATR 72	WI	OPO	2018-04-01 07:30:00	2018-04-01 07:28:00	2018-04-01 07:37:00	LIS	2018-04-01 08:22:00	2018-04-01 08:25:00	2018-04-01 08:30:00	J	WI					11.0	130.0	6.0	6.21		M	M	M									11.0	120.0	7.0	6.21		FEW	M	M	500.0							
466794	2018-04-01 00:00:00	1735.0	CSTTU	319	AIRBUS A319-111	NB	LIS	2018-04-01 07:35:00	2018-04-01 07:44:00	2018-04-01 08:01:00	PXO	2018-04-01 09:27:00	2018-04-01 09:30:00	2018-04-01 09:20:00	J	TP	2018-04-01 08:01:59	9.0	89.0	0	10.0	100.0	5.0	6.21		M	M	M									18.0	210.0	10.0	6.21		FEW	M	M	1500.0							
466795	2018-04-01 00:00:00	784.0	CSTNW	320	AIRBUS A320-211	NB	LIS	2018-04-01 07:45:00	2018-04-01 08:05:00	2018-04-01 08:20:00	ARN	2018-04-01 12:14:00	2018-04-01 12:18:00	2018-04-01 12:00:00	J	TP	2018-04-01 08:29:59	5.0	89.0	0	10.0	100.0	4.0	6.21		M	M	M									2.0	70.0	9.0	6.21		SCT	M	M	2500.0							
466796	2018-04-01 00:00:00	1680.0	CSTTE	319	AIRBUS A319-111	NB	FNC	2018-04-01 07:45:00	2018-04-01 07:44:00	2018-04-01 07:54:00	LIS	2018-04-01 09:12:00	2018-04-01 09:16:00	2018-04-01 09:20:00	J	TP					17.0	210.0	13.0	6.21		FEW	M	M	1500.0								11.0	110.0	7.0	6.21		M	M	M								
466797	2018-04-01 00:00:00	334.0	CSTTG	319	AIRBUS A319-111	NB	OPO	2018-04-01 07:55:00	2018-04-01 07:53:00	2018-04-01 07:59:00	LGW	2018-04-01 09:51:00	2018-04-01 09:59:00	2018-04-01 10:05:00	J	TP					12.0	140.0	8.0	6.21		M	M	M									6.0	300.0	7.0	6.21		FEW	BKN	M	1500.0	3400.0						
466798	2018-04-01 00:00:00	488.0	CSTPV	E90	EMBRAER 190	PGA	LIS	2018-04-01 07:55:00	2018-04-01 08:00:00	2018-04-01 08:08:00	NCE	2018-04-01 10:04:00	2018-04-01 10:06:00	2018-04-01 10:15:00	J	NI	2018-04-01 08:13:59	5.0	81.0	0	10.0	100.0	4.0	6.21		M	M	M									15.0	190.0	6.0	6.21		M	M	M								
466799	2018-04-01 00:00:00	832.0	CSTJH	321	AIRBUS A321-211	NB	LIS	2018-04-01 07:55:00	2018-04-01 08:10:00	2018-04-01 08:27:00	FCO	2018-04-01 10:51:00	2018-04-01 11:01:00	2018-04-01 10:50:00	J	TP	2018-04-05 14:43:59	15.0	16.0	0	10.0	100.0	4.0	6.21		M	M	M									15.0	290.0	14.0	6.21		FEW	M	M	3000.0							
466800	2018-04-01 00:00:00	1011.0	FHBIS	320	AIRBUS A320-211	NB	MAD	2018-04-01 07:55:00	2018-04-01 08:14:00	2018-04-01 08:25:00	LIS	2018-04-01 09:15:00	2018-04-01 09:25:00	2018-04-01 09:15:00	J	TP	2018-04-01 08:30:02	4.0	35.0	0	5.0	330.0	3.0	6.21		M	M	M									11.0	110.0	7.0	6.21		M	M	M								
466801	2018-04-01 00:00:00	932.0	CSTNP	320	AIRBUS A320-211	NB	LIS	2018-04-01 08:00:00	2018-04-01 08:23:00	2018-04-01 08:37:00	ZRH	2018-04-01 10:55:00	2018-04-01 10:59:00	2018-04-01 10:40:00	J	TP	2018-04-01 08:47:59	23.0	62.0	0	11.0	120.0	7.0	6.21		FEW	M	M	500.0								7.0	240.0	12.0	6.21		FEW	FEW	BKN	1800.0	2400.0	5800.0					
466802	2018-04-01 00:00:00	1033.0	FHBAL	319	AIRBUS A319-111	NB	BCN	2018-04-01 08:00:00	2018-04-01 07:52:00	2018-04-01 08:01:00	OPO	2018-04-01 09:30:00	2018-04-01 09:34:00	2018-04-01 09:50:00	J	TP					10.0	330.0	7.0	6.21		M	M	M									15.0	140.0	9.0	6.21		M	M	M								
466803	2018-04-01 00:00:00	1930.0	CSDJH	AT7	ATR 72	WI	LIS	2018-04-01 08:00:00	2018-04-01 08:04:00	2018-04-01 08:18:00	OPO	2018-04-01 09:06:00	2018-04-01 09:09:00	2018-04-01 09:00:00	J	WI	2018-04-01 08:24:59	4.0	89.0	0	10.0	100.0	4.0	6.21		M	M	M									14.0	150.0	9.0	6.21		M	M	M								
466804	2018-04-01 00:00:00	9322.0	ECMTE	319	AIRBUS A319-111	NB	BOD	2018-04-01 08:00:00	2018-04-01 08:08:00	2018-04-01 08:19:00	OPO	2018-04-01 09:42:00	2018-04-01 09:45:00	2018-04-01 09:50:00	P	V7					9.0	180.0	6.0	6.21		FEW	M	M	3700.0								15.0	140.0	9.0	6.21		M	M	M								
466805	2018-04-01 00:00:00	664.0	CSTTQ	319	AIRBUS A319-111	NB	LIS	2018-04-01 08:05:00	2018-04-01 08:09:00	2018-04-01 08:23:00	AMS	2018-04-01 10:48:00	2018-04-01 10:54:00	2018-04-01 11:00:00	J	TP	2018-04-01 08:25:59	4.0	93.0	M	10.0	100.0	4.0	6.21		M	M	M									7.0		7.0	5.59		FEW	BKN	BKN	800.0	1200.0	2500.0					
466806	2018-04-01 00:00:00	1040.0	CSTNI	320	AIRBUS A320-211	NB	LIS	2018-04-01 08:05:00	2018-04-01 08:29:00	2018-04-01 08:50:00	BCN	2018-04-01 10:11:00	2018-04-01 10:15:00	2018-04-01 09:55:00	J	TP	2018-04-01 08:51:59	10.0	32.0	A	11.0	120.0	7.0	6.21		FEW	M	M	500.0								14.0	290.0	6.0	6.21		M	M	M								
466807	2018-04-01 00:00:00	1016.0	CSTTS	319	AIRBUS A319-111	NB	LIS	2018-04-01 08:10:00	2018-04-01 08:20:00	2018-04-01 08:30:00	MAD	2018-04-01 09:17:00	2018-04-01 09:21:00	2018-04-01 09:25:00	J	TP	2018-04-01 08:38:59	1.0	89.0	0	11.0	120.0	7.0	6.21		FEW	M	M	500.0								9.0	170.0	3.0	6.21		M	M	M								
466808	2018-04-01 00:00:00	538.0	CSTNQ	320	AIRBUS A320-211	NB	LIS	2018-04-01 08:15:00	2018-04-01 08:23:00	2018-04-01 08:39:00	TXL	2018-04-01 11:38:00	2018-04-01 11:43:00	2018-04-01 11:40:00	J	TP	2018-04-01 08:44:59	8.0	64.0	0	11.0	120.0	7.0	6.21		FEW	M	M	500.0								2.0	300.0	10.0	3.11		BKN	M	M	700.0							
466809	2018-04-01 00:00:00	453.0	CSTTN	319	AIRBUS A319-111	NB	ORY	2018-04-01 08:20:00	2018-04-01 08:27:00	2018-04-01 08:35:00	OPO	2018-04-01 10:30:00	2018-04-01 10:32:00	2018-04-01 10:25:00	J	TP	2018-04-01 09:13:13	7.0	87.0	0	8.0	270.0	10.0	6.21		BKN	BKN	M	1700.0	6000.0							15.0	190.0	12.0	6.21		M	M	M								
466810	2018-04-01 00:00:00	14.0	CSTOE	332	AIRBUS A330-200	WB	REC	2018-04-01 08:25:00	2018-04-01 08:11:00	2018-04-01 08:24:00	LIS	2018-04-01 15:24:00	2018-04-01 15:32:00	2018-04-01 15:50:00	J	TP					25.0	230.0	3.0	6.21		BKN	M	M	1800.0								17.0	210.0	12.0	6.21		M	M	M								
466811	2018-04-01 00:00:00	1454.0	LYPGC	737	BOEING 737 ALL SERIES		LIS	2018-04-01 08:25:00	2018-04-01 08:25:00	2018-04-01 08:44:00	RAK	2018-04-01 10:00:00	2018-04-01 10:05:00	2018-04-01 10:00:00	J	TP					11.0	120.0	7.0	6.21		FEW	M	M	500.0								19.0	340.0	3.0	6.21		M	M	M								
466812	2018-04-01 00:00:00	1553.0	CSTNR	320	AIRBUS A320-211	NB	LIS	2018-04-01 08:25:00	2018-04-01 08:33:00	2018-04-01 08:53:00	VXE	2018-04-01 12:52:00	2018-04-01 12:55:00	2018-04-01 12:45:00	J	TP	2018-04-01 08:54:59	3.0	35.0	A	11.0	120.0	7.0	6.21		FEW	M	M	500.0								26.0	60.0	24.0	3.73		NSC	M	M								
466813	2018-04-01 00:00:00	1907.0	CSTTH	319	AIRBUS A319-111	NB	LIS	2018-04-01 08:30:00	2018-04-01 08:30:00	2018-04-01 08:47:00	FAO	2018-04-01 09:19:00	2018-04-01 09:23:00	2018-04-01 09:15:00	J	TP					11.0	120.0	7.0	6.21		FEW	M	M	500.0								16.0	90.0	11.0	6.21		M	M	M								
466814	2018-04-01 00:00:00	1927.0	CSDJD	AT7	ATR 72	WI	OPO	2018-04-01 08:30:00	2018-04-01 08:37:00	2018-04-01 08:46:00	LIS	2018-04-01 09:43:00	2018-04-01 09:46:00	2018-04-01 09:30:00	J	WI	2018-04-01 08:52:15	7.0	93.0	0	14.0	150.0	9.0	6.21		M	M	M									13.0	120.0	7.0	6.21		M	M	M								
466815	2018-04-01 00:00:00	1107.0	CSDJB	AT7	ATR 72	WI	SVQ	2018-04-01 08:45:00	2018-04-01 08:42:00	2018-04-01 08:47:00	LIS	2018-04-01 09:58:00	2018-04-01 10:03:00	2018-04-01 09:55:00	J	WI					13.0	60.0	13.0	6.21		M	M	M									13.0	120.0	7.0	6.21		M	M	M								
466816	2018-04-01 00:00:00	1529.0	CSTNG	320	AIRBUS A320-211	NB	LIS	2018-04-01 08:45:00	2018-04-01 08:51:00	2018-04-01 09:05:00	ACC	2018-04-01 14:17:00	2018-04-01 14:24:00	2018-04-01 14:25:00	J	TP	2018-04-01 09:06:59	6.0	89.0	0	12.0		5.0	6.21		M	M	M									32.0	170.0	10.0	6.21		FEW	M	M	4500.0							
466817	2018-04-01 00:00:00	819.0	CSTTL	319	AIRBUS A319-111	NB	MXP	2018-04-01 08:50:00	2018-04-01 08:46:00	2018-04-01 08:58:00	OPO	2018-04-01 11:25:00	2018-04-01 11:28:00	2018-04-01 11:35:00	J	TP					15.0	260.0	4.0	6.21		M	M	M									17.0	180.0	15.0	6.21		M	M	M								
466818	2018-04-01 00:00:00	938.0	CSTTP	319	AIRBUS A319-111	NB	OPO	2018-04-01 08:50:00	2018-04-01 08:44:00	2018-04-01 08:50:00	GVA	2018-04-01 10:40:00	2018-04-01 10:45:00	2018-04-01 10:55:00	J	TP					14.0	150.0	9.0	6.21		M	M	M									7.0	220.0	9.0	6.21		FEW	SCT	BKN	2500.0	3500.0	5000.0					
466819	2018-04-01 00:00:00	440.0	CSTMW	320	AIRBUS A320-211	NB	LIS	2018-04-01 08:55:00	2018-04-01 08:52:00	2018-04-01 09:07:00	ORY	2018-04-01 11:11:00	2018-04-01 11:31:00	2018-04-01 11:20:00	J	TP					12.0		5.0	6.21		M	M	M									9.0	260.0	6.0	6.21		SCT	BKN	M	2800.0	4800.0						
466820	2018-04-01 00:00:00	59.0	CSTOW	333	AIRBUS A330-300	WB	LIS	2018-04-01 09:00:00	2018-04-01 09:41:00	2018-04-01 10:05:00	BSB	2018-04-01 19:12:00	2018-04-01 19:19:00	2018-04-01 18:30:00	J	TP	2018-04-01 10:16:59	6.0	85.0	C	11.0	110.0	7.0	6.21		M	M	M									24.0	200.0	5.0	6.21		FEW	FEW	SCT	1500.0	4500.0	10000.0					
466821	2018-04-01 00:00:00	103.0	CSTOX	333	AIRBUS A330-300	WB	LIS	2018-04-01 09:00:00	2018-04-01 09:10:00	2018-04-01 09:26:00	CNF	2018-04-01 18:39:00	2018-04-01 18:43:00	2018-04-01 18:30:00	J	TP	2018-04-01 09:32:59	5.0	85.0	C	12.0		5.0	6.21		M	M	M									27.0	60.0	5.0	6.21		FEW	M	M	4000.0							
466822	2018-04-01 00:00:00	1085.0	CSDJA	AT7	ATR 72	WI	LCG	2018-04-01 09:00:00	2018-04-01 08:47:00	2018-04-01 08:53:00	LIS	2018-04-01 10:17:00	2018-04-01 10:24:00	2018-04-01 10:40:00	J	WI					11.0	170.0	6.0	6.21		SCT	M	M	4500.0								14.0	110.0	5.0	6.21		M	M	M								
466823	2018-04-01 00:00:00	1133.0	CSDJG	AT7	ATR 72	WI	AGP	2018-04-01 09:00:00	2018-04-01 08:55:00	2018-04-01 09:04:00	LIS	2018-04-01 10:31:00	2018-04-01 10:36:00	2018-04-01 10:40:00	J	WI					15.0	70.0	4.0	6.21		FEW	M	M	2000.0								14.0	110.0	5.0	6.21		M	M	M								
466824	2018-04-01 00:00:00	1674.0	CSTJE	321	AIRBUS A321-211	NB	FNC	2018-04-01 09:00:00	2018-04-01 08:54:00	2018-04-01 09:03:00	LIS	2018-04-01 10:36:00	2018-04-01 10:40:00	2018-04-01 10:35:00	J	TP					18.0	220.0	17.0	6.21		SCT	M	M	1500.0								14.0	110.0	5.0	6.21		M	M	M								
466825	2018-04-01 00:00:00	1944.0	CSDJC	AT7	ATR 72	WI	LIS	2018-04-01 09:00:00	2018-04-01 08:57:00	2018-04-01 09:11:00	OPO	2018-04-01 10:02:00	2018-04-01 10:05:00	2018-04-01 10:00:00	J	WI					12.0		5.0	6.21		M	M	M									16.0	190.0	14.0	6.21		M	M	M								
466826	2018-04-01 00:00:00	366.0	CSTTD	319	AIRBUS A319-111	NB	LIS	2018-04-01 09:05:00	2018-04-01 09:02:00	2018-04-01 09:17:00	LHR	2018-04-01 11:24:00	2018-04-01 11:30:00	2018-04-01 11:45:00	J	TP					12.0		5.0	6.21		M	M	M									7.0		3.0	6.21		OVC	M	M	2700.0							
466827	2018-04-01 00:00:00	923.0	CSTPO	E90	EMBRAER 190	PGA	ZRH	2018-04-01 09:15:00	2018-04-01 09:15:00	2018-04-01 09:31:00	OPO	2018-04-01 11:56:00	2018-04-01 11:59:00	2018-04-01 11:50:00	J	NI					6.0	230.0	15.0	4.97		FEW	SCT	BKN	1300.0	1800.0	2500.0						17.0	180.0	16.0	6.21		M	M	M								
466828	2018-04-01 00:00:00	491.0	CSTPW	E90	EMBRAER 190	PGA	TLS	2018-04-01 09:25:00	2018-04-01 09:23:00	2018-04-01 09:32:00	LIS	2018-04-01 11:11:00	2018-04-01 11:16:00	2018-04-01 11:25:00	J	NI					11.0		2.0	6.21		M	M	M									16.0	130.0	7.0	6.21		M	M	M								
466829	2018-04-01 00:00:00	647.0	CSTJF	321	AIRBUS A321-211	NB	BRU	2018-04-01 09:30:00	2018-04-01 09:28:00	2018-04-01 09:37:00	LIS	2018-04-01 12:17:00	2018-04-01 12:20:00	2018-04-01 12:20:00	J	TP					6.0	300.0	10.0	4.35		FEW	SCT	BKN	900.0	1200.0	1700.0						18.0	150.0	10.0	6.21		M	M	M								
466830	2018-04-01 00:00:00	1931.0	CSDJH	AT7	ATR 72	WI	OPO	2018-04-01 09:30:00	2018-04-01 09:37:00	2018-04-01 09:45:00	LIS	2018-04-01 10:43:00	2018-04-01 10:46:00	2018-04-01 10:30:00	J	WI	2018-04-01 10:05:19	7.0	93.0	M	15.0	140.0	9.0	6.21		M	M	M									15.0	100.0	7.0	6.21		M	M	M								
466831	2018-04-01 00:00:00	223.0	CSTOV	333	AIRBUS A330-300	WB	LIS	2018-04-01 09:35:00	2018-04-01 09:35:00	2018-04-01 09:53:00	MIA	2018-04-01 18:44:00	2018-04-01 18:53:00	2018-04-01 18:30:00	J	TP					11.0	110.0	7.0	6.21		M	M	M									27.22	90.0	12.0	10.0		BKN	BKN	M	3400.0	25000.0						
466832	2018-04-01 00:00:00	339.0	CSTTY	E95	EMBRAER 195	PGA	LGW	2018-04-01 09:35:00	2018-04-01 09:36:00	2018-04-01 09:53:00	LIS	2018-04-01 12:20:00	2018-04-01 12:26:00	2018-04-01 12:15:00	J	NI	2018-04-01 10:52:14	1.0	89.0	0	6.0	300.0	7.0	6.21		FEW	BKN	M	1500.0	3400.0							18.0	150.0	10.0	6.21		M	M	M								
466833	2018-04-01 00:00:00	863.0	CSTNH	320	AIRBUS A320-211	NB	VCE	2018-04-01 09:35:00	2018-04-01 09:33:00	2018-04-01 09:42:00	LIS	2018-04-01 12:41:00	2018-04-01 12:45:00	2018-04-01 12:45:00	J	TP					13.0	200.0	8.0	6.21		M	M	M									18.0	150.0	10.0	6.21		M	M	M								
466834	2018-04-01 00:00:00	1116.0	CSTPT	E90	EMBRAER 190	PGA	LIS	2018-04-01 09:40:00	2018-04-01 09:46:00	2018-04-01 10:01:00	LPA	2018-04-01 12:12:00	2018-04-01 12:17:00	2018-04-01 12:00:00	J	NI	2018-04-01 10:02:59	6.0	81.0	0	13.0	120.0	7.0	6.21		M	M	M									19.0	110.0	5.0	6.21		FEW	BKN	M	2500.0	3000.0						
466835	2018-04-01 00:00:00	1671.0	CSTTI	319	AIRBUS A319-111	NB	LIS	2018-04-01 09:40:00	2018-04-01 09:41:00	2018-04-01 09:59:00	FNC	2018-04-01 11:32:00	2018-04-01 11:34:00	2018-04-01 11:25:00	J	TP	2018-04-01 10:05:59	1.0	89.0	0	11.0	110.0	7.0	6.21		M	M	M									19.0	210.0	23.0	6.21		SCT	SCT	M	1500.0	3300.0						
466836	2018-04-01 00:00:00	323.0	CSTPQ	E90	EMBRAER 190	PGA	MAN	2018-04-01 09:45:00	2018-04-01 09:45:00	2018-04-01 09:58:00	LIS	2018-04-01 12:39:00	2018-04-01 12:45:00	2018-04-01 12:40:00	J	NI					6.0	10.0	6.0	6.21		BKN	BKN	M	2500.0	3100.0							18.0	150.0	10.0	6.21		M	M	M								
466837	2018-04-01 00:00:00	467.0	CSTPR	E90	EMBRAER 190	PGA	BOD	2018-04-01 09:45:00	2018-04-01 09:52:00	2018-04-01 10:02:00	LIS	2018-04-01 11:37:00	2018-04-01 11:42:00	2018-04-01 11:40:00	J	NI	2018-04-01 10:12:16	4.0	16.0	0	13.0	170.0	7.0	6.21		SCT	M	M	3400.0								16.0	130.0	7.0	6.21		M	M	M								
466838	2018-04-01 00:00:00	217.0	CSTON	332	AIRBUS A330-200	WB	LIS	2018-04-01 09:55:00	2018-04-01 09:55:00	2018-04-01 10:12:00	BOS	2018-04-01 17:29:00	2018-04-01 17:43:00	2018-04-01 17:20:00	J	TP					13.0	120.0	7.0	6.21		M	M	M										260.0	12.0	10.0	18.0	FEW	FEW	M	3500.0	7999.0						
466839	2018-04-01 00:00:00	413.0	CSTTW	E95	EMBRAER 195	PGA	NTE	2018-04-01 09:55:00	2018-04-01 09:53:00	2018-04-01 10:04:00	LIS	2018-04-01 11:48:00	2018-04-01 11:51:00	2018-04-01 11:55:00	J	NI					10.0	180.0	6.0	6.21		FEW	BKN	BKN	2400.0	8400.0	13000.0						17.0	140.0	7.0	6.21	18.0	M	M	M								
466840	2018-04-01 00:00:00	471.0	CSTPU	E90	EMBRAER 190	PGA	LYS	2018-04-01 09:55:00	2018-04-01 10:02:00	2018-04-01 10:13:00	LIS	2018-04-01 12:33:00	2018-04-01 12:38:00	2018-04-01 12:25:00	J	NI	2018-04-02 08:14:59	7.0	93.0	0	9.0	260.0	3.0	6.21		SCT	BKN	M	3300.0	5000.0							18.0	150.0	10.0	6.21		M	M	M								
466841	2018-04-01 00:00:00	1312.0	CSTKR	763	BOEING 767-300/300ER		LIS	2018-04-01 09:55:00	2018-04-01 11:54:00		LIS		2018-04-01 12:17:00	2018-04-01 13:25:00	J	TP	2018-04-01 13:05:59	97.0	41.0	A	17.0	140.0	7.0	6.21	18.0	M	M	M									18.0	150.0	10.0	6.21		M	M	M								
466842	2018-04-01 00:00:00	403.0	CSTTZ	E95	EMBRAER 195	PGA	MRS	2018-04-01 10:00:00	2018-04-01 09:56:00	2018-04-01 10:09:00	LIS	2018-04-01 12:15:00	2018-04-01 12:20:00	2018-04-01 12:20:00	J	NI					13.0	300.0	21.0	6.21		M	M	M									18.0	150.0	10.0	6.21		M	M	M								
466843	2018-04-01 00:00:00	1097.0	CSDJF	AT7	ATR 72	WI	VLC	2018-04-01 10:00:00	2018-04-01 09:59:00	2018-04-01 10:12:00	LIS	2018-04-01 12:08:00	2018-04-01 12:11:00	2018-04-01 12:20:00	J	WI					18.0		1.0	6.21		M	M	M									17.0	140.0	7.0	6.21	18.0	M	M	M								
466844	2018-04-01 00:00:00	1867.0	CSTNJ	320	AIRBUS A320-211	NB	LIS	2018-04-01 10:00:00	2018-04-01 10:16:00	2018-04-01 10:26:00	PDL	2018-04-01 12:33:00	2018-04-01 12:33:00	2018-04-01 12:25:00	J	TP	2018-04-01 11:01:59	16.0	87.0	E	14.0	110.0	5.0	6.21		M	M	M									16.0	290.0	19.0	6.21		FEW	M	M	1800.0							
466845	2018-04-01 00:00:00	1902.0	CSTTH	319	AIRBUS A319-111	NB	FAO	2018-04-01 10:00:00	2018-04-01 10:13:00	2018-04-01 10:20:00	LIS	2018-04-01 11:00:00	2018-04-01 11:04:00	2018-04-01 10:50:00	J	TP	2018-04-05 08:12:59	5.0	58.0	0	16.0	90.0	12.0	6.21		M	M	M									15.0	100.0	7.0	6.21		M	M	M								
466846	2018-04-01 00:00:00	1934.0	CSDJD	AT7	ATR 72	WI	LIS	2018-04-01 10:00:00	2018-04-01 10:11:00	2018-04-01 10:23:00	OPO	2018-04-01 11:10:00	2018-04-01 11:16:00	2018-04-01 11:00:00	J	WI	2018-04-01 10:40:59	11.0	93.0	Q	13.0	120.0	7.0	6.21		M	M	M									17.0	180.0	15.0	6.21		M	M	M								
466847	2018-04-01 00:00:00	648.0	CSTTX	E95	EMBRAER 195	PGA	LIS	2018-04-01 10:05:00	2018-04-01 10:05:00	2018-04-01 10:15:00	BRU	2018-04-01 12:28:00	2018-04-01 12:33:00	2018-04-01 12:45:00	J	NI					13.0	120.0	7.0	6.21		M	M	M									6.0	300.0	11.0	3.73		SCT	BKN	M	1200.0	1800.0						
466848	2018-04-01 00:00:00	1738.0	CSTTU	319	AIRBUS A319-111	NB	PXO	2018-04-01 10:05:00	2018-04-01 10:09:00	2018-04-01 10:14:00	LIS	2018-04-01 11:29:00	2018-04-01 11:32:00	2018-04-01 11:35:00	J	TP	2018-04-02 00:47:59	4.0	93.0	O	19.0	200.0	12.0	6.21		FEW	M	M	1500.0								16.0	130.0	7.0	6.21		M	M	M								
466849	2018-04-01 00:00:00	1019.0	CSTTS	319	AIRBUS A319-111	NB	MAD	2018-04-01 10:10:00	2018-04-01 10:06:00	2018-04-01 10:23:00	LIS	2018-04-01 11:20:00	2018-04-01 11:26:00	2018-04-01 11:30:00	J	TP					11.0	180.0	2.0	6.21		M	M	M									16.0	130.0	7.0	6.21		M	M	M								
466850	2018-04-01 00:00:00	89.0	CSTOL	332	AIRBUS A330-200	WB	LIS	2018-04-01 10:15:00	2018-04-01 10:16:00	2018-04-01 10:34:00	GRU	2018-04-01 20:30:00	2018-04-01 20:37:00	2018-04-01 20:30:00	J	TP	2018-04-01 10:39:59	1.0	85.0	C	14.0	110.0	5.0	6.21		M	M	M									26.0	300.0	4.0	6.21		FEW	M	M	4000.0							
466851	2018-04-01 00:00:00	433.0	CSTNT	320	AIRBUS A320-211	NB	ORY	2018-04-01 10:15:00	2018-04-01 10:26:00	2018-04-01 10:35:00	LIS	2018-04-01 12:51:00	2018-04-01 12:55:00	2018-04-01 12:45:00	J	TP	2018-04-01 10:51:28	10.0	16.0	0	9.0	280.0	9.0	6.21		SCT	BKN	M	2700.0	4600.0							18.0	200.0	12.0	6.21		M	M	M								
466852	2018-04-01 00:00:00	827.0	CSTJG	321	AIRBUS A321-211	NB	MXP	2018-04-01 10:15:00	2018-04-01 10:32:00	2018-04-01 10:45:00	LIS	2018-04-01 13:20:00	2018-04-01 13:24:00	2018-04-01 13:05:00	J	TP	2018-04-01 11:00:56	9.0	89.0	0	16.0	290.0	5.0	6.21		M	M	M									19.0	210.0	10.0	6.21		FEW	M	M	4000.0							
466853	2018-04-01 00:00:00	363.0	CSTQD	320	AIRBUS A320-211	NB	LHR	2018-04-01 10:20:00	2018-04-01 10:17:00	2018-04-01 10:35:00	LIS	2018-04-01 12:57:00	2018-04-01 13:00:00	2018-04-01 13:05:00	J	TP					7.0	320.0	4.0	6.21		FEW	OVC	M	2100.0	3600.0							18.0	200.0	12.0	6.21		M	M	M								
466854	2018-04-01 00:00:00	757.0	CSTNU	320	AIRBUS A320-211	NB	CPH	2018-04-01 10:20:00	2018-04-01 10:23:00	2018-04-01 10:34:00	LIS	2018-04-01 14:04:00	2018-04-01 14:08:00	2018-04-01 14:10:00	J	TP	2018-04-02 00:48:59	3.0	93.0	N	2.0	360.0	14.0	6.21		BKN	M	M	1800.0								18.0	210.0	11.0	6.21		FEW	M	M	4500.0							
466855	2018-04-01 00:00:00	872.0	CSTTE	319	AIRBUS A319-111	NB	LIS	2018-04-01 10:20:00	2018-04-01 10:21:00	2018-04-01 10:37:00	BLQ	2018-04-01 13:01:00	2018-04-01 13:04:00	2018-04-01 13:00:00	J	TP	2018-04-01 10:59:59	1.0	89.0	0	14.0	110.0	5.0	6.21		M	M	M									19.0	290.0	11.0	6.21		FEW	M	M	4000.0							
466856	2018-04-01 00:00:00	1935.0	CSDJC	AT7	ATR 72	WI	OPO	2018-04-01 10:30:00	2018-04-01 10:33:00	2018-04-01 10:39:00	LIS	2018-04-01 11:23:00	2018-04-01 11:26:00	2018-04-01 11:30:00	J	WI	2018-04-01 10:45:16	3.0	93.0	Q	15.0	190.0	12.0	6.21		M	M	M									16.0	130.0	7.0	6.21		M	M	M								
466857	2018-04-01 00:00:00	686.0	ECMTE	319	AIRBUS A319-111	NB	OPO	2018-04-01 10:35:00	2018-04-01 10:31:00	2018-04-01 10:45:00	LUX	2018-04-01 12:40:00	2018-04-01 12:44:00	2018-04-01 12:55:00	J	TP					15.0	190.0	12.0	6.21		M	M	M									6.0	280.0	15.0	6.21		FEW	BKN	M	1200.0	1800.0						
466858	2018-04-01 00:00:00	951.0	CSTTO	319	AIRBUS A319-111	NB	GVA	2018-04-01 10:35:00	2018-04-01 10:42:00	2018-04-01 10:53:00	LIS	2018-04-01 13:12:00	2018-04-01 13:17:00	2018-04-01 13:10:00	J	TP	2018-04-01 10:55:18	7.0	93.0	M	7.0	220.0	9.0	6.21		FEW	SCT	BKN	2500.0	3500.0	5000.0						19.0	210.0	10.0	6.21		FEW	M	M	4000.0							
466859	2018-04-01 00:00:00	1122.0	CSDJB	AT7	ATR 72	WI	LIS	2018-04-01 10:35:00	2018-04-01 11:40:00	2018-04-01 11:51:00	ALC	2018-04-01 13:39:00	2018-04-01 13:44:00	2018-04-01 12:50:00	J	WI	2018-04-01 11:52:59	57.0	37.0	A	16.0	130.0	7.0	6.21		M	M	M									18.0	90.0	7.0	6.21		M	M	M								
466860	2018-04-01 00:00:00	1035.0	CSTNI	320	AIRBUS A320-211	NB	BCN	2018-04-01 10:40:00	2018-04-01 11:03:00	2018-04-01 11:18:00	LIS	2018-04-01 12:54:00	2018-04-01 12:58:00	2018-04-01 12:40:00	J	TP	2018-04-01 11:47:59	3.0	89.0	0	15.0	220.0	4.0	6.21		M	M	M									18.0	200.0	12.0	6.21		M	M	M								
466861	2018-04-01 00:00:00	1453.0	LYPGC	737	BOEING 737 ALL SERIES		RAK	2018-04-01 10:45:00	2018-04-01 10:56:00	2018-04-01 11:08:00	LIS	2018-04-01 12:29:00	2018-04-01 12:32:00	2018-04-01 12:20:00	J	TP	2018-04-01 13:19:55	6.0	89.0	0	22.0	270.0	3.0	6.21		M	M	M									18.0	150.0	10.0	6.21		M	M	M								
466862	2018-04-01 00:00:00	331.0	CSTTG	319	AIRBUS A319-111	NB	LGW	2018-04-01 10:55:00	2018-04-01 11:02:00	2018-04-01 11:23:00	OPO	2018-04-01 13:23:00	2018-04-01 13:28:00	2018-04-01 13:15:00	J	TP	2018-04-01 11:54:52	5.0	89.0	0	7.0	320.0	5.0	6.21		FEW	BKN	M	2100.0	3300.0							18.0	200.0	13.0	6.21		M	M	M								
466863	2018-04-01 00:00:00	483.0	CSTPV	E90	EMBRAER 190	PGA	NCE	2018-04-01 10:55:00	2018-04-01 10:50:00	2018-04-01 11:01:00	LIS	2018-04-01 13:24:00	2018-04-01 13:29:00	2018-04-01 13:35:00	J	NI					15.0	140.0	6.0	6.21		FEW	M	M	4000.0								19.0	210.0	10.0	6.21		FEW	M	M	4000.0							
466864	2018-04-01 00:00:00	1901.0	CSTNK	320	AIRBUS A320-211	NB	LIS	2018-04-01 11:00:00	2018-04-01 11:05:00	2018-04-01 11:14:00	FAO	2018-04-01 11:40:00	2018-04-01 11:43:00	2018-04-01 11:45:00	J	TP	2018-04-01 11:21:59	5.0	16.0	D	15.0	100.0	7.0	6.21		M	M	M									18.0	90.0	14.0	6.21		M	M	M								
466865	2018-04-01 00:00:00	1936.0	CSDJH	AT7	ATR 72	WI	LIS	2018-04-01 11:00:00	2018-04-01 11:15:00	2018-04-01 11:24:00	OPO	2018-04-01 12:07:00	2018-04-01 12:12:00	2018-04-01 12:00:00	J	WI	2018-04-01 11:24:59	15.0	93.0	Q	15.0	100.0	7.0	6.21		M	M	M									17.0	180.0	16.0	6.21		M	M	M								
466866	2018-04-01 00:00:00	354.0	CSTPP	E90	EMBRAER 190	PGA	OPO	2018-04-01 11:05:00	2018-04-01 11:05:00	2018-04-01 11:18:00	LCY	2018-04-01 13:10:00	2018-04-01 13:13:00	2018-04-01 13:20:00	J	NI					16.0	190.0	13.0	6.21		M	M	M									7.0	230.0	4.0	6.21		OVC	M	M	3000.0							
466867	2018-04-01 00:00:00	541.0	CSTPS	E90	EMBRAER 190	PGA	DUS	2018-04-01 11:05:00	2018-04-01 11:09:00	2018-04-01 11:25:00	LIS	2018-04-01 14:17:00	2018-04-01 14:22:00	2018-04-01 14:10:00	J	NI	2018-04-01 11:37:55	2.0	89.0	0	7.0	290.0	10.0	6.21		FEW	SCT	BKN	500.0	1000.0	1700.0						18.0	220.0	11.0	6.21		M	M	M								
466868	2018-04-01 00:00:00	658.0	CSTTN	319	AIRBUS A319-111	NB	OPO	2018-04-01 11:15:00	2018-04-01 11:23:00	2018-04-01 11:43:00	AMS	2018-04-01 13:46:00	2018-04-01 13:51:00	2018-04-01 14:00:00	J	TP	2018-04-01 11:47:54	6.0	16.0	0	17.0	180.0	15.0	6.21		M	M	M									6.0	320.0	9.0	3.73		SCT	BKN	M	1000.0	2200.0						
466869	2018-04-01 00:00:00	561.0	CSTTK	319	AIRBUS A319-111	NB	HAM	2018-04-01 11:20:00	2018-04-01 11:42:00	2018-04-01 11:49:00	LIS	2018-04-01 15:07:00	2018-04-01 15:12:00	2018-04-01 14:50:00	J	TP	2018-04-01 12:00:01	7.0	85.0	0	3.0	310.0	10.0	6.21		FEW	BKN	BKN	1200.0	1400.0	2100.0						17.0	230.0	11.0	6.21		M	M	M								
466870	2018-04-01 00:00:00	1102.0	CSDJA	AT7	ATR 72	WI	LIS	2018-04-01 11:20:00	2018-04-01 11:18:00	2018-04-01 11:35:00	SVQ	2018-04-01 12:25:00	2018-04-01 12:28:00	2018-04-01 12:35:00	J	WI					16.0	130.0	7.0	6.21		M	M	M									21.0	50.0	10.0	6.21		M	M	M								
466871	2018-04-01 00:00:00	1140.0	CSDJG	AT7	ATR 72	WI	LIS	2018-04-01 11:20:00	2018-04-01 11:17:00	2018-04-01 11:29:00	VGO	2018-04-01 12:28:00	2018-04-01 12:33:00	2018-04-01 12:40:00	J	WI					16.0	130.0	7.0	6.21		M	M	M									15.0		11.0	6.21		FEW	M	M	5400.0							
466872	2018-04-01 00:00:00	1271.0	CSTOG	332	AIRBUS A330-200	WB	VIE	2018-04-01 11:20:00	2018-04-01 12:17:00	2018-04-01 12:27:00	LIS	2018-04-01 15:43:00	2018-04-01 15:56:00	2018-04-01 14:55:00	J	TP	2018-04-05 08:19:59	2.0	89.0	0	11.0	280.0	18.0	6.21		FEW	BKN	BKN	3000.0	5000.0	9000.0						17.0	210.0	14.0	6.21		M	M	M								
466873	2018-04-01 00:00:00	573.0	CSTTC	319	AIRBUS A319-111	NB	FRA	2018-04-01 11:25:00	2018-04-01 11:28:00	2018-04-01 11:36:00	LIS	2018-04-01 14:33:00	2018-04-01 14:38:00	2018-04-01 14:35:00	J	TP	2018-04-02 00:51:59	3.0	68.0	B	9.0	260.0	15.0	6.21		FEW	FEW	SCT	1500.0	2200.0	3500.0						18.0	220.0	11.0	6.21		M	M	M								
466874	2018-04-01 00:00:00	836.0	CSTJE	321	AIRBUS A321-211	NB	LIS	2018-04-01 11:25:00	2018-04-01 12:17:00	2018-04-01 12:27:00	FCO	2018-04-01 14:46:00	2018-04-01 14:53:00	2018-04-01 14:15:00	J	TP	2018-04-01 13:06:59	12.0	89.0	0	18.0	150.0	10.0	6.21		M	M	M									15.0	280.0	11.0	6.21		M	M	M								
466875	2018-04-01 00:00:00	442.0	CSTNM	320	AIRBUS A320-211	NB	LIS	2018-04-01 11:30:00	2018-04-01 11:35:00	2018-04-01 11:49:00	ORY	2018-04-01 13:51:00	2018-04-01 13:55:00	2018-04-01 13:55:00	J	TP	2018-04-04 12:52:59	5.0	85.0	C	16.0	130.0	7.0	6.21		M	M	M									10.0	290.0	5.0	6.21		SCT	BKN	M	4000.0	5800.0						
466876	2018-04-01 00:00:00	931.0	CSTNP	320	AIRBUS A320-211	NB	ZRH	2018-04-01 11:30:00	2018-04-01 12:07:00	2018-04-01 12:18:00	LIS	2018-04-01 15:02:00	2018-04-01 15:06:00	2018-04-01 14:20:00	J	TP	2018-04-01 12:27:02	20.0	89.0	A	7.0	230.0	14.0	6.21		FEW	SCT	BKN	2500.0	3000.0	7500.0						17.0	230.0	11.0	6.21		M	M	M								
466877	2018-04-01 00:00:00	1937.0	CSDJD	AT7	ATR 72	WI	OPO	2018-04-01 11:30:00	2018-04-01 11:46:00	2018-04-01 12:01:00	LIS	2018-04-01 12:46:00	2018-04-01 12:51:00	2018-04-01 12:30:00	J	WI	2018-04-01 12:03:47	16.0	93.0	R	17.0	180.0	16.0	6.21		M	M	M									18.0	200.0	12.0	6.21		M	M	M								
466878	2018-04-01 00:00:00	826.0	CSTNS	320	AIRBUS A320-211	NB	LIS	2018-04-01 11:35:00	2018-04-01 11:42:00	2018-04-01 11:54:00	MXP	2018-04-01 13:59:00	2018-04-01 14:06:00	2018-04-01 14:10:00	J	TP	2018-04-01 12:11:59	7.0	32.0	A	16.0	130.0	7.0	6.21		M	M	M									18.0	260.0	9.0	6.21		M	M	M								
466879	2018-04-01 00:00:00	839.0	CSTJH	321	AIRBUS A321-211	NB	FCO	2018-04-01 11:35:00	2018-04-01 12:28:00	2018-04-01 12:41:00	LIS	2018-04-01 15:31:00	2018-04-01 15:35:00	2018-04-01 14:45:00	J	TP	2018-04-04 16:15:59	8.0	89.0	A	15.0	280.0	13.0	6.21		FEW	M	M	3000.0								17.0	210.0	12.0	6.21		M	M	M								
466880	2018-04-01 00:00:00	939.0	CSTTP	319	AIRBUS A319-111	NB	GVA	2018-04-01 11:40:00	2018-04-01 11:32:00	2018-04-01 11:43:00	OPO	2018-04-01 13:51:00	2018-04-01 13:54:00	2018-04-01 13:55:00	J	TP					8.0	220.0	8.0	6.21		FEW	SCT	BKN	2500.0	3500.0	4000.0						18.0	200.0	13.0	6.21		M	M	M								
466881	2018-04-01 00:00:00	663.0	CSTTQ	319	AIRBUS A319-111	NB	AMS	2018-04-01 11:45:00	2018-04-01 11:42:00	2018-04-01 11:57:00	LIS	2018-04-01 14:42:00	2018-04-01 14:47:00	2018-04-01 14:50:00	J	TP					7.0		7.0	5.59		FEW	SCT	BKN	900.0	1700.0	2500.0						17.0	230.0	11.0	6.21		M	M	M								
466882	2018-04-01 00:00:00	692.0	CSTTH	319	AIRBUS A319-111	NB	LIS	2018-04-01 11:50:00	2018-04-01 12:11:00	2018-04-01 12:19:00	LUX	2018-04-01 14:31:00	2018-04-01 14:37:00	2018-04-01 14:30:00	J	TP	2018-04-01 12:36:59	21.0	37.0	A	17.0	140.0	7.0	6.21	18.0	M	M	M									7.0	280.0	11.0	6.21		SCT	SCT	M	2500.0	6000.0						
466883	2018-04-01 00:00:00	201.0	CSTOI	332	AIRBUS A330-200	WB	LIS	2018-04-01 11:55:00	2018-04-01 12:06:00	2018-04-01 12:24:00	EWR	2018-04-01 20:09:00	2018-04-01 20:18:00	2018-04-01 19:50:00	J	TP	2018-04-01 12:26:59	11.0	89.0	0	17.0	140.0	7.0	6.21	18.0	M	M	M										310.0	7.0	10.0		SCT	BKN	M	4500.0	5500.0						
466884	2018-04-01 00:00:00	368.0	CSTNN	320	AIRBUS A320-211	NB	LIS	2018-04-01 11:55:00	2018-04-01 12:06:00	2018-04-01 12:16:00	LHR	2018-04-01 14:18:00	2018-04-01 14:28:00	2018-04-01 14:35:00	J	TP	2018-04-01 12:18:59	11.0	41.0	A	17.0	140.0	7.0	6.21	18.0	M	M	M									8.0		3.0	6.21		OVC	M	M	3300.0							
466885	2018-04-01 00:00:00	1938.0	CSDJC	AT7	ATR 72	WI	LIS	2018-04-01 12:00:00	2018-04-01 11:59:00	2018-04-01 12:12:00	OPO	2018-04-01 12:58:00	2018-04-01 13:01:00	2018-04-01 13:00:00	J	WI					17.0	140.0	7.0	6.21	18.0	M	M	M									17.0	190.0	13.0	6.21		M	M	M								
466886	2018-04-01 00:00:00	117.0	CSTOQ	332	AIRBUS A330-200	WB	LIS	2018-04-01 12:05:00	2018-04-01 12:20:00	2018-04-01 12:37:00	POA	2018-04-01 23:32:00	2018-04-01 23:40:00	2018-04-01 23:25:00	J	TP	2018-04-01 13:08:59	15.0	89.0	0	18.0	150.0	10.0	6.21		M	M	M									22.0		2.0	6.21		FEW	SCT	M	3000.0	5000.0						
466887	2018-04-01 00:00:00	439.0	CSTMW	320	AIRBUS A320-211	NB	ORY	2018-04-01 12:10:00	2018-04-01 12:20:00	2018-04-01 12:30:00	LIS	2018-04-01 14:49:00	2018-04-01 14:58:00	2018-04-01 14:40:00	J	TP	2018-04-01 13:15:03	4.0	16.0	0	9.0	250.0	8.0	6.21		SCT	SCT	BKN	3300.0	4300.0	5600.0						17.0	230.0	11.0	6.21		M	M	M								
466888	2018-04-01 00:00:00	1682.0	CSTTI	319	AIRBUS A319-111	NB	FNC	2018-04-01 12:10:00	2018-04-01 12:20:00	2018-04-01 12:32:00	LIS	2018-04-01 13:52:00	2018-04-01 13:57:00	2018-04-01 13:50:00	J	TP	2018-04-01 12:40:51	1.0	89.0	0	18.0	220.0	24.0	6.21		FEW	SCT	M	1500.0	3300.0							18.0	210.0	11.0	6.21		FEW	M	M	4500.0							
466889	2018-04-01 00:00:00	1028.0	CSTTS	319	AIRBUS A319-111	NB	LIS	2018-04-01 12:15:00	2018-04-01 12:18:00	2018-04-01 12:29:00	MAD	2018-04-01 13:22:00	2018-04-01 13:28:00	2018-04-01 13:30:00	J	TP	2018-04-01 12:32:59	3.0	83.0	0	18.0	150.0	10.0	6.21		M	M	M									15.0	120.0	5.0	6.21		M	M	M								
466890	2018-04-01 00:00:00	79.0	CSTOP	332	AIRBUS A330-200	WB	OPO	2018-04-01 12:20:00	2018-04-01 12:18:00	2018-04-01 12:37:00	GIG	2018-04-01 22:37:00	2018-04-01 22:41:00	2018-04-01 22:40:00	J	TP					17.0	190.0	15.0	6.21		M	M	M									29.0	350.0	2.0	6.21		M	M	M								
466891	2018-04-01 00:00:00	1861.0	CSTTL	319	AIRBUS A319-111	NB	OPO	2018-04-01 12:20:00	2018-04-01 12:17:00	2018-04-01 12:31:00	PDL	2018-04-01 14:44:00	2018-04-01 14:47:00	2018-04-01 14:45:00	J	TP					17.0	190.0	15.0	6.21		M	M	M									16.0	290.0	23.0	6.21		SCT	FEW	M	2000.0	2500.0						
466892	2018-04-01 00:00:00	522.0	CSTPW	E90	EMBRAER 190	PGA	LIS	2018-04-01 12:25:00	2018-04-01 12:28:00	2018-04-01 12:40:00	STR	2018-04-01 15:02:00	2018-04-01 15:10:00	2018-04-01 15:15:00	J	NI	2018-04-01 12:42:59	3.0	89.0	0	18.0	150.0	10.0	6.21		M	M	M									7.0	240.0	15.0	6.21		SCT	BKN	M	2800.0	8200.0						
466893	2018-04-01 00:00:00	533.0	CSTNQ	320	AIRBUS A320-211	NB	TXL	2018-04-01 12:25:00	2018-04-01 12:37:00	2018-04-01 12:50:00	LIS	2018-04-01 16:13:00	2018-04-01 16:17:00	2018-04-01 16:00:00	J	TP	2018-04-02 08:17:59	9.0	81.0	0	2.0	300.0	13.0	4.35		BKN	OVC	M	900.0	1000.0							16.0	210.0	13.0	6.21		M	M	M								
466894	2018-04-01 00:00:00	764.0	CSTJF	321	AIRBUS A321-211	NB	LIS	2018-04-01 12:25:00	2018-04-01 13:17:00	2018-04-01 13:36:00	OSL	2018-04-01 16:59:00	2018-04-01 17:03:00	2018-04-01 16:25:00	J	TP	2018-04-01 13:49:59	7.0	85.0	C	19.0	210.0	10.0	6.21		FEW	M	M	4000.0								2.0	30.0	7.0	6.21		M	M	M								
466895	2018-04-01 00:00:00	926.0	CSTNY	320	AIRBUS A320-211	NB	LIS	2018-04-01 12:30:00	2018-04-01 12:36:00	2018-04-01 12:50:00	ZRH	2018-04-01 15:19:00	2018-04-01 15:23:00	2018-04-01 15:10:00	J	TP	2018-04-01 12:54:59	6.0	65.0	0	18.0	150.0	10.0	6.21		M	M	M									8.0	250.0	7.0	6.21		FEW	SCT	M	2000.0	7500.0						
466896	2018-04-01 00:00:00	1681.0	CSTTU	319	AIRBUS A319-111	NB	LIS	2018-04-01 12:30:00	2018-04-01 12:34:00	2018-04-01 12:47:00	FNC	2018-04-01 14:15:00	2018-04-01 14:17:00	2018-04-01 14:15:00	J	TP	2018-04-01 13:10:59	4.0	19.0	A	18.0	150.0	10.0	6.21		M	M	M									18.0	220.0	17.0	6.21		SCT	M	M	1500.0							
466897	2018-04-01 00:00:00	1906.0	CSTNK	320	AIRBUS A320-211	NB	FAO	2018-04-01 12:30:00	2018-04-01 12:33:00	2018-04-01 12:43:00	LIS	2018-04-01 13:14:00	2018-04-01 13:18:00	2018-04-01 13:15:00	J	TP	2018-04-01 12:47:59	3.0	58.0	B	17.0	90.0	11.0	6.21		M	M	M									19.0	210.0	10.0	6.21		FEW	M	M	4000.0							
466898	2018-04-01 00:00:00	1939.0	CSDJH	AT7	ATR 72	WI	OPO	2018-04-01 12:30:00	2018-04-01 12:42:00	2018-04-01 12:56:00	LIS	2018-04-01 13:43:00	2018-04-01 13:48:00	2018-04-01 13:30:00	J	WI	2018-04-01 12:57:58	12.0	93.0	R	17.0	190.0	15.0	6.21		M	M	M									18.0	210.0	11.0	6.21		FEW	M	M	4500.0							
466899	2018-04-01 00:00:00	359.0	CSTTD	319	AIRBUS A319-111	NB	LHR	2018-04-01 12:45:00	2018-04-01 12:38:00	2018-04-01 12:53:00	LIS	2018-04-01 15:18:00	2018-04-01 15:24:00	2018-04-01 15:30:00	J	TP					7.0	300.0	4.0	6.21		OVC	M	M	3200.0								17.0	210.0	12.0	6.21		M	M	M								
466900	2018-04-01 00:00:00	402.0	CSTPR	E90	EMBRAER 190	PGA	LIS	2018-04-01 12:45:00	2018-04-01 12:41:00	2018-04-01 12:53:00	MRS	2018-04-01 14:40:00	2018-04-01 14:44:00	2018-04-01 15:00:00	J	NI					18.0	150.0	10.0	6.21		M	M	M									16.0	310.0	13.0	6.21		FEW	M	M	1700.0							
466901	2018-04-01 00:00:00	924.0	CSTPO	E90	EMBRAER 190	PGA	OPO	2018-04-01 12:45:00	2018-04-01 12:48:00	2018-04-01 13:01:00	ZRH	2018-04-01 15:12:00	2018-04-01 15:16:00	2018-04-01 15:15:00	J	NI	2018-04-01 13:01:50	3.0	84.0	0	17.0	190.0	13.0	6.21		M	M	M									8.0	250.0	7.0	6.21		FEW	SCT	M	2000.0	7500.0						
466902	2018-04-01 00:00:00	1119.0	CSTPT	E90	EMBRAER 190	PGA	LPA	2018-04-01 12:45:00	2018-04-01 12:54:00	2018-04-01 13:11:00	LIS	2018-04-01 14:57:00	2018-04-01 15:00:00	2018-04-01 15:00:00	J	NI	2018-04-02 08:18:59	3.0	81.0	0	19.0	120.0	6.0	6.21		BKN	M	M	2500.0								17.0	230.0	11.0	6.21		M	M	M								
466903	2018-04-01 00:00:00	783.0	CSTNW	320	AIRBUS A320-211	NB	ARN	2018-04-01 12:50:00	2018-04-01 13:12:00	2018-04-01 13:18:00	LIS	2018-04-01 17:43:00	2018-04-01 17:47:00	2018-04-01 17:15:00	J	TP	2018-04-02 08:19:59	8.0	81.0	0	2.0	60.0	10.0	6.21		BKN	M	M	2800.0								15.0	230.0	13.0	6.21		M	M	M								
466904	2018-04-01 00:00:00	1428.0	CSDJD	AT7	ATR 72	WI	LIS	2018-04-01 13:00:00	2018-04-01 13:26:00	2018-04-01 13:41:00	FEZ	2018-04-01 15:24:00	2018-04-01 15:28:00	2018-04-01 14:55:00	J	WI	2018-04-05 08:17:59	5.0	9.0	0	19.0	210.0	10.0	6.21		FEW	M	M	4000.0								25.0	360.0	6.0	6.21		FEW	SCT	M	3000.0	23000.0						
466905	2018-04-01 00:00:00	1946.0	CSDJF	AT7	ATR 72	WI	LIS	2018-04-01 13:00:00	2018-04-01 12:58:00	2018-04-01 13:09:00	OPO	2018-04-01 13:55:00	2018-04-01 13:58:00	2018-04-01 14:00:00	J	WI					18.0	200.0	12.0	6.21		M	M	M									18.0	200.0	13.0	6.21		M	M	M								
466906	2018-04-01 00:00:00	1042.0	LYPGC	737	BOEING 737 ALL SERIES		LIS	2018-04-01 13:05:00	2018-04-01 13:52:00	2018-04-01 14:03:00	BCN	2018-04-01 15:32:00	2018-04-01 15:39:00	2018-04-01 14:55:00	J	TP	2018-04-01 14:21:59	22.0	89.0	0	18.0	210.0	11.0	6.21		FEW	M	M	4500.0								14.0	200.0	11.0	6.21		M	M	M								
466907	2018-04-01 00:00:00	1300.0	FHBIS	320	AIRBUS A320-211	NB	LIS	2018-04-01 13:05:00	2018-04-01 13:18:00	2018-04-01 13:32:00	PRG	2018-04-01 16:22:00	2018-04-01 16:28:00	2018-04-01 16:20:00	J	TP	2018-04-13 12:48:59	13.0	15.0	A	19.0	210.0	10.0	6.21		FEW	M	M	4000.0								7.0	280.0	14.0	6.21		SCT	M	M	3300.0							
466908	2018-04-01 00:00:00	484.0	CSTPU	E90	EMBRAER 190	PGA	LIS	2018-04-01 13:10:00	2018-04-01 13:26:00	2018-04-01 13:44:00	NCE	2018-04-01 15:38:00	2018-04-01 15:40:00	2018-04-01 15:35:00	J	NI	2018-04-01 13:51:59	8.0	95.0	B	19.0	210.0	10.0	6.21		FEW	M	M	4000.0								15.0	70.0	10.0	6.21		M	M	M								
466909	2018-04-01 00:00:00	948.0	CSTJG	321	AIRBUS A321-211	NB	LIS	2018-04-01 13:10:00	2018-04-01 14:26:00	2018-04-01 14:42:00	GVA	2018-04-01 16:43:00	2018-04-01 16:47:00	2018-04-01 15:30:00	J	TP	2018-04-02 08:20:59	2.0	49.0	0	18.0	220.0	11.0	6.21		M	M	M									11.0	210.0	7.0	6.21		FEW	M	M	5000.0							
466910	2018-04-01 00:00:00	1450.0	CSTTW	E95	EMBRAER 195	PGA	LIS	2018-04-01 13:10:00	2018-04-01 13:08:00	2018-04-01 13:22:00	RAK	2018-04-01 14:42:00	2018-04-01 14:48:00	2018-04-01 14:45:00	J	NI					18.0	200.0	12.0	6.21		M	M	M									26.0	280.0	10.0	6.21		FEW	SCT	M	2300.0	20000.0						
466911	2018-04-01 00:00:00	1105.0	CSDJA	AT7	ATR 72	WI	SVQ	2018-04-01 13:15:00	2018-04-01 13:06:00	2018-04-01 13:11:00	LIS	2018-04-01 14:10:00	2018-04-01 14:16:00	2018-04-01 14:25:00	J	WI					22.0	80.0	7.0	6.21		M	M	M									18.0	220.0	11.0	6.21		M	M	M								
466912	2018-04-01 00:00:00	1434.0	CSTTZ	E95	EMBRAER 195	PGA	LIS	2018-04-01 13:15:00	2018-04-01 13:51:00	2018-04-01 13:58:00	CMN	2018-04-01 15:02:00	2018-04-01 15:06:00	2018-04-01 14:55:00	J	NI	2018-04-01 13:59:59	16.0	89.0	0	18.0	210.0	11.0	6.21		FEW	M	M	4500.0								22.0	330.0	10.0	6.21		M	M	M								
466913	2018-04-01 00:00:00	1868.0	CSTNJ	320	AIRBUS A320-211	NB	PDL	2018-04-01 13:15:00	2018-04-01 13:28:00	2018-04-01 13:38:00	LIS	2018-04-01 15:33:00	2018-04-01 15:39:00	2018-04-01 15:30:00	J	TP	2018-04-01 13:41:55	10.0	19.0	A	16.0	290.0	22.0	6.21		SCT	FEW	M	2000.0	2500.0							17.0	210.0	12.0	6.21		M	M	M								
466914	2018-04-01 00:00:00	472.0	CSTPQ	E90	EMBRAER 190	PGA	LIS	2018-04-01 13:20:00	2018-04-01 13:44:00	2018-04-01 13:56:00	LYS	2018-04-01 15:42:00	2018-04-01 15:47:00	2018-04-01 15:35:00	J	NI	2018-04-01 13:58:59	14.0	89.0	0	19.0	210.0	10.0	6.21		FEW	M	M	4000.0								12.0		2.0	6.21		M	M	M								
466915	2018-04-01 00:00:00	586.0	CSTTY	E95	EMBRAER 195	PGA	LIS	2018-04-01 13:20:00	2018-04-01 13:39:00	2018-04-01 13:51:00	CGN	2018-04-01 16:13:00	2018-04-01 16:16:00	2018-04-01 16:10:00	J	NI	2018-04-01 13:56:59	19.0	81.0	0	19.0	210.0	10.0	6.21		FEW	M	M	4000.0								6.0	300.0	14.0	6.21		BKN	BKN	M	1600.0	2500.0						
466916	2018-04-01 00:00:00	1141.0	CSDJG	AT7	ATR 72	WI	VGO	2018-04-01 13:20:00	2018-04-01 13:19:00	2018-04-01 13:25:00	LIS	2018-04-01 14:26:00	2018-04-01 14:30:00	2018-04-01 14:40:00	J	WI					17.0	180.0	15.0	6.21	28.0	FEW	M	M	5400.0								18.0	220.0	11.0	6.21		M	M	M								
466917	2018-04-01 00:00:00	324.0	CSTNL	320	AIRBUS A320-211	NB	LIS	2018-04-01 13:25:00	2018-04-01 13:42:00	2018-04-01 13:54:00	MAN	2018-04-01 16:11:00	2018-04-01 16:18:00	2018-04-01 16:15:00	J	TP	2018-04-01 13:56:59	12.0	89.0	0	19.0	210.0	10.0	6.21		FEW	M	M	4000.0								6.0	80.0	7.0	6.21		SCT	M	M	2400.0							
466918	2018-04-01 00:00:00	1274.0	CSTOE	332	AIRBUS A330-200	WB	LIS	2018-04-01 13:25:00	2018-04-01 16:48:00	2018-04-01 17:10:00	VIE	2018-04-01 20:06:00	2018-04-01 20:12:00	2018-04-01 16:45:00	J	TP	2018-04-01 17:12:59	19.0	16.0	D	16.0	210.0	14.0	6.21		M	M	M									7.0	280.0	18.0	6.21		FEW	M	M	3000.0							
466919	2018-04-01 00:00:00	643.0	CSTTX	E95	EMBRAER 195	PGA	BRU	2018-04-01 13:30:00	2018-04-01 13:28:00	2018-04-01 13:38:00	LIS	2018-04-01 16:22:00	2018-04-01 16:27:00	2018-04-01 16:20:00	J	NI					6.0	300.0	10.0	3.73		SCT	BKN	M	1300.0	2700.0							16.0	210.0	13.0	6.21		M	M	M								
466920	2018-04-01 00:00:00	1123.0	CSDJB	AT7	ATR 72	WI	ALC	2018-04-01 13:30:00	2018-04-01 14:24:00	2018-04-01 14:36:00	LIS	2018-04-01 16:46:00	2018-04-01 16:49:00	2018-04-01 16:00:00	J	WI	2018-04-01 14:38:04	54.0	93.0	0	18.0	100.0	8.0	6.21		M	M	M									16.0	210.0	14.0	6.21		M	M	M								
466921	2018-04-01 00:00:00	1947.0	CSDJC	AT7	ATR 72	WI	OPO	2018-04-01 13:30:00	2018-04-01 13:29:00	2018-04-01 13:37:00	LIS	2018-04-01 14:23:00	2018-04-01 14:26:00	2018-04-01 14:30:00	J	WI					18.0	200.0	13.0	6.21		M	M	M									18.0	220.0	11.0	6.21		M	M	M								
466922	2018-04-01 00:00:00	1558.0	CSTNR	320	AIRBUS A320-211	NB	VXE	2018-04-01 13:35:00	2018-04-01 13:35:00	2018-04-01 13:43:00	LIS	2018-04-01 17:25:00	2018-04-01 17:30:00	2018-04-01 17:30:00	J	TP					26.0	60.0	27.0	3.73	37.0	NSC	M	M									16.0	210.0	15.0	6.21		M	M	M								
466923	2018-04-01 00:00:00	687.0	ECMTE	319	AIRBUS A319-111	NB	LUX	2018-04-01 13:40:00	2018-04-01 13:30:00	2018-04-01 13:42:00	OPO	2018-04-01 16:04:00	2018-04-01 16:06:00	2018-04-01 16:10:00	J	TP					7.0	280.0	13.0	6.21		FEW	SCT	M	1200.0	1800.0							17.0	200.0	12.0	6.21		M	M	M								
466924	2018-04-01 00:00:00	576.0	CSTNT	320	AIRBUS A320-211	NB	LIS	2018-04-01 13:45:00	2018-04-01 14:08:00	2018-04-01 14:21:00	FRA	2018-04-01 16:51:00	2018-04-01 17:03:00	2018-04-01 16:50:00	J	TP	2018-04-01 14:24:59	23.0	15.0	A	18.0	210.0	11.0	6.21		FEW	M	M	4500.0								9.0	320.0	6.0	6.21		FEW	SCT	BKN	3000.0	5500.0	8000.0					
466925	2018-04-01 00:00:00	871.0	CSTTE	319	AIRBUS A319-111	NB	BLQ	2018-04-01 13:45:00	2018-04-01 13:59:00	2018-04-01 14:12:00	LIS	2018-04-01 17:02:00	2018-04-01 17:06:00	2018-04-01 16:45:00	J	TP	2018-04-01 15:46:59	10.0	36.0	C	19.0	320.0	10.0	6.21		FEW	M	M	4000.0								16.0	210.0	14.0	6.21		M	M	M								
466926	2018-04-01 00:00:00	353.0	CSTPP	E90	EMBRAER 190	PGA	LCY	2018-04-01 13:50:00	2018-04-01 13:59:00	2018-04-01 14:04:00	OPO	2018-04-01 16:18:00	2018-04-01 16:21:00	2018-04-01 16:10:00	J	NI	2018-04-01 15:00:04	5.0	89.0	0	7.0	200.0	4.0	6.21		OVC	M	M	2700.0								16.0	200.0	12.0	6.21		M	M	M								
466927	2018-04-01 00:00:00	432.0	CSTTF	319	AIRBUS A319-111	NB	LIS	2018-04-01 13:50:00	2018-04-01 13:54:00	2018-04-01 14:11:00	ORY	2018-04-01 16:11:00	2018-04-01 16:16:00	2018-04-01 16:15:00	J	TP	2018-04-01 14:14:59	4.0	89.0	0	18.0	210.0	11.0	6.21		FEW	M	M	4500.0								11.0	240.0	7.0	6.21		FEW	BKN	M	4600.0	5800.0						
466928	2018-04-01 00:00:00	554.0	CSTNI	320	AIRBUS A320-211	NB	LIS	2018-04-01 13:55:00	2018-04-01 14:10:00	2018-04-01 14:28:00	MUC	2018-04-01 16:59:00	2018-04-01 17:10:00	2018-04-01 16:55:00	J	TP	2018-04-04 16:09:59	15.0	81.0	0	18.0	210.0	11.0	6.21		FEW	M	M	4500.0								6.0	270.0	12.0	6.21		FEW	SCT	M	2500.0	6000.0						
466929	2018-04-01 00:00:00	662.0	CSTTB	319	AIRBUS A319-111	NB	LIS	2018-04-01 13:55:00	2018-04-01 13:57:00	2018-04-01 14:14:00	AMS	2018-04-01 16:32:00	2018-04-01 16:35:00	2018-04-01 16:50:00	J	TP	2018-04-01 14:16:59	2.0	89.0	0	18.0	210.0	11.0	6.21		FEW	M	M	4500.0								6.0	320.0	10.0	6.21		FEW	BKN	M	1500.0	2800.0						
466930	2018-04-01 00:00:00	1952.0	CSDJE	AT7	ATR 72	WI	LIS	2018-04-01 14:00:00	2018-04-01 14:09:00	2018-04-01 14:24:00	OPO	2018-04-01 15:10:00	2018-04-01 15:13:00	2018-04-01 15:00:00	J	WI	2018-04-01 14:24:59	9.0	89.0	0	18.0	210.0	11.0	6.21		FEW	M	M	4500.0								17.0	220.0	13.0	6.21		M	M	M								
466931	2018-04-01 00:00:00	356.0	CSTNH	320	AIRBUS A320-211	NB	LIS	2018-04-01 14:05:00	2018-04-01 14:15:00	2018-04-01 14:26:00	LHR	2018-04-01 16:29:00	2018-04-01 16:36:00	2018-04-01 16:45:00	J	TP	2018-04-01 14:27:59	10.0	89.0	0	18.0	210.0	11.0	6.21		FEW	M	M	4500.0								8.0	190.0	4.0	6.21		FEW	BKN	M	3400.0	4100.0						
466932	2018-04-01 00:00:00	1315.0	CSTKR	763	BOEING 767-300/300ER		BUD	2018-04-01 14:10:00	2018-04-01 17:19:00	2018-04-01 17:39:00	LIS	2018-04-01 21:23:00	2018-04-01 21:29:00	2018-04-01 18:00:00	J	TP	2018-04-01 17:41:11	189.0	93.0	0	11.0	280.0	17.0	6.21		M	M	M									13.0	220.0	11.0	6.21		FEW	M	M	1000.0							
466933	2018-04-01 00:00:00	496.0	CSTPV	E90	EMBRAER 190	PGA	LIS	2018-04-01 14:15:00	2018-04-01 14:44:00	2018-04-01 14:55:00	TLS	2018-04-01 16:15:00	2018-04-01 16:20:00	2018-04-01 16:05:00	J	NI	2018-04-01 15:06:59	29.0	41.0	A	18.0	220.0	11.0	6.21		M	M	M									15.0	70.0	6.0	6.21		M	M	M								
466934	2018-04-01 00:00:00	1027.0	CSTTS	319	AIRBUS A319-111	NB	MAD	2018-04-01 14:20:00	2018-04-01 14:15:00	2018-04-01 14:33:00	LIS	2018-04-01 15:27:00	2018-04-01 15:33:00	2018-04-01 15:40:00	J	TP					17.0	120.0	5.0	6.21		M	M	M									17.0	210.0	12.0	6.21		M	M	M								
466935	2018-04-01 00:00:00	1949.0	CSDJF	AT7	ATR 72	WI	OPO	2018-04-01 14:30:00	2018-04-01 14:26:00	2018-04-01 14:34:00	LIS	2018-04-01 15:23:00	2018-04-01 15:25:00	2018-04-01 15:30:00	J	WI					17.0	200.0	13.0	6.21		M	M	M									17.0	210.0	12.0	6.21		M	M	M								
466936	2018-04-01 00:00:00	842.0	CSTNX	320	AIRBUS A320-211	NB	LIS	2018-04-01 14:35:00	2018-04-01 14:34:00	2018-04-01 14:48:00	FCO	2018-04-01 17:05:00	2018-04-01 17:13:00	2018-04-01 17:25:00	J	TP					18.0	220.0	11.0	6.21		M	M	M									13.0	250.0	8.0	6.21		M	M	M								
466937	2018-04-01 00:00:00	862.0	CSTTO	319	AIRBUS A319-111	NB	LIS	2018-04-01 14:35:00	2018-04-01 14:46:00	2018-04-01 14:58:00	VCE	2018-04-01 17:24:00	2018-04-01 17:29:00	2018-04-01 17:25:00	J	TP	2018-04-01 14:59:59	7.0	89.0	0	17.0	230.0	11.0	6.21		M	M	M									15.0	210.0	8.0	6.21		M	M	M								
466938	2018-04-01 00:00:00	441.0	CSTNM	320	AIRBUS A320-211	NB	ORY	2018-04-01 14:40:00	2018-04-01 14:53:00	2018-04-01 15:01:00	LIS	2018-04-01 17:15:00	2018-04-01 17:18:00	2018-04-01 17:10:00	J	TP	2018-04-01 15:30:09	8.0	16.0	H	11.0	270.0	4.0	6.21		BKN	BKN	M	4100.0	5500.0							16.0	210.0	15.0	6.21		M	M	M								
466939	2018-04-01 00:00:00	659.0	CSTTN	319	AIRBUS A319-111	NB	AMS	2018-04-01 14:45:00	2018-04-01 14:54:00	2018-04-01 15:03:00	OPO	2018-04-01 17:30:00	2018-04-01 17:33:00	2018-04-01 17:30:00	J	TP	2018-04-02 00:52:59	9.0	81.0	0	7.0	320.0	8.0	2.8		FEW	BKN	M	1000.0	2500.0							16.0	190.0	10.0	6.21		M	M	M								
466940	2018-04-01 00:00:00	824.0	CSTPS	E90	EMBRAER 190	PGA	LIS	2018-04-01 14:50:00	2018-04-01 14:57:00	2018-04-01 15:15:00	MXP	2018-04-01 17:17:00	2018-04-01 17:22:00	2018-04-01 17:25:00	J	NI	2018-04-01 15:17:59	7.0	93.0	E	17.0	230.0	11.0	6.21		M	M	M									16.0	360.0	11.0	6.21		M	M	M								
466941	2018-04-01 00:00:00	644.0	CSTNU	320	AIRBUS A320-211	NB	LIS	2018-04-01 14:55:00	2018-04-01 15:15:00	2018-04-01 15:28:00	BRU	2018-04-01 17:43:00	2018-04-01 17:47:00	2018-04-01 17:35:00	J	TP	2018-04-01 15:37:59	20.0	81.0	0	17.0	230.0	11.0	6.21		M	M	M									6.0	340.0	4.0	6.21		FEW	SCT	M	2700.0	4200.0						
466942	2018-04-01 00:00:00	823.0	CSTNS	320	AIRBUS A320-211	NB	MXP	2018-04-01 15:00:00	2018-04-01 14:54:00	2018-04-01 15:04:00	LIS	2018-04-01 17:46:00	2018-04-01 17:51:00	2018-04-01 17:50:00	J	TP					18.0	220.0	6.0	6.21		M	M	M									15.0	230.0	13.0	6.21		M	M	M								
466943	2018-04-01 00:00:00	1676.0	CSTTU	319	AIRBUS A319-111	NB	FNC	2018-04-01 15:00:00	2018-04-01 14:54:00	2018-04-01 15:04:00	LIS	2018-04-01 16:28:00	2018-04-01 16:32:00	2018-04-01 16:35:00	J	TP					18.0	220.0	15.0	6.21		SCT	M	M	1500.0								16.0	210.0	13.0	6.21		M	M	M								
466944	2018-04-01 00:00:00	1960.0	CSDJC	AT7	ATR 72	WI	LIS	2018-04-01 15:00:00	2018-04-01 14:58:00	2018-04-01 15:09:00	OPO	2018-04-01 15:54:00	2018-04-01 15:57:00	2018-04-01 16:00:00	J	WI					17.0	230.0	11.0	6.21		M	M	M									17.0	200.0	12.0	6.21		M	M	M								
466945	2018-04-01 00:00:00	456.0	CSTTG	319	AIRBUS A319-111	NB	OPO	2018-04-01 15:05:00	2018-04-01 15:02:00	2018-04-01 15:12:00	ORY	2018-04-01 16:48:00	2018-04-01 16:54:00	2018-04-01 17:10:00	J	TP					17.0	220.0	13.0	6.21		M	M	M									11.0	230.0	9.0	6.21		FEW	BKN	BKN	4600.0	5800.0	16000.0					
466946	2018-04-01 00:00:00	833.0	CSTJE	321	AIRBUS A321-211	NB	FCO	2018-04-01 15:05:00	2018-04-01 15:59:00	2018-04-01 16:11:00	LIS	2018-04-01 18:55:00	2018-04-01 18:58:00	2018-04-01 18:10:00	J	TP	2018-04-04 16:14:59	6.0	89.0	0	15.0	270.0	8.0	6.21		M	M	M									14.0	210.0	12.0	6.21		FEW	M	M	2800.0							
466947	2018-04-01 00:00:00	1066.0	CSDJA	AT7	ATR 72	WI	LIS	2018-04-01 15:05:00	2018-04-01 15:14:00	2018-04-01 15:26:00	BIO	2018-04-01 17:03:00	2018-04-01 17:07:00	2018-04-01 17:10:00	J	WI	2018-04-01 15:26:59	9.0	89.0	0	17.0	230.0	11.0	6.21		M	M	M									19.0	180.0	5.0	6.21		M	M	M								
466948	2018-04-01 00:00:00	1687.0	CSTNK	320	AIRBUS A320-211	NB	LIS	2018-04-01 15:05:00	2018-04-01 15:03:00	2018-04-01 15:18:00	FNC	2018-04-01 16:50:00	2018-04-01 16:52:00	2018-04-01 16:50:00	J	TP					17.0	230.0	11.0	6.21		M	M	M									18.0	210.0	17.0	6.21		SCT	M	M	1500.0							
466949	2018-04-01 00:00:00	364.0	CSTTR	319	AIRBUS A319-111	NB	LIS	2018-04-01 15:10:00	2018-04-01 15:23:00	2018-04-01 15:37:00	LHR	2018-04-01 17:37:00	2018-04-01 17:45:00	2018-04-01 17:50:00	J	TP	2018-04-01 15:38:59	13.0	81.0	0	17.0	210.0	12.0	6.21		M	M	M									7.0	120.0	5.0	6.21		NCD	M	M								
466950	2018-04-01 00:00:00	691.0	CSTTH	319	AIRBUS A319-111	NB	LUX	2018-04-01 15:15:00	2018-04-01 15:42:00	2018-04-01 15:53:00	LIS	2018-04-01 18:34:00	2018-04-01 18:39:00	2018-04-01 18:05:00	J	TP	2018-04-01 16:11:12	20.0	14.0	A	7.0	270.0	12.0	6.21		FEW	BKN	M	3000.0	7000.0							14.0	220.0	12.0	6.21		M	M	M								
466951	2018-04-01 00:00:00	942.0	CSTTP	319	AIRBUS A319-111	NB	OPO	2018-04-01 15:15:00	2018-04-01 15:12:00	2018-04-01 15:21:00	GVA	2018-04-01 17:10:00	2018-04-01 17:13:00	2018-04-01 17:20:00	J	TP					17.0	220.0	13.0	6.21		M	M	M									10.0		3.0	6.21		FEW	SCT	M	5000.0	30000.0						
466952	2018-04-01 00:00:00	1529.0	CSTNG	320	AIRBUS A320-211	NB	ACC	2018-04-01 15:15:00	2018-04-01 15:14:00	2018-04-01 15:24:00	TMS	2018-04-01 16:47:00	2018-04-01 16:52:00	2018-04-01 16:55:00	J	TP					32.0	190.0	13.0	6.21		M	M	M									24.0	300.0	4.0	6.21		FEW	BKN	M	1700.0	10000.0						
466953	2018-04-01 00:00:00	1024.0	CSTTC	319	AIRBUS A319-111	NB	LIS	2018-04-01 15:20:00	2018-04-01 15:35:00	2018-04-01 15:46:00	MAD	2018-04-01 16:33:00	2018-04-01 16:36:00	2018-04-01 16:35:00	J	TP	2018-04-01 15:48:59	7.0	83.0	0	17.0	210.0	12.0	6.21		M	M	M									18.0	140.0	4.0	6.21		M	M	M								
466954	2018-04-01 00:00:00	1092.0	CSDJG	AT7	ATR 72	WI	LIS	2018-04-01 15:20:00	2018-04-01 15:26:00	2018-04-01 15:41:00	VLC	2018-04-01 17:17:00	2018-04-01 17:21:00	2018-04-01 17:25:00	J	WI	2018-04-01 15:44:59	6.0	89.0	0	17.0	210.0	12.0	6.21		M	M	M									16.0	110.0	6.0	6.21		M	M	M								
466955	2018-04-01 00:00:00	1903.0	CSTTJ	319	AIRBUS A319-111	NB	LIS	2018-04-01 15:25:00	2018-04-01 15:31:00	2018-04-01 15:45:00	FAO	2018-04-01 16:13:00	2018-04-01 16:16:00	2018-04-01 16:10:00	J	TP	2018-04-01 15:47:59	6.0	89.0	0	17.0	210.0	12.0	6.21		M	M	M									18.0	120.0	6.0	6.21		M	M	M								
466956	2018-04-01 00:00:00	1451.0	CSTTW	E95	EMBRAER 195	PGA	RAK	2018-04-01 15:30:00	2018-04-01 15:30:00	2018-04-01 15:38:00	LIS	2018-04-01 16:58:00	2018-04-01 17:01:00	2018-04-01 17:05:00	J	NI					26.0	270.0	9.0	6.21		FEW	SCT	M	2300.0	20000.0							16.0	210.0	14.0	6.21		M	M	M								
466957	2018-04-01 00:00:00	1951.0	CSDJE	AT7	ATR 72	WI	OPO	2018-04-01 15:30:00	2018-04-01 15:48:00	2018-04-01 15:58:00	LIS	2018-04-01 16:48:00	2018-04-01 16:50:00	2018-04-01 16:30:00	J	WI	2018-04-01 16:04:18	5.0	89.0	0	17.0	200.0	12.0	6.21		M	M	M									16.0	210.0	14.0	6.21		M	M	M								
466958	2018-04-01 00:00:00	377.0	CSTNN	320	AIRBUS A320-211	NB	LHR	2018-04-01 15:35:00	2018-04-01 16:05:00	2018-04-01 16:25:00	LIS	2018-04-01 18:50:00	2018-04-01 18:53:00	2018-04-01 18:15:00	J	TP	2018-04-01 16:36:14	30.0	81.0	0	8.0		2.0	6.21		BKN	M	M	3900.0								14.0	210.0	12.0	6.21		FEW	M	M	2800.0							
466959	2018-04-01 00:00:00	1036.0	CSTMW	320	AIRBUS A320-211	NB	LIS	2018-04-01 15:35:00	2018-04-01 16:06:00	2018-04-01 16:27:00	BCN	2018-04-01 18:03:00	2018-04-01 18:10:00	2018-04-01 17:25:00	J	TP	2018-04-01 16:30:59	23.0	94.0	0	17.0	210.0	14.0	6.21		M	M	M									13.0	210.0	8.0	6.21		M	M	M								
466960	2018-04-01 00:00:00	1427.0	CSDJD	AT7	ATR 72	WI	FEZ	2018-04-01 15:35:00	2018-04-01 16:03:00	2018-04-01 16:13:00	LIS	2018-04-01 17:59:00	2018-04-01 18:08:00	2018-04-01 17:40:00	J	WI	2018-04-01 16:50:17	28.0	93.0	0	26.0	340.0	6.0	6.21		FEW	SCT	M	3000.0	23000.0							15.0	230.0	13.0	6.21		M	M	M								
466961	2018-04-01 00:00:00	1443.0	CSTTZ	E95	EMBRAER 195	PGA	CMN	2018-04-01 15:35:00	2018-04-01 15:51:00	2018-04-01 16:01:00	LIS	2018-04-01 17:08:00	2018-04-01 17:14:00	2018-04-01 17:15:00	J	NI	2018-04-01 16:05:19	5.0	89.0	0	20.0	340.0	10.0	6.21		M	M	M									16.0	210.0	14.0	6.21		M	M	M								
466962	2018-04-01 00:00:00	1866.0	CSTTL	319	AIRBUS A319-111	NB	PDL	2018-04-01 15:35:00	2018-04-01 15:50:00	2018-04-01 16:02:00	OPO	2018-04-01 18:01:00	2018-04-01 18:05:00	2018-04-01 17:50:00	J	TP	2018-04-01 16:20:19	15.0	15.0	A	15.0	320.0	17.0	6.21		FEW	FEW	SCT	2000.0	2500.0	3500.0						15.0	210.0	12.0	6.21		M	M	M								
466963	2018-04-01 00:00:00	346.0	CSTPT	E90	EMBRAER 190	PGA	LIS	2018-04-01 15:40:00	2018-04-01 16:04:00	2018-04-01 16:21:00	LCY	2018-04-01 18:29:00	2018-04-01 18:34:00	2018-04-01 18:20:00	J	NI	2018-04-01 16:28:59	24.0	81.0	0	17.0	210.0	14.0	6.21		M	M	M									7.0	100.0	8.0	6.21		NCD	M	M								
466964	2018-04-01 00:00:00	401.0	CSTPR	E90	EMBRAER 190	PGA	MRS	2018-04-01 15:40:00	2018-04-01 15:40:00	2018-04-01 15:50:00	LIS	2018-04-01 18:01:00	2018-04-01 18:06:00	2018-04-01 18:05:00	J	NI					16.0	300.0	13.0	6.21		M	M	M									15.0	230.0	13.0	6.21		M	M	M								
466965	2018-04-01 00:00:00	438.0	CSTTI	319	AIRBUS A319-111	NB	LIS	2018-04-01 15:40:00	2018-04-01 16:19:00	2018-04-01 16:33:00	ORY	2018-04-01 18:29:00	2018-04-01 18:34:00	2018-04-01 18:05:00	J	TP	2018-04-01 16:38:59	24.0	81.0	0	16.0	210.0	13.0	6.21		M	M	M									9.0	190.0	3.0	6.21		M	M	M								
466966	2018-04-01 00:00:00	1037.0	LYPGC	737	BOEING 737 ALL SERIES		BCN	2018-04-01 15:40:00	2018-04-01 16:35:00	2018-04-01 16:45:00	LIS	2018-04-01 18:21:00	2018-04-01 18:24:00	2018-04-01 17:35:00	J	TP	2018-04-01 16:55:09	11.0	16.0	G	15.0	220.0	11.0	6.21		M	M	M									14.0	220.0	12.0	6.21		M	M	M								
466967	2018-04-01 00:00:00	1525.0	CSTQD	320	AIRBUS A320-211	NB	LIS	2018-04-01 15:40:00	2018-04-01 15:40:00	2018-04-01 15:52:00	LFW	2018-04-01 21:10:00	2018-04-01 21:15:00	2018-04-01 21:20:00	J	TP					17.0	210.0	12.0	6.21		M	M	M									29.0	220.0	14.0	6.21		FEW	M	M	1300.0							
466968	2018-04-01 00:00:00	22.0	CSTOU	333	AIRBUS A330-300	WB	LIS	2018-04-01 15:45:00	2018-04-01 16:06:00	2018-04-01 16:24:00	SSA	2018-04-02 00:36:00	2018-04-02 00:45:00	2018-04-02 00:20:00	J	TP	2018-04-01 16:24:59	21.0	91.0	0	17.0	210.0	14.0	6.21		M	M	M									27.0	100.0	8.0	6.21		FEW	M	M	2000.0							
466969	2018-04-01 00:00:00	523.0	CSTPW	E90	EMBRAER 190	PGA	STR	2018-04-01 15:55:00	2018-04-01 15:50:00	2018-04-01 16:04:00	LIS	2018-04-01 19:00:00	2018-04-01 19:06:00	2018-04-01 19:05:00	J	NI					7.0	250.0	15.0	6.21		FEW	SCT	BKN	2400.0	3000.0	6300.0						14.0	210.0	12.0	6.21		FEW	M	M	2800.0							
466970	2018-04-01 00:00:00	921.0	CSTPO	E90	EMBRAER 190	PGA	ZRH	2018-04-01 16:00:00	2018-04-01 16:10:00	2018-04-01 16:27:00	OPO	2018-04-01 18:54:00	2018-04-01 18:58:00	2018-04-01 18:35:00	J	NI	2018-04-01 16:30:07	10.0	89.0	A	6.0	210.0	4.0	6.21		FEW	SCT	BKN	2000.0	4000.0	8000.0						14.0	170.0	11.0	6.21		M	M	M								
466971	2018-04-01 00:00:00	927.0	CSTNY	320	AIRBUS A320-211	NB	ZRH	2018-04-01 16:00:00	2018-04-01 16:23:00	2018-04-01 16:44:00	LIS	2018-04-01 19:31:00	2018-04-01 19:37:00	2018-04-01 18:50:00	J	TP	2018-04-01 16:49:17	10.0	41.0	B	6.0	210.0	4.0	6.21		FEW	SCT	BKN	2000.0	4000.0	8000.0						14.0	220.0	10.0	6.21		FEW	M	M	2800.0							
466972	2018-04-01 00:00:00	1962.0	CSDJF	AT7	ATR 72	WI	LIS	2018-04-01 16:00:00	2018-04-01 16:01:00	2018-04-01 16:19:00	OPO	2018-04-01 17:03:00	2018-04-01 17:06:00	2018-04-01 17:00:00	J	WI	2018-04-01 16:23:59	1.0	89.0	0	17.0	210.0	14.0	6.21		M	M	M									17.0	190.0	12.0	6.21		M	M	M								
466973	2018-04-01 00:00:00	11.0	CSTOH	332	AIRBUS A330-200	WB	LIS	2018-04-01 16:05:00	2018-04-01 16:16:00	2018-04-01 16:37:00	REC	2018-04-02 00:01:00	2018-04-02 00:04:00	2018-04-01 23:45:00	J	TP	2018-04-01 16:46:59	6.0	89.0	0	16.0	210.0	13.0	6.21		M	M	M									27.0	150.0	9.0	6.21		FEW	BKN	M	2300.0	10000.0						
466974	2018-04-01 00:00:00	35.0	CSTOF	332	AIRBUS A330-200	WB	LIS	2018-04-01 16:05:00	2018-04-01 16:45:00	2018-04-01 17:08:00	FOR	2018-04-02 00:11:00	2018-04-02 00:20:00	2018-04-01 23:40:00	J	TP	2018-04-04 12:50:59	40.0	91.0	0	16.0	210.0	13.0	6.21		M	M	M									28.0	80.0	7.0	6.21		FEW	SCT	M	1700.0	10000.0						
466975	2018-04-01 00:00:00	209.0	CSTOO	332	AIRBUS A330-200	WB	LIS	2018-04-01 16:10:00	2018-04-01 16:27:00	2018-04-01 16:39:00	JFK	2018-04-02 00:10:00	2018-04-02 00:23:00	2018-04-02 00:00:00	J	TP	2018-04-01 16:41:59	17.0	89.0	0	16.0	210.0	13.0	6.21		M	M	M										360.0	13.0	10.0		CLR	M	M								
466976	2018-04-01 00:00:00	477.0	CSTPQ	E90	EMBRAER 190	PGA	LYS	2018-04-01 16:15:00	2018-04-01 16:36:00	2018-04-01 16:47:00	LIS	2018-04-01 19:02:00	2018-04-01 19:05:00	2018-04-01 18:45:00	J	NI	2018-04-04 12:54:59	9.0	36.0	0	12.0	130.0	3.0	6.21		M	M	M									14.0	210.0	12.0	6.21		FEW	M	M	2800.0							
466977	2018-04-01 00:00:00	487.0	CSTPU	E90	EMBRAER 190	PGA	NCE	2018-04-01 16:15:00	2018-04-01 16:13:00	2018-04-01 16:24:00	LIS	2018-04-01 18:43:00	2018-04-01 18:47:00	2018-04-01 18:50:00	J	NI					16.0	70.0	7.0	6.21		M	M	M									14.0	210.0	12.0	6.21		FEW	M	M	2800.0							
466978	2018-04-01 00:00:00	947.0	CSTJG	321	AIRBUS A321-211	NB	GVA	2018-04-01 16:20:00	2018-04-01 17:51:00	2018-04-01 18:05:00	LIS	2018-04-01 20:24:00	2018-04-01 20:30:00	2018-04-01 18:55:00	J	TP	2018-04-01 18:06:18	6.0	49.0	0	9.0	260.0	4.0	6.21		FEW	SCT	M	5000.0	30000.0							13.0	210.0	11.0	6.21		FEW	M	M	1600.0							
466979	2018-04-01 00:00:00	1689.0	CSTTD	319	AIRBUS A319-111	NB	LIS	2018-04-01 16:30:00	2018-04-01 16:31:00	2018-04-01 16:43:00	FNC	2018-04-01 18:12:00	2018-04-01 18:15:00	2018-04-01 18:15:00	J	TP	2018-04-01 16:44:59	1.0	89.0	0	16.0	210.0	13.0	6.21		M	M	M									17.0	210.0	15.0	6.21		SCT	M	M	1500.0							
466980	2018-04-01 00:00:00	1953.0	CSDJC	AT7	ATR 72	WI	OPO	2018-04-01 16:30:00	2018-04-01 16:24:00	2018-04-01 16:31:00	LIS	2018-04-01 17:23:00	2018-04-01 17:28:00	2018-04-01 17:30:00	J	WI					16.0	200.0	12.0	6.21		M	M	M									16.0	210.0	15.0	6.21		M	M	M								
466981	2018-04-01 00:00:00	9323.0	ECMTE	319	AIRBUS A319-111	NB	OPO	2018-04-01 16:35:00	2018-04-01 16:30:00	2018-04-01 16:44:00	BOD	2018-04-01 17:50:00	2018-04-01 17:55:00	2018-04-01 17:55:00	P	V7					16.0	200.0	12.0	6.21		M	M	M									15.0	120.0	10.0	6.21		M	M	M								
466982	2018-04-01 00:00:00	1112.0	CSDJB	AT7	ATR 72	WI	LIS	2018-04-01 16:40:00	2018-04-01 17:45:00	2018-04-01 18:03:00	OVD	2018-04-01 19:29:00	2018-04-01 19:32:00	2018-04-01 18:30:00	J	WI	2018-04-01 18:04:59	16.0	89.0	0	16.0	210.0	15.0	6.21		M	M	M									16.0	170.0	3.0	6.21		FEW	SCT	M	7800.0	8400.0						
466983	2018-04-01 00:00:00	493.0	CSTPV	E90	EMBRAER 190	PGA	TLS	2018-04-01 16:45:00	2018-04-01 17:04:00	2018-04-01 17:13:00	LIS	2018-04-01 18:57:00	2018-04-01 19:02:00	2018-04-01 18:45:00	J	NI	2018-04-06 13:53:59	4.0	89.0	0	14.0	70.0	7.0	6.21		M	M	M									14.0	210.0	12.0	6.21		FEW	M	M	2800.0							
466984	2018-04-01 00:00:00	589.0	CSTTY	E95	EMBRAER 195	PGA	CGN	2018-04-01 16:50:00	2018-04-01 16:54:00	2018-04-01 17:13:00	LIS	2018-04-01 20:08:00	2018-04-01 20:17:00	2018-04-01 20:00:00	J	NI	2018-04-04 16:10:59	4.0	93.0	0	6.0	290.0	10.0	6.21		BKN	BKN	M	1500.0	2200.0							13.0	210.0	11.0	6.21		FEW	M	M	1600.0							
466985	2018-04-01 00:00:00	338.0	CSTPP	E90	EMBRAER 190	PGA	OPO	2018-04-01 16:55:00	2018-04-01 17:04:00	2018-04-01 17:14:00	LGW	2018-04-01 18:55:00	2018-04-01 19:01:00	2018-04-01 19:10:00	J	NI	2018-04-01 17:21:11	5.0	89.0	0	17.0	190.0	12.0	6.21		M	M	M									6.0	170.0	4.0	6.21		M	M	M								
466986	2018-04-01 00:00:00	816.0	FHBAL	319	AIRBUS A319-111	NB	OPO	2018-04-01 16:55:00	2018-04-01 17:06:00	2018-04-01 17:18:00	MXP	2018-04-01 19:16:00	2018-04-01 19:22:00	2018-04-01 19:30:00	J	TP	2018-04-01 17:31:14	7.0	89.0	0	17.0	190.0	12.0	6.21		M	M	M									13.0	30.0	8.0	6.21		M	M	M								
466987	2018-04-01 00:00:00	1904.0	CSTTJ	319	AIRBUS A319-111	NB	FAO	2018-04-01 16:55:00	2018-04-01 16:56:00	2018-04-01 17:07:00	LIS	2018-04-01 17:50:00	2018-04-01 17:53:00	2018-04-01 17:40:00	J	TP	2018-04-01 17:55:15	1.0	93.0	0	18.0	140.0	4.0	6.21		M	M	M									15.0	230.0	13.0	6.21		M	M	M								
466988	2018-04-01 00:00:00	321.0	CSTNL	320	AIRBUS A320-211	NB	MAN	2018-04-01 17:00:00	2018-04-01 17:08:00	2018-04-01 17:20:00	LIS	2018-04-01 19:58:00	2018-04-01 20:03:00	2018-04-01 19:45:00	J	TP	2018-04-01 17:44:14	8.0	93.0	0	5.0	80.0	9.0	6.21		SCT	SCT	BKN	2100.0	2600.0	4100.0						14.0	220.0	10.0	6.21		FEW	M	M	1600.0							
466989	2018-04-01 00:00:00	431.0	CSTTF	319	AIRBUS A319-111	NB	ORY	2018-04-01 17:00:00	2018-04-01 16:58:00	2018-04-01 17:05:00	LIS	2018-04-01 19:24:00	2018-04-01 19:28:00	2018-04-01 19:30:00	J	TP					11.0	230.0	9.0	6.21		FEW	BKN	BKN	4600.0	5800.0	16000.0						14.0	220.0	10.0	6.21		FEW	M	M	2800.0							
466990	2018-04-01 00:00:00	566.0	CSTNP	320	AIRBUS A320-211	NB	LIS	2018-04-01 17:00:00	2018-04-01 17:20:00	2018-04-01 17:36:00	HAM	2018-04-01 20:23:00	2018-04-01 20:28:00	2018-04-01 20:15:00	J	TP	2018-04-01 17:40:59	20.0	89.0	0	16.0	210.0	15.0	6.21		M	M	M									2.0	270.0	10.0	6.21		M	M	M								
466991	2018-04-01 00:00:00	1964.0	CSDJE	AT7	ATR 72	WI	LIS	2018-04-01 17:00:00	2018-04-01 17:37:00	2018-04-01 17:51:00	OPO	2018-04-01 18:34:00	2018-04-01 18:37:00	2018-04-01 18:00:00	J	WI	2018-04-01 17:55:59	17.0	89.0	0	16.0	210.0	15.0	6.21		M	M	M									15.0	220.0	13.0	6.21		M	M	M								
466992	2018-04-01 00:00:00	532.0	CSTTQ	319	AIRBUS A319-111	NB	LIS	2018-04-01 17:05:00	2018-04-01 17:10:00	2018-04-01 17:31:00	TXL	2018-04-01 20:28:00	2018-04-01 20:34:00	2018-04-01 20:30:00	J	TP	2018-04-01 17:38:59	5.0	81.0	0	16.0	210.0	14.0	6.21		M	M	M									1.0	290.0	10.0	6.21		BKN	M	M	700.0							
466993	2018-04-01 00:00:00	1305.0	FHBIS	320	AIRBUS A320-211	NB	PRG	2018-04-01 17:05:00	2018-04-01 17:19:00	2018-04-01 17:27:00	LIS	2018-04-01 20:43:00	2018-04-01 20:47:00	2018-04-01 20:35:00	J	TP	2018-04-01 17:32:15	14.0	81.0	0	6.0	300.0	12.0	6.21		BKN	BKN	M	3000.0	4200.0							13.0	210.0	10.0	6.21		FEW	M	M	1400.0							
466994	2018-04-01 00:00:00	448.0	CSTTS	319	AIRBUS A319-111	NB	LIS	2018-04-01 17:10:00	2018-04-01 17:21:00	2018-04-01 17:39:00	ORY	2018-04-01 19:37:00	2018-04-01 19:42:00	2018-04-01 19:35:00	J	TP	2018-04-01 17:40:59	11.0	89.0	0	16.0	210.0	15.0	6.21		M	M	M									8.0		2.0	6.21		M	M	M								
466995	2018-04-01 00:00:00	763.0	CSTJF	321	AIRBUS A321-211	NB	OSL	2018-04-01 17:10:00	2018-04-01 17:53:00	2018-04-01 18:07:00	LIS	2018-04-01 22:09:00	2018-04-01 22:14:00	2018-04-01 21:15:00	J	TP	2018-04-20 15:26:59	5.0	15.0	0	1.0	20.0	5.0	6.21		M	M	M									13.0	230.0	10.0	6.21		FEW	M	M	900.0							
466996	2018-04-01 00:00:00	572.0	CSTTU	319	AIRBUS A319-111	NB	LIS	2018-04-01 17:20:00	2018-04-01 17:32:00	2018-04-01 17:44:00	FRA	2018-04-01 20:13:00	2018-04-01 20:23:00	2018-04-01 20:20:00	J	TP	2018-04-01 17:53:59	12.0	41.0	A	16.0	210.0	15.0	6.21		M	M	M									7.0	260.0	8.0	6.21		FEW	SCT	BKN	2900.0	4100.0	5000.0					
466997	2018-04-01 00:00:00	752.0	CSTNQ	320	AIRBUS A320-211	NB	LIS	2018-04-01 17:20:00	2018-04-01 17:41:00	2018-04-01 18:00:00	CPH	2018-04-01 21:01:00	2018-04-01 21:08:00	2018-04-01 20:50:00	J	TP	2018-04-01 18:08:59	21.0	89.0	0	16.0	210.0	15.0	6.21		M	M	M									1.0	330.0	9.0	6.21		FEW	M	M	1800.0							
466998	2018-04-01 00:00:00	1029.0	CSTTC	319	AIRBUS A319-111	NB	MAD	2018-04-01 17:20:00	2018-04-01 17:30:00	2018-04-01 17:40:00	LIS	2018-04-01 18:39:00	2018-04-01 18:42:00	2018-04-01 18:40:00	J	TP	2018-04-01 17:43:13	9.0	89.0	0	17.0	100.0	2.0	6.21		FEW	M	M	2000.0								14.0	220.0	12.0	6.21		M	M	M								
466999	2018-04-01 00:00:00	259.0	CSTOG	332	AIRBUS A330-200	WB	LIS	2018-04-01 17:25:00	2018-04-01 19:21:00	2018-04-01 19:40:00	YYZ	2018-04-02 03:17:00	2018-04-02 03:25:00	2018-04-02 01:35:00	J	TP	2018-04-01 19:46:59	6.0	41.0	A	14.0	220.0	10.0	6.21		FEW	M	M	2800.0								0.0	200.0	4.0	15.0		BKN	M	M	5500.0							
467000	2018-04-01 00:00:00	1955.0	CSDJF	AT7	ATR 72	WI	OPO	2018-04-01 17:30:00	2018-04-01 17:34:00	2018-04-01 17:46:00	LIS	2018-04-01 18:31:00	2018-04-01 18:35:00	2018-04-01 18:30:00	J	WI	2018-04-01 17:49:21	4.0	93.0	R	16.0	190.0	10.0	6.21		M	M	M									14.0	220.0	12.0	6.21		M	M	M								
467001	2018-04-01 00:00:00	579.0	CSTNT	320	AIRBUS A320-211	NB	FRA	2018-04-01 17:35:00	2018-04-01 18:02:00	2018-04-01 18:13:00	LIS	2018-04-01 21:10:00	2018-04-01 21:14:00	2018-04-01 20:45:00	J	TP	2018-04-02 00:54:59	14.0	87.0	A	8.0	320.0	5.0	6.21		FEW	BKN	M	3000.0	8000.0							13.0	210.0	10.0	6.21		FEW	M	M	1400.0							
467002	2018-04-01 00:00:00	668.0	CSTTE	319	AIRBUS A319-111	NB	LIS	2018-04-01 17:35:00	2018-04-01 18:10:00	2018-04-01 18:23:00	AMS	2018-04-01 20:53:00	2018-04-01 21:00:00	2018-04-01 20:30:00	J	TP	2018-04-01 18:31:59	19.0	89.0	0	15.0	230.0	13.0	6.21		M	M	M									4.0	320.0	2.0	5.59		SCT	M	M	3200.0							
467003	2018-04-01 00:00:00	1686.0	CSTNK	320	AIRBUS A320-211	NB	FNC	2018-04-01 17:35:00	2018-04-01 17:36:00	2018-04-01 17:45:00	LIS	2018-04-01 19:11:00	2018-04-01 19:15:00	2018-04-01 19:10:00	J	TP	2018-04-01 17:50:07	1.0	93.0	Q	17.0	210.0	17.0	6.21		SCT	M	M	1500.0								14.0	210.0	12.0	6.21		FEW	M	M	2800.0							
467004	2018-04-01 00:00:00	551.0	CSTNI	320	AIRBUS A320-211	NB	MUC	2018-04-01 17:40:00	2018-04-01 18:05:00	2018-04-01 18:17:00	LIS	2018-04-01 21:16:00	2018-04-01 21:20:00	2018-04-01 20:55:00	J	TP	2018-04-04 16:09:59	5.0	16.0	H	6.0	280.0	12.0	6.21		FEW	BKN	M	2500.0	8500.0							13.0	220.0	11.0	6.21		FEW	M	M	1000.0							
467005	2018-04-01 00:00:00	661.0	CSTTB	319	AIRBUS A319-111	NB	AMS	2018-04-01 17:40:00	2018-04-01 17:49:00	2018-04-01 18:01:00	LIS	2018-04-01 20:54:00	2018-04-01 20:59:00	2018-04-01 20:45:00	J	TP	2018-04-02 00:55:59	9.0	89.0	0	5.0	310.0	7.0	6.21		FEW	BKN	M	1400.0	3000.0							13.0	210.0	10.0	6.21		FEW	M	M	1400.0							
467006	2018-04-01 00:00:00	369.0	CSTNH	320	AIRBUS A320-211	NB	LHR	2018-04-01 17:45:00	2018-04-01 17:33:00	2018-04-01 17:56:00	LIS	2018-04-01 20:17:00	2018-04-01 20:22:00	2018-04-01 20:25:00	J	TP					7.0	140.0	5.0	6.21		FEW	M	M	4100.0								13.0	210.0	11.0	6.21		FEW	M	M	1600.0							
467007	2018-04-01 00:00:00	1273.0	CSTOE	332	AIRBUS A330-200	WB	VIE	2018-04-01 17:45:00	2018-04-01 21:20:00	2018-04-01 21:33:00	LIS	2018-04-02 00:48:00	2018-04-02 00:51:00	2018-04-01 21:20:00	J	TP	2018-04-04 16:16:59	8.0	15.0	D	7.0	290.0	22.0	6.21		M	M	M									13.0	200.0	8.0	6.21		SCT	M	M	600.0							
467008	2018-04-01 00:00:00	1067.0	CSDJA	AT7	ATR 72	WI	BIO	2018-04-01 17:50:00	2018-04-01 17:47:00	2018-04-01 17:56:00	LIS	2018-04-01 19:51:00	2018-04-01 19:54:00	2018-04-01 20:00:00	J	WI					18.0	150.0	7.0	6.21		M	M	M									14.0	220.0	10.0	6.21		FEW	M	M	1600.0							
467009	2018-04-01 00:00:00	457.0	CSTTG	319	AIRBUS A319-111	NB	ORY	2018-04-01 17:55:00	2018-04-01 17:51:00	2018-04-01 17:58:00	OPO	2018-04-01 19:50:00	2018-04-01 19:53:00	2018-04-01 20:00:00	J	TP					10.0	210.0	5.0	6.21		M	M	M									14.0	190.0	11.0	6.21		M	M	M								
467010	2018-04-01 00:00:00	524.0	CSTTZ	E95	EMBRAER 195	PGA	LIS	2018-04-01 18:00:00	2018-04-01 18:02:00	2018-04-01 18:18:00	STR	2018-04-01 20:41:00	2018-04-01 20:47:00	2018-04-01 20:50:00	J	NI	2018-04-01 18:24:59	2.0	89.0	0	15.0	230.0	13.0	6.21		M	M	M									5.0	230.0	8.0	6.21		FEW	BKN	M	4600.0	8000.0						
467011	2018-04-01 00:00:00	928.0	CSTNM	320	AIRBUS A320-211	NB	LIS	2018-04-01 18:00:00	2018-04-01 18:16:00	2018-04-01 18:32:00	ZRH	2018-04-01 20:55:00	2018-04-01 21:01:00	2018-04-01 20:40:00	J	TP	2018-04-01 18:34:59	13.0	15.0	D	14.0	220.0	12.0	6.21		M	M	M									3.0	0.0	0.0	6.21		FEW	M	M	7500.0							
467012	2018-04-01 00:00:00	1018.0	CSTJH	321	AIRBUS A321-211	NB	LIS	2018-04-01 18:00:00	2018-04-01 18:27:00	2018-04-01 18:42:00	MAD	2018-04-01 19:31:00	2018-04-01 19:38:00	2018-04-01 19:20:00	J	TP	2018-04-01 18:43:59	12.0	89.0	0	14.0	220.0	12.0	6.21		M	M	M									14.0	340.0	6.0	6.21		M	M	M								
467013	2018-04-01 00:00:00	1046.0	CSTTW	E95	EMBRAER 195	PGA	LIS	2018-04-01 18:00:00	2018-04-01 17:58:00	2018-04-01 18:14:00	BCN	2018-04-01 19:37:00	2018-04-01 19:41:00	2018-04-01 19:50:00	J	NI					15.0	230.0	13.0	6.21		M	M	M									13.0	220.0	6.0	6.21		M	M	M								
467014	2018-04-01 00:00:00	1966.0	CSDJC	AT7	ATR 72	WI	LIS	2018-04-01 18:00:00	2018-04-01 18:15:00	2018-04-01 18:36:00	OPO	2018-04-01 19:22:00	2018-04-01 19:26:00	2018-04-01 19:00:00	J	WI	2018-04-01 18:43:59	15.0	89.0	0	15.0	230.0	13.0	6.21		M	M	M									14.0	190.0	13.0	6.21		M	M	M								
467015	2018-04-01 00:00:00	358.0	CSTNW	320	AIRBUS A320-211	NB	LIS	2018-04-01 18:05:00	2018-04-01 18:44:00	2018-04-01 18:56:00	LHR	2018-04-01 21:00:00	2018-04-01 21:07:00	2018-04-01 20:45:00	J	TP	2018-04-01 19:02:59	12.0	89.0	0	14.0	220.0	12.0	6.21		M	M	M									5.0	170.0	11.0	3.11		SCT	BKN	OVC	1400.0	1900.0	2600.0					
467016	2018-04-01 00:00:00	937.0	CSTTP	319	AIRBUS A319-111	NB	GVA	2018-04-01 18:05:00	2018-04-01 18:07:00	2018-04-01 18:19:00	OPO	2018-04-01 20:29:00	2018-04-01 20:31:00	2018-04-01 20:20:00	J	TP	2018-04-04 13:32:59	2.0	15.0	D	8.0		2.0	6.21		FEW	SCT	M	5000.0	30000.0							13.0	170.0	11.0	6.21		M	M	M								
467017	2018-04-01 00:00:00	1093.0	CSDJG	AT7	ATR 72	WI	VLC	2018-04-01 18:05:00	2018-04-01 18:05:00	2018-04-01 18:15:00	LIS	2018-04-01 20:12:00	2018-04-01 20:16:00	2018-04-01 20:20:00	J	WI					16.0	70.0	4.0	6.21		M	M	M									13.0	210.0	11.0	6.21		FEW	M	M	1600.0							
467018	2018-04-01 00:00:00	283.0	CSTOA	343	AIRBUS A340-312	WB	LIS	2018-04-01 18:10:00	2018-04-01 18:44:00	2018-04-01 19:04:00	MPM	2018-04-02 05:19:00	2018-04-02 05:25:00	2018-04-02 04:30:00	J	TP	2018-04-01 19:12:59	14.0	37.0	A	14.0	220.0	12.0	6.21		M	M	M									24.0	0.0	0.0	6.21		SCT	M	M	2000.0							
467019	2018-04-01 00:00:00	861.0	CSTTO	319	AIRBUS A319-111	NB	VCE	2018-04-01 18:10:00	2018-04-01 18:14:00	2018-04-01 18:25:00	LIS	2018-04-01 21:28:00	2018-04-01 21:33:00	2018-04-01 21:20:00	J	TP	2018-04-04 13:32:59	4.0	36.0	C	14.0	180.0	5.0	6.21		FEW	M	M	3500.0								13.0	220.0	11.0	6.21		FEW	M	M	1000.0							
467020	2018-04-01 00:00:00	1045.0	CSTMW	320	AIRBUS A320-211	NB	BCN	2018-04-01 18:10:00	2018-04-01 19:00:00	2018-04-01 19:11:00	LIS	2018-04-01 20:48:00	2018-04-01 20:51:00	2018-04-01 20:05:00	J	TP	2018-04-01 19:20:29	5.0	16.0	H	13.0	240.0	8.0	6.21		M	M	M									13.0	210.0	10.0	6.21		FEW	M	M	1400.0							
467021	2018-04-01 00:00:00	829.0	CSTPS	E90	EMBRAER 190	PGA	MXP	2018-04-01 18:15:00	2018-04-01 18:10:00	2018-04-01 18:27:00	LIS	2018-04-01 21:07:00	2018-04-01 21:16:00	2018-04-01 21:10:00	J	NI					15.0	10.0	11.0	6.21		M	M	M									13.0	220.0	11.0	6.21		FEW	M	M	1000.0							
467022	2018-04-01 00:00:00	843.0	CSTNX	320	AIRBUS A320-211	NB	FCO	2018-04-01 18:15:00	2018-04-01 18:07:00	2018-04-01 18:28:00	LIS	2018-04-01 21:13:00	2018-04-01 21:19:00	2018-04-01 21:20:00	J	TP					13.0	250.0	9.0	6.21		M	M	M									13.0	220.0	11.0	6.21		FEW	M	M	1000.0							
467023	2018-04-01 00:00:00	552.0	CSTTA	319	AIRBUS A319-111	NB	LIS	2018-04-01 18:20:00	2018-04-01 18:22:00	2018-04-01 18:40:00	MUC	2018-04-01 21:13:00	2018-04-01 21:19:00	2018-04-01 21:20:00	J	TP	2018-04-01 18:42:59	2.0	89.0	0	14.0	220.0	12.0	6.21		M	M	M									5.0	260.0	12.0	6.21		FEW	BKN	M	3600.0	5000.0						
467024	2018-04-01 00:00:00	649.0	CSTNU	320	AIRBUS A320-211	NB	BRU	2018-04-01 18:25:00	2018-04-01 18:36:00	2018-04-01 18:47:00	LIS	2018-04-01 21:24:00	2018-04-01 21:26:00	2018-04-01 21:15:00	J	TP	2018-04-02 00:56:59	3.0	89.0	0	6.0		2.0	6.21		SCT	M	M	3300.0								13.0	220.0	11.0	6.21		FEW	M	M	1000.0							
467025	2018-04-01 00:00:00	1677.0	CSTNJ	320	AIRBUS A320-211	NB	LIS	2018-04-01 18:25:00	2018-04-01 18:52:00	2018-04-01 19:07:00	FNC	2018-04-01 20:37:00	2018-04-01 20:40:00	2018-04-01 20:10:00	J	TP	2018-04-01 19:08:59	22.0	89.0	0	14.0	210.0	12.0	6.21		FEW	M	M	2800.0								16.0	330.0	3.0	6.21		SCT	M	M	1500.0							
467026	2018-04-01 00:00:00	82.0	CSTOM	332	AIRBUS A330-200	WB	GRU	2018-04-01 18:30:00	2018-04-01 18:30:00	2018-04-01 18:51:00	LIS	2018-04-02 04:34:00	2018-04-02 04:40:00	2018-04-02 04:20:00	J	TP					29.0	300.0	11.0	6.21		BKN	M	M	4000.0								13.0	190.0	9.0	6.21		BKN	M	M	600.0							
467027	2018-04-01 00:00:00	1957.0	CSDJE	AT7	ATR 72	WI	OPO	2018-04-01 18:30:00	2018-04-01 19:07:00	2018-04-01 19:15:00	LIS	2018-04-01 20:02:00	2018-04-01 20:07:00	2018-04-01 19:30:00	J	WI	2018-04-01 19:23:29	37.0	93.0	R	14.0	170.0	11.0	6.21		M	M	M									14.0	220.0	10.0	6.21		FEW	M	M	1600.0							
467028	2018-04-01 00:00:00	1034.0	CSTTL	319	AIRBUS A319-111	NB	OPO	2018-04-01 18:35:00	2018-04-01 19:00:00	2018-04-01 19:09:00	BCN	2018-04-01 20:30:00	2018-04-01 20:35:00	2018-04-01 20:20:00	J	TP	2018-04-01 19:17:25	4.0	89.0	0	14.0	170.0	11.0	6.21		M	M	M									12.0	230.0	5.0	6.21		M	M	M								
467029	2018-04-01 00:00:00	74.0	CSTFM	772	BOEING 777-200		GIG	2018-04-01 18:40:00	2018-04-01 18:40:00	2018-04-01 19:05:00	LIS	2018-04-02 04:03:00	2018-04-02 04:09:00	2018-04-02 04:20:00	J	TP					33.0	50.0	5.0	6.21		M	M	M									13.0	190.0	10.0	6.21		BKN	M	M	600.0							
467030	2018-04-01 00:00:00	446.0	CSTTK	319	AIRBUS A319-111	NB	LIS	2018-04-01 18:40:00	2018-04-01 18:46:00	2018-04-01 18:54:00	ORY	2018-04-01 20:54:00	2018-04-01 21:00:00	2018-04-01 21:05:00	J	TP	2018-04-01 19:03:59	6.0	89.0	0	14.0	210.0	12.0	6.21		FEW	M	M	2800.0								8.0	140.0	3.0	6.21		M	M	M								
467031	2018-04-01 00:00:00	838.0	CSTNS	320	AIRBUS A320-211	NB	LIS	2018-04-01 18:45:00	2018-04-01 19:10:00	2018-04-01 19:26:00	FCO	2018-04-01 21:46:00	2018-04-01 21:52:00	2018-04-01 21:35:00	J	TP	2018-04-01 19:30:59	25.0	95.0	B	14.0	210.0	12.0	6.21		FEW	M	M	2800.0								8.0	90.0	5.0	6.21		M	M	M								
467032	2018-04-01 00:00:00	347.0	CSTPT	E90	EMBRAER 190	PGA	LCY	2018-04-01 18:50:00	2018-04-01 19:01:00	2018-04-01 19:11:00	LIS	2018-04-01 21:39:00	2018-04-01 21:44:00	2018-04-01 21:25:00	J	NI	2018-04-01 19:18:25	11.0	93.0	0	7.0	90.0	7.0	6.21		NCD	M	M									13.0	220.0	11.0	6.21		FEW	M	M	1000.0							
467033	2018-04-01 00:00:00	367.0	CSTTR	319	AIRBUS A319-111	NB	LHR	2018-04-01 18:50:00	2018-04-01 18:45:00	2018-04-01 18:55:00	LIS	2018-04-01 21:19:00	2018-04-01 21:24:00	2018-04-01 21:30:00	J	TP					7.0	130.0	5.0	6.21		NCD	M	M									13.0	220.0	11.0	6.21		FEW	M	M	1000.0							
467034	2018-04-01 00:00:00	458.0	CSTTN	319	AIRBUS A319-111	NB	OPO	2018-04-01 18:50:00	2018-04-01 18:48:00	2018-04-01 18:57:00	ORY	2018-04-01 20:39:00	2018-04-01 20:44:00	2018-04-01 20:55:00	J	TP					14.0	170.0	11.0	6.21		M	M	M									8.0	130.0	3.0	6.21		M	M	M								
467035	2018-04-01 00:00:00	449.0	CSTTI	319	AIRBUS A319-111	NB	ORY	2018-04-01 18:55:00	2018-04-01 19:26:00	2018-04-01 19:34:00	LIS	2018-04-01 21:56:00	2018-04-01 21:59:00	2018-04-01 21:20:00	J	TP	2018-04-01 19:53:32	7.0	58.0	D	8.0		2.0	6.21		M	M	M									13.0	230.0	10.0	6.21		FEW	M	M	900.0							
467036	2018-04-01 00:00:00	642.0	CSTNR	320	AIRBUS A320-211	NB	LIS	2018-04-01 18:55:00	2018-04-01 19:34:00	2018-04-01 19:45:00	BRU	2018-04-01 21:53:00	2018-04-01 22:00:00	2018-04-01 21:35:00	J	TP	2018-04-01 19:47:59	39.0	95.0	A	14.0	220.0	10.0	6.21		FEW	M	M	2800.0								4.0	140.0	3.0	6.21		M	M	M								
467037	2018-04-01 00:00:00	584.0	CSTPR	E90	EMBRAER 190	PGA	LIS	2018-04-01 19:00:00	2018-04-01 19:21:00	2018-04-01 19:33:00	CGN	2018-04-01 21:47:00	2018-04-01 21:50:00	2018-04-01 21:50:00	J	NI	2018-04-01 19:37:59	21.0	41.0	A	14.0	220.0	10.0	6.21		FEW	M	M	2800.0								5.0	250.0	4.0	5.59		FEW	BKN	M	1100.0	2500.0						
467038	2018-04-01 00:00:00	1714.0	CSTTD	319	AIRBUS A319-111	NB	FNC	2018-04-01 19:00:00	2018-04-01 18:52:00	2018-04-01 18:58:00	OPO	2018-04-01 20:32:00	2018-04-01 20:35:00	2018-04-01 20:50:00	J	TP					18.0	30.0	6.0	6.21		SCT	M	M	1500.0								13.0	170.0	11.0	6.21		M	M	M								
467039	2018-04-01 00:00:00	1970.0	CSDJF	AT7	ATR 72	WI	LIS	2018-04-01 19:00:00	2018-04-01 19:05:00	2018-04-01 19:18:00	OPO	2018-04-01 20:02:00	2018-04-01 20:06:00	2018-04-01 20:00:00	J	WI	2018-04-01 19:10:59	5.0	93.0	R	14.0	210.0	12.0	6.21		FEW	M	M	2800.0								14.0	190.0	11.0	6.21		M	M	M								
467040	2018-04-01 00:00:00	3835.0	CSTTH	319	AIRBUS A319-111	NB	LIS	2018-04-01 19:00:00	2018-04-01 19:29:00	2018-04-01 19:38:00	FNC	2018-04-01 21:07:00	2018-04-01 21:10:00	2018-04-01 20:45:00	G	TP	2018-04-01 19:51:59	5.0	15.0	D	14.0	220.0	10.0	6.21		FEW	M	M	2800.0								16.0	360.0	4.0	6.21		FEW	M	M	1500.0							
467041	2018-04-01 00:00:00	1060.0	CSDJD	AT7	ATR 72	WI	LIS	2018-04-01 19:05:00	2018-04-01 19:14:00	2018-04-01 19:22:00	BIO	2018-04-01 20:57:00	2018-04-01 21:00:00	2018-04-01 21:10:00	J	WI	2018-04-01 19:22:59	9.0	89.0	0	14.0	210.0	12.0	6.21		FEW	M	M	2800.0								18.0	180.0	13.0	6.21	25.0	M	M	M								
467042	2018-04-01 00:00:00	1113.0	CSDJB	AT7	ATR 72	WI	OVD	2018-04-01 19:10:00	2018-04-01 20:08:00	2018-04-01 20:10:00	LIS	2018-04-01 21:52:00	2018-04-01 21:55:00	2018-04-01 20:55:00	J	WI	2018-04-04 16:16:59	58.0	93.0	R	16.0	160.0	3.0	6.21		FEW	SCT	M	7800.0	8400.0							13.0	230.0	10.0	6.21		FEW	M	M	900.0							
467043	2018-04-01 00:00:00	1006.0	CSTPO	E90	EMBRAER 190	PGA	OPO	2018-04-01 19:15:00	2018-04-01 19:47:00	2018-04-01 19:58:00	MAD	2018-04-01 20:49:00	2018-04-01 20:53:00	2018-04-01 20:25:00	J	NI	2018-04-01 20:02:34	9.0	41.0	A	14.0	190.0	11.0	6.21		M	M	M									13.0	320.0	3.0	6.21		M	M	M								
467044	2018-04-01 00:00:00	362.0	CSTTC	319	AIRBUS A319-111	NB	LIS	2018-04-01 19:25:00	2018-04-01 19:35:00	2018-04-01 19:43:00	LHR	2018-04-01 21:44:00	2018-04-01 21:52:00	2018-04-01 21:55:00	J	TP	2018-04-01 19:48:59	10.0	95.0	A	14.0	220.0	10.0	6.21		FEW	M	M	2800.0								4.0	150.0	10.0	3.73		BKN	OVC	M	1200.0	2600.0						
467045	2018-04-01 00:00:00	946.0	CSTTJ	319	AIRBUS A319-111	NB	LIS	2018-04-01 19:25:00	2018-04-01 19:46:00	2018-04-01 19:54:00	GVA	2018-04-01 21:44:00	2018-04-01 21:49:00	2018-04-01 21:45:00	J	TP	2018-04-01 19:55:59	21.0	95.0	A	14.0	220.0	10.0	6.21		FEW	M	M	1600.0								3.0	330.0	2.0	6.21		M	M	M								
467046	2018-04-01 00:00:00	1959.0	CSDJC	AT7	ATR 72	WI	OPO	2018-04-01 19:30:00	2018-04-01 19:55:00	2018-04-01 20:04:00	LIS	2018-04-01 20:53:00	2018-04-01 20:59:00	2018-04-01 20:30:00	J	WI	2018-04-01 20:06:39	25.0	93.0	M	14.0	190.0	11.0	6.21		M	M	M									13.0	210.0	10.0	6.21		FEW	M	M	1400.0							
467047	2018-04-01 00:00:00	1528.0	CSTNG	320	AIRBUS A320-211	NB	TMS	2018-04-01 19:35:00	2018-04-01 19:27:00	2018-04-01 19:32:00	ACC	2018-04-01 20:58:00	2018-04-01 21:04:00	2018-04-01 21:15:00	J	TP					25.0	10.0	3.0	6.21		FEW	SCT	BKN	2000.0	4000.0	11000.0						29.0	220.0	12.0	6.21		FEW	M	M	1000.0							
467048	2018-04-01 00:00:00	1547.0	CSTJE	321	AIRBUS A321-211	NB	LIS	2018-04-01 19:45:00	2018-04-01 19:53:00	2018-04-01 20:10:00	SID	2018-04-02 00:00:00	2018-04-02 00:06:00	2018-04-01 23:55:00	J	TP	2018-04-01 20:11:59	3.0	89.0	0	14.0	220.0	10.0	6.21		FEW	M	M	1600.0								20.0	30.0	12.0	4.35		FEW	BKN	M	1400.0	20000.0						
467049	2018-04-01 00:00:00	1485.0	CSTKR	763	BOEING 767-300/300ER		LIS	2018-04-01 19:50:00	2018-04-01 22:59:00	2018-04-01 23:14:00	DSS	2018-04-02 03:10:00	2018-04-02 03:17:00	2018-04-01 23:50:00	J	TP	2018-04-01 23:16:59	189.0	93.0	R	13.0	220.0	9.0	6.21		BKN	M	M	700.0								17.0	360.0	20.0	4.97		FEW	M	M	500.0							
467050	2018-04-01 00:00:00	828.0	CSTNK	320	AIRBUS A320-211	NB	LIS	2018-04-01 19:55:00	2018-04-01 20:28:00	2018-04-01 20:36:00	MXP	2018-04-01 22:39:00	2018-04-01 22:45:00	2018-04-01 22:30:00	J	TP	2018-04-01 20:37:59	33.0	67.0	0	13.0	210.0	11.0	6.21		FEW	M	M	1600.0								4.0	20.0	4.0	6.21		M	M	M								
467051	2018-04-01 00:00:00	58.0	CSTOW	333	AIRBUS A330-300	WB	BSB	2018-04-01 20:00:00	2018-04-01 20:49:00	2018-04-01 21:04:00	LIS	2018-04-02 05:58:00	2018-04-02 06:04:00	2018-04-02 05:00:00	J	TP	2018-04-01 21:10:35	49.0	93.0	J	23.0	330.0	4.0	6.21		FEW	FEW	SCT	3000.0	4000.0	10000.0						13.0	160.0	9.0	6.21		SCT	BKN	M	600.0	900.0						
467052	2018-04-01 00:00:00	104.0	CSTOX	333	AIRBUS A330-300	WB	CNF	2018-04-01 20:00:00	2018-04-01 20:05:00	2018-04-01 20:18:00	LIS	2018-04-02 05:22:00	2018-04-02 05:28:00	2018-04-02 05:10:00	J	TP	2018-04-01 20:52:32	5.0	93.0	N	27.0	30.0	5.0	6.21		FEW	M	M	4000.0								14.0	180.0	9.0	6.21		SCT	BKN	M	600.0	900.0						
467053	2018-04-01 00:00:00	337.0	CSTPP	E90	EMBRAER 190	PGA	LGW	2018-04-01 20:00:00	2018-04-01 20:06:00	2018-04-01 20:26:00	OPO	2018-04-01 22:30:00	2018-04-01 22:33:00	2018-04-01 22:20:00	J	NI	2018-04-01 20:48:41	3.0	89.0	0	5.0	170.0	5.0	6.21		SCT	SCT	BKN	2300.0	2800.0	3300.0						13.0	180.0	11.0	6.21		M	M	M								
467054	2018-04-01 00:00:00	1533.0	CSTJG	321	AIRBUS A321-211	NB	LIS	2018-04-01 20:00:00	2018-04-01 21:30:00	2018-04-01 21:44:00	RAI	2018-04-02 01:38:00	2018-04-02 01:44:00	2018-04-02 00:15:00	J	TP	2018-04-04 16:19:59	5.0	49.0	0	13.0	220.0	11.0	6.21		FEW	M	M	1000.0								21.0	10.0	14.0	4.35		NSC	M	M								
467055	2018-04-01 00:00:00	1021.0	CSTJH	321	AIRBUS A321-211	NB	MAD	2018-04-01 20:05:00	2018-04-01 20:24:00	2018-04-01 20:37:00	LIS	2018-04-01 21:34:00	2018-04-01 21:39:00	2018-04-01 21:25:00	J	TP	2018-04-01 20:39:31	1.0	89.0	0	13.0	330.0	3.0	6.21		M	M	M									13.0	220.0	11.0	6.21		FEW	M	M	1000.0							
467056	2018-04-01 00:00:00	1090.0	CSDJH	AT7	ATR 72	WI	LIS	2018-04-01 20:10:00	2018-04-01 20:10:00	2018-04-01 20:26:00	VLC	2018-04-01 22:06:00	2018-04-01 22:12:00	2018-04-01 22:15:00	J	WI					14.0	220.0	10.0	6.21		FEW	M	M	1600.0								14.0	20.0	5.0	6.21		M	M	M								
467057	2018-04-01 00:00:00	224.0	CSTOV	333	AIRBUS A330-300	WB	MIA	2018-04-01 20:15:00	2018-04-01 20:34:00	2018-04-01 20:48:00	LIS	2018-04-02 03:47:00	2018-04-02 03:53:00	2018-04-02 04:20:00	J	TP	2018-04-01 20:50:29	11.0	89.0	0		90.0	12.0	10.0		SCT	M	M	3900.0								13.0	190.0	10.0	6.21		BKN	M	M	600.0							
467058	2018-04-01 00:00:00	1968.0	CSTPW	E90	EMBRAER 190	PGA	LIS	2018-04-01 20:15:00	2018-04-01 20:07:00	2018-04-01 20:21:00	OPO	2018-04-01 20:59:00	2018-04-01 21:02:00	2018-04-01 21:10:00	J	NI					14.0	220.0	10.0	6.21		FEW	M	M	1600.0								13.0	170.0	11.0	6.21		M	M	M								
467059	2018-04-01 00:00:00	817.0	FHBAL	319	AIRBUS A319-111	NB	MXP	2018-04-01 20:20:00	2018-04-01 20:18:00	2018-04-01 20:27:00	OPO	2018-04-01 22:54:00	2018-04-01 22:58:00	2018-04-01 23:05:00	J	TP					12.0	30.0	9.0	6.21		M	M	M									13.0	170.0	11.0	6.21		M	M	M								
467060	2018-04-01 00:00:00	1048.0	CSTPU	E90	EMBRAER 190	PGA	LIS	2018-04-01 20:30:00	2018-04-01 20:54:00	2018-04-01 21:05:00	BCN	2018-04-01 22:24:00	2018-04-01 22:34:00	2018-04-01 22:20:00	J	NI	2018-04-01 21:09:59	24.0	83.0	0	13.0	210.0	10.0	6.21		FEW	M	M	1400.0								11.0	320.0	4.0	6.21		M	M	M								
467061	2018-04-01 00:00:00	1971.0	CSDJF	AT7	ATR 72	WI	OPO	2018-04-01 20:30:00	2018-04-01 20:35:00	2018-04-01 20:47:00	LIS	2018-04-01 21:32:00	2018-04-01 21:39:00	2018-04-01 21:30:00	J	WI	2018-04-01 20:52:33	5.0	93.0	R	13.0	170.0	11.0	6.21		M	M	M									13.0	220.0	11.0	6.21		FEW	M	M	1000.0							
467062	2018-04-01 00:00:00	1022.0	CSTNY	320	AIRBUS A320-211	NB	LIS	2018-04-01 20:35:00	2018-04-01 20:32:00	2018-04-01 20:41:00	MAD	2018-04-01 21:27:00	2018-04-01 21:37:00	2018-04-01 21:50:00	J	TP					13.0	210.0	11.0	6.21		FEW	M	M	1600.0								12.0	350.0	3.0	6.21		M	M	M								
467063	2018-04-01 00:00:00	1047.0	CSTTW	E95	EMBRAER 195	PGA	BCN	2018-04-01 20:35:00	2018-04-01 20:33:00	2018-04-01 20:54:00	LIS	2018-04-01 22:28:00	2018-04-01 22:34:00	2018-04-01 22:30:00	J	NI					12.0	230.0	5.0	6.21		M	M	M									13.0	210.0	7.0	6.21		FEW	M	M	700.0							
467064	2018-04-01 00:00:00	478.0	CSTPV	E90	EMBRAER 190	PGA	LIS	2018-04-01 20:40:00	2018-04-01 20:48:00	2018-04-01 21:12:00	LYS	2018-04-01 23:06:00	2018-04-01 23:12:00	2018-04-01 22:55:00	J	NI	2018-04-01 21:13:59	8.0	95.0	A	13.0	210.0	10.0	6.21		FEW	M	M	1400.0								6.0	140.0	9.0	6.21		M	M	M								
467065	2018-04-01 00:00:00	1136.0	CSDJA	AT7	ATR 72	WI	LIS	2018-04-01 20:40:00	2018-04-01 20:37:00	2018-04-01 20:45:00	AGP	2018-04-01 21:51:00	2018-04-01 21:55:00	2018-04-01 22:10:00	J	WI					13.0	210.0	11.0	6.21		FEW	M	M	1600.0								13.0	260.0	2.0	6.21		M	M	M								
467066	2018-04-01 00:00:00	1691.0	CSTNH	320	AIRBUS A320-211	NB	LIS	2018-04-01 20:50:00	2018-04-01 21:08:00	2018-04-01 21:20:00	FNC	2018-04-01 22:45:00	2018-04-01 22:47:00	2018-04-01 22:35:00	J	TP	2018-04-01 21:23:59	18.0	93.0	R	13.0	210.0	10.0	6.21		FEW	M	M	1400.0								16.0	310.0	4.0	6.21		FEW	M	M	1600.0							
467067	2018-04-01 00:00:00	1713.0	CSTTG	319	AIRBUS A319-111	NB	OPO	2018-04-01 20:50:00	2018-04-01 20:45:00	2018-04-01 21:04:00	FNC	2018-04-01 22:55:00	2018-04-01 23:00:00	2018-04-01 22:50:00	J	TP					13.0	170.0	11.0	6.21		M	M	M									16.0	310.0	4.0	6.21		FEW	M	M	1600.0							
467068	2018-04-01 00:00:00	1688.0	CSTNJ	320	AIRBUS A320-211	NB	FNC	2018-04-01 20:55:00	2018-04-01 21:15:00	2018-04-01 21:24:00	LIS	2018-04-01 22:43:00	2018-04-01 22:43:00	2018-04-01 22:30:00	J	TP	2018-04-04 16:19:59	20.0	93.0	M	16.0	360.0	4.0	6.21		FEW	M	M	1500.0								13.0	210.0	7.0	6.21		FEW	M	M	700.0							
467069	2018-04-01 00:00:00	1009.0	CSTPO	E90	EMBRAER 190	PGA	MAD	2018-04-01 21:05:00	2018-04-01 21:27:00	2018-04-01 21:47:00	OPO	2018-04-01 22:34:00	2018-04-01 22:37:00	2018-04-01 22:20:00	J	NI	2018-04-01 21:52:40	22.0	93.0	0	12.0	350.0	3.0	6.21		M	M	M									13.0	180.0	11.0	6.21		M	M	M								
467070	2018-04-01 00:00:00	1104.0	CSDJC	AT7	ATR 72	WI	LIS	2018-04-01 21:05:00	2018-04-01 21:59:00	2018-04-01 22:09:00	SVQ	2018-04-01 23:03:00	2018-04-01 23:07:00	2018-04-01 22:15:00	J	WI	2018-04-01 22:09:59	20.0	91.0	0	13.0	230.0	10.0	6.21		FEW	M	M	900.0								13.0		2.0	6.21		M	M	M								
467071	2018-04-01 00:00:00	1823.0	CSTNL	320	AIRBUS A320-211	NB	LIS	2018-04-01 21:10:00	2018-04-01 21:08:00	2018-04-01 21:25:00	TER	2018-04-01 23:47:00	2018-04-01 23:55:00	2018-04-01 23:40:00	J	TP					13.0	210.0	10.0	6.21		FEW	M	M	1400.0								16.0			4.97		FEW	SCT	M	2000.0	3500.0						
467072	2018-04-01 00:00:00	2209.0	CSTTL	319	AIRBUS A319-111	NB	BCN	2018-04-01 21:10:00	2018-04-01 21:25:00	2018-04-01 21:38:00	OPO	2018-04-01 23:08:00	2018-04-01 23:10:00	2018-04-01 23:05:00	J	TP	2018-04-04 16:20:59	5.0	31.0	0	12.0	260.0	5.0	6.21		M	M	M									13.0	170.0	11.0	6.21		M	M	M								
467073	2018-04-01 00:00:00	1865.0	CSTNT	320	AIRBUS A320-211	NB	LIS	2018-04-01 21:30:00	2018-04-01 22:05:00	2018-04-01 22:14:00	PDL	2018-04-02 00:21:00	2018-04-02 00:24:00	2018-04-01 23:55:00	J	TP	2018-04-01 22:40:59	6.0	15.0	D	13.0	230.0	10.0	6.21		FEW	M	M	900.0								15.0	300.0	14.0	6.21		FEW	M	M	1800.0							
467074	2018-04-01 00:00:00	1958.0	CSTTF	319	AIRBUS A319-111	NB	LIS	2018-04-01 21:30:00	2018-04-01 21:29:00	2018-04-01 21:41:00	OPO	2018-04-01 22:15:00	2018-04-01 22:18:00	2018-04-01 22:25:00	J	TP					13.0	220.0	11.0	6.21		FEW	M	M	1000.0								13.0	180.0	11.0	6.21		M	M	M								
467075	2018-04-01 00:00:00	9060.0	CSTTH	319	AIRBUS A319-111	NB	FNC	2018-04-01 21:30:00	2018-04-01 21:52:00	2018-04-01 21:58:00	LIS	2018-04-01 23:18:00	2018-04-01 23:22:00	2018-04-01 23:05:00	C	TP	2018-04-01 22:00:32	5.0	93.0	A	16.0	320.0	3.0	6.21		FEW	M	M	1500.0								13.0	220.0	8.0	6.21		SCT	M	M	700.0							
467076	2018-04-01 00:00:00	202.0	CSTOI	332	AIRBUS A330-200	WB	EWR	2018-04-01 21:45:00	2018-04-01 21:57:00	2018-04-01 22:11:00	LIS	2018-04-02 04:06:00	2018-04-02 04:11:00	2018-04-02 04:35:00	J	TP	2018-04-02 00:58:59	6.0	89.0	0		330.0	13.0	10.0		FEW	FEW	M	4500.0	6000.0							13.0	190.0	10.0	6.21		BKN	M	M	600.0							
467077	2018-04-01 00:00:00	1909.0	CSTTB	319	AIRBUS A319-111	NB	LIS	2018-04-01 22:05:00	2018-04-01 22:10:00	2018-04-01 22:19:00	FAO	2018-04-01 22:45:00	2018-04-01 22:48:00	2018-04-01 22:50:00	J	TP	2018-04-01 22:27:59	5.0	32.0	A	13.0	230.0	10.0	6.21		FEW	M	M	900.0								14.0	50.0	6.0	6.21		M	M	M								
467078	2018-04-01 00:00:00	1232.0	CSTNU	320	AIRBUS A320-211	NB	LIS	2018-04-01 22:10:00	2018-04-01 22:32:00	2018-04-01 22:42:00	DME	2018-04-02 03:28:00	2018-04-02 03:34:00	2018-04-02 03:25:00	J	TP	2018-04-01 22:48:59	7.0	89.0	0	13.0	210.0	7.0	6.21		FEW	M	M	700.0								2.0	130.0	13.61	6.21		M	M	M								
467079	2018-04-01 00:00:00	1525.0	CSTQD	320	AIRBUS A320-211	NB	LFW	2018-04-01 22:10:00	2018-04-01 22:00:00	2018-04-01 22:06:00	ACC	2018-04-01 22:30:00	2018-04-01 22:35:00	2018-04-01 22:55:00	J	TP					29.0	220.0	12.0	6.21		FEW	M	M	1300.0								29.0	230.0	13.0	6.21		FEW	M	M	1600.0							
467080	2018-04-01 00:00:00	1693.0	CSTNI	320	AIRBUS A320-211	NB	LIS	2018-04-01 22:10:00	2018-04-01 22:12:00	2018-04-01 22:22:00	FNC	2018-04-01 23:46:00	2018-04-01 23:49:00	2018-04-01 23:55:00	J	TP	2018-04-01 22:42:59	2.0	89.0	0	13.0	230.0	10.0	6.21		FEW	M	M	900.0								16.0	300.0	4.0	6.21		FEW	M	M	1600.0							
467081	2018-04-01 00:00:00	1528.0	CSTNG	320	AIRBUS A320-211	NB	ACC	2018-04-01 22:15:00	2018-04-01 21:44:00	2018-04-01 21:56:00	LIS	2018-04-02 03:04:00	2018-04-02 03:09:00	2018-04-02 03:45:00	J	TP					29.0	230.0	13.0	6.21		M	M	M									13.0	200.0	11.0	6.21		BKN	M	M	600.0							
467082	2018-04-01 00:00:00	1928.0	CSTTO	319	AIRBUS A319-111	NB	LIS	2018-04-01 22:15:00	2018-04-01 22:33:00	2018-04-01 22:45:00	OPO	2018-04-01 23:20:00	2018-04-01 23:23:00	2018-04-01 23:10:00	J	TP	2018-04-01 22:49:59	18.0	91.0	0	13.0	210.0	7.0	6.21		FEW	M	M	700.0								13.0	170.0	10.0	6.21		M	M	M								
467083	2018-04-01 00:00:00	87.0	CSTOB	343	AIRBUS A340-312	WB	LIS	2018-04-01 22:20:00	2018-04-01 22:36:00	2018-04-01 22:49:00	GRU	2018-04-02 08:29:00	2018-04-02 08:49:00	2018-04-02 08:20:00	J	TP	2018-04-01 22:50:59	16.0	89.0	0	13.0	210.0	7.0	6.21		FEW	M	M	700.0								21.0	50.0	7.0	6.21		M	M	M								
467084	2018-04-01 00:00:00	792.0	CSTNX	320	AIRBUS A320-211	NB	LIS	2018-04-01 22:25:00	2018-04-01 22:23:00	2018-04-01 22:33:00	HEL	2018-04-02 02:39:00	2018-04-02 02:47:00	2018-04-02 03:00:00	J	TP					13.0	210.0	7.0	6.21		FEW	M	M	700.0								-1.0	20.0	13.0	2.8		BKN	M	M	2900.0							
467085	2018-04-01 00:00:00	289.0	CSTOC	343	AIRBUS A340-312	WB	LIS	2018-04-01 22:35:00	2018-04-01 22:47:00	2018-04-01 23:02:00	LAD	2018-04-02 06:16:00	2018-04-02 06:25:00	2018-04-02 06:05:00	J	TP	2018-04-01 23:04:59	12.0	37.0	A	13.0	220.0	9.0	6.21		BKN	M	M	700.0								27.0	180.0	4.0	6.21		FEW	BKN	M	2000.0	8000.0						
467086	2018-04-01 00:00:00	218.0	CSTON	332	AIRBUS A330-200	WB	BOS	2018-04-01 22:40:00	2018-04-01 22:41:00	2018-04-01 23:01:00	LIS	2018-04-02 04:37:00	2018-04-02 04:41:00	2018-04-02 05:05:00	J	TP	2018-04-04 12:52:59	1.0	89.0	0		300.0	14.0	10.0	19.0	CLR	M	M									13.0	190.0	9.0	6.21		BKN	M	M	600.0							
467087	2018-04-01 00:00:00	2394.0	CSTMW	320	AIRBUS A320-211	NB	LIS	2018-04-01 22:50:00	2018-04-01 22:50:00	2018-04-01 23:00:00	OTP	2018-04-02 02:31:00	2018-04-02 02:36:00	2018-04-02 02:50:00	J	TP					13.0	220.0	9.0	6.21		BKN	M	M	700.0								7.0	270.0	10.0	6.21		M	M	M								
467088	2018-04-01 00:00:00	1525.0	CSTQD	320	AIRBUS A320-211	NB	ACC	2018-04-01 23:55:00	2018-04-01 23:33:00	2018-04-01 23:44:00	LIS	2018-04-02 04:49:00	2018-04-02 04:53:00	2018-04-02 05:20:00	J	TP					29.0	230.0	13.0	6.21		FEW	M	M	1600.0								13.0	180.0	7.0	6.21		BKN	M	M	500.0							
467089	2018-04-02 00:00:00	88.0	CSTOL	332	AIRBUS A330-200	WB	GRU	2018-04-02 00:40:00	2018-04-02 00:54:00	2018-04-02 01:10:00	LIS	2018-04-02 10:50:00	2018-04-02 10:54:00	2018-04-02 10:30:00	J	TP	2018-04-02 01:18:45	14.0	62.0	0	22.0	300.0	6.0	6.21		FEW	FEW	SCT	1900.0	4500.0	9000.0						15.0	220.0	10.0	6.21		SCT	BKN	M	800.0	1200.0						
467090	2018-04-02 00:00:00	70.0	CSTOP	332	AIRBUS A330-200	WB	GIG	2018-04-02 00:45:00	2018-04-02 00:47:00	2018-04-02 01:17:00	LIS	2018-04-02 10:40:00	2018-04-02 10:44:00	2018-04-02 10:25:00	J	TP	2018-04-02 01:23:36	2.0	85.0	E	28.0	100.0	3.0	6.21		M	M	M									15.0	220.0	10.0	6.21		FEW	SCT	BKN	400.0	600.0	1800.0					
467091	2018-04-02 00:00:00	1304.0	CSTTR	319	AIRBUS A319-111	NB	LIS	2018-04-02 00:45:00	2018-04-02 00:37:00	2018-04-02 00:44:00	PRG	2018-04-02 03:34:00	2018-04-02 03:38:00	2018-04-02 04:00:00	J	TP					13.0	210.0	8.0	6.21		BKN	M	M	600.0								0.0	250.0	6.0	6.21		BKN	M	M	3000.0							
467092	2018-04-02 00:00:00	1484.0	CSTKR	763	BOEING 767-300/300ER		DSS	2018-04-02 00:50:00	2018-04-02 04:47:00	2018-04-02 04:57:00	LIS	2018-04-02 08:46:00	2018-04-02 08:51:00	2018-04-02 04:45:00	J	TP	2018-04-06 08:21:59	20.0	93.0	Q	17.0	350.0	17.0	4.97		FEW	M	M	500.0								14.0	190.0	9.0	6.21		FEW	BKN	M	200.0	400.0						
467093	2018-04-02 00:00:00	1538.0	CSTJE	321	AIRBUS A321-211	NB	SID	2018-04-02 00:55:00	2018-04-02 01:04:00	2018-04-02 01:13:00	LIS	2018-04-02 05:03:00	2018-04-02 05:07:00	2018-04-02 04:35:00	J	TP	2018-04-02 01:26:39	9.0	93.0	0	20.0	30.0	12.0	4.35		FEW	SCT	M	1400.0	20000.0							13.0	180.0	7.0	6.21		BKN	M	M	500.0							
467094	2018-04-02 00:00:00	1532.0	CSTJG	321	AIRBUS A321-211	NB	RAI	2018-04-02 01:05:00	2018-04-02 02:44:00	2018-04-02 02:56:00	LIS	2018-04-02 07:06:00	2018-04-02 07:10:00	2018-04-02 05:05:00	J	TP	2018-04-03 08:23:59	12.0	49.0	0	21.0	30.0	17.0	4.35		NSC	M	M									14.0	170.0	9.0	6.21		BKN	M	M	600.0							
467095	2018-04-02 00:00:00	2580.0	CSTOQ	332	AIRBUS A330-200	WB	POA	2018-04-02 01:15:00	2018-04-02 01:14:00	2018-04-02 01:25:00	LIS	2018-04-02 12:02:00	2018-04-02 12:06:00	2018-04-02 12:00:00	J	TP					22.0	270.0	5.0	6.21		SCT	BKN	M	900.0	4500.0							17.0	230.0	13.0	6.21		FEW	SCT	M	1400.0	1800.0						
467096	2018-04-02 00:00:00	36.0	CSTOF	332	AIRBUS A330-200	WB	FOR	2018-04-02 02:05:00	2018-04-02 02:02:00	2018-04-02 02:13:00	LIS	2018-04-02 09:10:00	2018-04-02 09:14:00	2018-04-02 09:10:00	J	TP					28.0	70.0	5.0	6.21		FEW	BKN	M	1800.0	10000.0							14.0	190.0	9.0	6.21		FEW	BKN	M	200.0	400.0						
467097	2018-04-02 00:00:00	12.0	CSTOH	332	AIRBUS A330-200	WB	REC	2018-04-02 02:10:00	2018-04-02 02:33:00	2018-04-02 02:45:00	LIS	2018-04-02 10:09:00	2018-04-02 10:13:00	2018-04-02 09:35:00	J	TP	2018-04-02 04:09:18	23.0	87.0	F	25.0	170.0	5.0	3.11		BKN	BKN	M	1000.0	5000.0							14.0	200.0	11.0	4.97		FEW	BKN	M	300.0	500.0						
467098	2018-04-02 00:00:00	21.0	CSTOU	333	AIRBUS A330-300	WB	SSA	2018-04-02 02:20:00	2018-04-02 02:13:00	2018-04-02 02:25:00	LIS	2018-04-02 10:35:00	2018-04-02 10:39:00	2018-04-02 10:25:00	J	TP					27.0	110.0	8.0	6.21		FEW	M	M	2000.0								15.0	220.0	10.0	6.21		FEW	SCT	BKN	400.0	600.0	1800.0					
467099	2018-04-02 00:00:00	208.0	CSTOO	332	AIRBUS A330-200	WB	JFK	2018-04-02 03:25:00	2018-04-02 03:12:00	2018-04-02 03:25:00	LIS	2018-04-02 09:06:00	2018-04-02 09:09:00	2018-04-02 10:15:00	J	TP						10.0	6.0	10.0		CLR	M	M									14.0	190.0	9.0	6.21		FEW	BKN	M	200.0	400.0						
467100	2018-04-02 00:00:00	1325.0	CSTMW	320	AIRBUS A320-211	NB	OTP	2018-04-02 03:35:00	2018-04-02 03:40:00	2018-04-02 03:52:00	LIS	2018-04-02 08:20:00	2018-04-02 08:25:00	2018-04-02 08:10:00	J	TP	2018-04-02 03:56:21	5.0	89.0	0	6.0	250.0	7.0	6.21		M	M	M									13.0	170.0	10.0	1.86		FEW	BKN	M	200.0	400.0						
467101	2018-04-02 00:00:00	262.0	CSTOG	332	AIRBUS A330-200	WB	YYZ	2018-04-02 03:55:00	2018-04-02 05:13:00	2018-04-02 05:32:00	LIS	2018-04-02 11:48:00	2018-04-02 11:53:00	2018-04-02 10:50:00	J	TP	2018-04-02 05:40:25	18.0	85.0	C	-1.0	230.0	4.0	15.0		OVC	M	M	23000.0								17.0	230.0	13.0	6.21		FEW	SCT	M	1400.0	1800.0						
467102	2018-04-02 00:00:00	473.0	CSTPV	E90	EMBRAER 190	PGA	LYS	2018-04-02 04:00:00	2018-04-02 03:56:00	2018-04-02 04:06:00	LIS	2018-04-02 06:24:00	2018-04-02 06:29:00	2018-04-02 06:30:00	J	NI					4.0	140.0	9.0	6.21		M	M	M									13.0	170.0	8.0	6.21		BKN	M	M	600.0							
467103	2018-04-02 00:00:00	527.0	CSTTZ	E95	EMBRAER 195	PGA	STR	2018-04-02 04:00:00	2018-04-02 03:51:00	2018-04-02 04:23:00	LIS	2018-04-02 07:21:00	2018-04-02 07:26:00	2018-04-02 07:10:00	J	NI					0.0		2.0	6.21		M	M	M									14.0	170.0	9.0	6.21		FEW	OVC	M	400.0	600.0						
467104	2018-04-02 00:00:00	531.0	CSTTQ	319	AIRBUS A319-111	NB	TXL	2018-04-02 04:00:00	2018-04-02 03:54:00	2018-04-02 04:03:00	LIS	2018-04-02 07:29:00	2018-04-02 07:32:00	2018-04-02 07:40:00	J	TP					-1.0	280.0	7.0	6.21		FEW	M	M	1000.0								14.0	170.0	9.0	6.21		FEW	OVC	M	400.0	600.0						
467105	2018-04-02 00:00:00	567.0	CSTNP	320	AIRBUS A320-211	NB	HAM	2018-04-02 04:00:00	2018-04-02 03:57:00	2018-04-02 04:07:00	LIS	2018-04-02 07:26:00	2018-04-02 07:29:00	2018-04-02 07:30:00	J	TP					-1.0		1.0	6.21		M	M	M									14.0	170.0	9.0	6.21		FEW	OVC	M	400.0	600.0						
467106	2018-04-02 00:00:00	753.0	CSTNQ	320	AIRBUS A320-211	NB	CPH	2018-04-02 04:00:00	2018-04-02 03:59:00	2018-04-02 04:22:00	LIS	2018-04-02 08:01:00	2018-04-02 08:05:00	2018-04-02 07:45:00	J	TP					0.0	300.0	8.0	6.21		M	M	M									13.0	170.0	10.0	4.35		FEW	BKN	M	300.0	500.0						
467107	2018-04-02 00:00:00	553.0	CSTTA	319	AIRBUS A319-111	NB	MUC	2018-04-02 04:05:00	2018-04-02 04:25:00	2018-04-02 04:33:00	LIS	2018-04-02 07:41:00	2018-04-02 07:47:00	2018-04-02 07:20:00	J	TP	2018-04-02 10:17:59	5.0	31.0	B	1.0	230.0	5.0	6.21		M	M	M									13.0	170.0	10.0	4.35		FEW	BKN	M	300.0	500.0						
467108	2018-04-02 00:00:00	791.0	CSTNX	320	AIRBUS A320-211	NB	HEL	2018-04-02 04:05:00	2018-04-02 04:06:00	2018-04-02 04:34:00	LIS	2018-04-02 09:27:00	2018-04-02 09:31:00	2018-04-02 09:00:00	J	TP	2018-04-02 08:53:32	1.0	76.0	0	-1.0	20.0	12.0	0.75		VV 	M	M	900.0								14.0	200.0	12.0	6.21		FEW	BKN	M	300.0	600.0						
467109	2018-04-02 00:00:00	821.0	CSTNK	320	AIRBUS A320-211	NB	MXP	2018-04-02 04:05:00	2018-04-02 04:11:00	2018-04-02 04:23:00	LIS	2018-04-02 07:03:00	2018-04-02 07:09:00	2018-04-02 07:00:00	J	TP	2018-04-02 04:26:26	6.0	63.0	D	4.0	30.0	2.0	6.21		M	M	M									14.0	170.0	9.0	6.21		BKN	M	M	600.0							
467110	2018-04-02 00:00:00	949.0	CSTTJ	319	AIRBUS A319-111	NB	GVA	2018-04-02 04:10:00	2018-04-02 04:22:00	2018-04-02 04:31:00	LIS	2018-04-02 06:52:00	2018-04-02 06:54:00	2018-04-02 06:45:00	J	TP	2018-04-02 04:37:29	7.0	75.0	0	0.0		1.0	6.21		M	M	M									14.0	170.0	9.0	6.21		BKN	M	M	600.0							
467111	2018-04-02 00:00:00	571.0	CSTTU	319	AIRBUS A319-111	NB	FRA	2018-04-02 04:15:00	2018-04-02 04:20:00	2018-04-02 04:32:00	LIS	2018-04-02 07:35:00	2018-04-02 07:39:00	2018-04-02 07:25:00	J	TP	2018-04-02 08:27:59	5.0	85.0	B	2.0		2.0	6.21		FEW	SCT	BKN	2300.0	6000.0	25000.0						14.0	170.0	9.0	6.21		FEW	OVC	M	400.0	600.0						
467112	2018-04-02 00:00:00	837.0	CSTNS	320	AIRBUS A320-211	NB	FCO	2018-04-02 04:15:00	2018-04-02 04:14:00	2018-04-02 04:22:00	LIS	2018-04-02 07:17:00	2018-04-02 07:20:00	2018-04-02 07:20:00	J	TP					6.0	90.0	4.0	6.21		M	M	M									14.0	170.0	9.0	6.21		FEW	OVC	M	400.0	600.0						
467113	2018-04-02 00:00:00	1235.0	CSTNU	320	AIRBUS A320-211	NB	DME	2018-04-02 04:15:00	2018-04-02 04:39:00	2018-04-02 05:03:00	LIS	2018-04-02 10:47:00	2018-04-02 10:52:00	2018-04-02 10:10:00	J	TP	2018-04-20 15:30:59	5.0	87.0	0	3.0	130.0	13.61	6.21		M	M	M									15.0	220.0	10.0	6.21		SCT	BKN	M	800.0	1200.0						
467114	2018-04-02 00:00:00	1943.0	CSTTF	319	AIRBUS A319-111	NB	OPO	2018-04-02 04:15:00	2018-04-02 04:14:00	2018-04-02 04:26:00	LIS	2018-04-02 05:00:00	2018-04-02 05:05:00	2018-04-02 05:10:00	J	TP					14.0	190.0	14.0	6.21		BKN	BKN	M	1500.0	2100.0							13.0	180.0	7.0	6.21		BKN	M	M	500.0							
467115	2018-04-02 00:00:00	641.0	CSTNR	320	AIRBUS A320-211	NB	BRU	2018-04-02 04:20:00	2018-04-02 04:24:00	2018-04-02 04:33:00	LIS	2018-04-02 07:15:00	2018-04-02 07:18:00	2018-04-02 07:10:00	J	TP	2018-04-02 08:28:59	4.0	89.0	0	6.0	170.0	8.0	6.21		M	M	M									14.0	170.0	9.0	6.21		FEW	OVC	M	400.0	600.0						
467116	2018-04-02 00:00:00	929.0	CSTNM	320	AIRBUS A320-211	NB	ZRH	2018-04-02 04:20:00	2018-04-02 04:24:00	2018-04-02 04:47:00	LIS	2018-04-02 07:38:00	2018-04-02 07:44:00	2018-04-02 07:10:00	J	TP	2018-04-02 04:53:28	4.0	75.0	0	-2.0	300.0	3.0	4.35		NSC	M	M									14.0	170.0	9.0	6.21		FEW	OVC	M	400.0	600.0						
467117	2018-04-02 00:00:00	1095.0	CSDJH	AT7	ATR 72	WI	VLC	2018-04-02 04:20:00	2018-04-02 04:18:00	2018-04-02 04:24:00	LIS	2018-04-02 06:22:00	2018-04-02 06:25:00	2018-04-02 06:35:00	J	WI					9.0		2.0	6.21		M	M	M									13.0	170.0	8.0	6.21		BKN	M	M	600.0							
467118	2018-04-02 00:00:00	587.0	CSTPR	E90	EMBRAER 190	PGA	CGN	2018-04-02 04:25:00	2018-04-02 04:22:00	2018-04-02 04:30:00	LIS	2018-04-02 07:32:00	2018-04-02 07:38:00	2018-04-02 07:35:00	J	NI					3.0	120.0	5.0	1.86		NSC	M	M									14.0	170.0	9.0	6.21		FEW	OVC	M	400.0	600.0						
467119	2018-04-02 00:00:00	447.0	CSTTK	319	AIRBUS A319-111	NB	ORY	2018-04-02 04:30:00	2018-04-02 04:30:00	2018-04-02 04:40:00	LIS	2018-04-02 07:01:00	2018-04-02 07:05:00	2018-04-02 07:00:00	J	TP					7.0	160.0	5.0	6.21		M	M	M									14.0	170.0	9.0	6.21		BKN	M	M	600.0							
467120	2018-04-02 00:00:00	1049.0	CSTPU	E90	EMBRAER 190	PGA	BCN	2018-04-02 04:40:00	2018-04-02 04:46:00	2018-04-02 05:13:00	LIS	2018-04-02 06:50:00	2018-04-02 06:53:00	2018-04-02 06:35:00	J	NI	2018-04-02 05:17:29	6.0	89.0	0	8.0	330.0	7.0	6.21		FEW	M	M	3000.0								14.0	170.0	9.0	6.21		BKN	M	M	600.0							
467121	2018-04-02 00:00:00	1137.0	CSDJA	AT7	ATR 72	WI	AGP	2018-04-02 04:40:00	2018-04-02 04:40:00	2018-04-02 04:49:00	LIS	2018-04-02 06:11:00	2018-04-02 06:14:00	2018-04-02 06:15:00	J	WI					9.0	290.0	7.0	6.21		M	M	M									13.0	160.0	9.0	6.21		SCT	BKN	M	600.0	900.0						
467122	2018-04-02 00:00:00	1307.0	CSTTR	319	AIRBUS A319-111	NB	PRG	2018-04-02 04:45:00	2018-04-02 04:39:00	2018-04-02 04:48:00	LIS	2018-04-02 08:18:00	2018-04-02 08:20:00	2018-04-02 08:15:00	J	TP					0.0	260.0	8.0	6.21		SCT	M	M	3000.0								13.0	170.0	10.0	1.86		FEW	BKN	M	200.0	400.0						
467123	2018-04-02 00:00:00	361.0	CSTNW	320	AIRBUS A320-211	NB	LHR	2018-04-02 05:00:00	2018-04-02 05:04:00	2018-04-02 05:17:00	LIS	2018-04-02 07:45:00	2018-04-02 07:48:00	2018-04-02 07:35:00	J	TP	2018-04-02 05:33:33	4.0	87.0	A	7.0	160.0	10.0	6.21		SCT	BKN	OVC	600.0	1100.0	1900.0						13.0	170.0	10.0	4.35		FEW	BKN	M	300.0	500.0						
467124	2018-04-02 00:00:00	459.0	CSTTS	319	AIRBUS A319-111	NB	ORY	2018-04-02 05:00:00	2018-04-02 04:58:00	2018-04-02 05:08:00	OPO	2018-04-02 07:04:00	2018-04-02 07:07:00	2018-04-02 07:05:00	J	TP					7.0	150.0	4.0	6.21		M	M	M									12.0	170.0	11.0	4.35		SCT	BKN	BKN	700.0	1200.0	3000.0					
467125	2018-04-02 00:00:00	669.0	CSTTE	319	AIRBUS A319-111	NB	AMS	2018-04-02 05:00:00	2018-04-02 05:01:00	2018-04-02 05:09:00	LIS	2018-04-02 07:57:00	2018-04-02 08:00:00	2018-04-02 08:00:00	J	TP	2018-04-02 08:31:59	1.0	89.0	0	4.0	100.0	7.0	6.21		FEW	BKN	M	2200.0	3500.0							13.0	170.0	10.0	4.35		FEW	BKN	M	300.0	500.0						
467126	2018-04-02 00:00:00	1101.0	CSDJC	AT7	ATR 72	WI	SVQ	2018-04-02 05:00:00	2018-04-02 04:58:00	2018-04-02 05:11:00	LIS	2018-04-02 06:07:00	2018-04-02 06:11:00	2018-04-02 06:10:00	J	WI					9.0		1.0	6.21		M	M	M									13.0	160.0	9.0	6.21		SCT	BKN	M	600.0	900.0						
467127	2018-04-02 00:00:00	1670.0	CSTNI	320	AIRBUS A320-211	NB	FNC	2018-04-02 05:00:00	2018-04-02 05:06:00	2018-04-02 05:14:00	LIS	2018-04-02 06:43:00	2018-04-02 06:46:00	2018-04-02 06:35:00	J	TP	2018-04-02 08:26:59	6.0	3.0	C	14.0		2.0	6.21		FEW	M	M	1600.0								14.0	170.0	9.0	6.21		BKN	M	M	600.0							
467128	2018-04-02 00:00:00	1900.0	CSTTB	319	AIRBUS A319-111	NB	FAO	2018-04-02 05:00:00	2018-04-02 04:56:00	2018-04-02 05:05:00	LIS	2018-04-02 05:35:00	2018-04-02 05:39:00	2018-04-02 05:45:00	J	TP					14.0		2.0	6.21		FEW	BKN	M	900.0	1500.0							14.0	180.0	9.0	6.21		SCT	BKN	M	600.0	900.0						
467129	2018-04-02 00:00:00	1711.0	CSTTP	319	AIRBUS A319-111	NB	OPO	2018-04-02 05:05:00	2018-04-02 05:03:00	2018-04-02 05:18:00	FNC	2018-04-02 06:53:00	2018-04-02 06:56:00	2018-04-02 07:00:00	J	TP					13.0	180.0	15.0	4.97		BKN	BKN	M	1200.0	2000.0							15.0	290.0	3.0	6.21		FEW	M	M	1600.0							
467130	2018-04-02 00:00:00	1065.0	CSDJD	AT7	ATR 72	WI	BIO	2018-04-02 05:10:00	2018-04-02 05:05:00	2018-04-02 05:14:00	LIS	2018-04-02 07:10:00	2018-04-02 07:20:00	2018-04-02 07:20:00	J	WI					15.0	180.0	7.0	6.21		M	M	M									14.0	170.0	9.0	6.21		FEW	OVC	M	400.0	600.0						
467131	2018-04-02 00:00:00	1921.0	CSTPP	E90	EMBRAER 190	PGA	OPO	2018-04-02 05:15:00	2018-04-02 05:15:00	2018-04-02 05:32:00	LIS	2018-04-02 06:13:00	2018-04-02 06:20:00	2018-04-02 06:15:00	J	NI					13.0	180.0	15.0	4.97		BKN	BKN	M	1200.0	2000.0							13.0	170.0	8.0	6.21		BKN	M	M	600.0							
467132	2018-04-02 00:00:00	1023.0	CSTNY	320	AIRBUS A320-211	NB	MAD	2018-04-02 05:25:00	2018-04-02 05:23:00	2018-04-02 05:43:00	LIS	2018-04-02 06:40:00	2018-04-02 06:43:00	2018-04-02 06:45:00	J	TP					6.0	350.0	3.0	6.21		M	M	M									13.0	170.0	8.0	6.21		BKN	M	M	600.0							
467133	2018-04-02 00:00:00	436.0	FHBIS	320	AIRBUS A320-211	NB	LIS	2018-04-02 05:30:00	2018-04-02 05:33:00	2018-04-02 05:41:00	ORY	2018-04-02 07:35:00	2018-04-02 07:45:00	2018-04-02 07:55:00	J	TP	2018-04-02 05:43:59	3.0	31.0	B	14.0	180.0	9.0	6.21		SCT	BKN	M	600.0	900.0							9.0	160.0	7.0	6.21		M	M	M								
467134	2018-04-02 00:00:00	452.0	FHBAL	319	AIRBUS A319-111	NB	OPO	2018-04-02 05:30:00	2018-04-02 05:22:00	2018-04-02 05:37:00	ORY	2018-04-02 07:18:00	2018-04-02 07:36:00	2018-04-02 07:35:00	J	TP					12.0	180.0	13.0	5.59		FEW	BKN	BKN	900.0	1100.0	3700.0						9.0	160.0	7.0	6.21		M	M	M								
467135	2018-04-02 00:00:00	818.0	CSTTD	319	AIRBUS A319-111	NB	OPO	2018-04-02 05:30:00	2018-04-02 05:41:00	2018-04-02 05:56:00	MXP	2018-04-02 07:46:00	2018-04-02 07:52:00	2018-04-02 08:05:00	J	TP	2018-04-02 08:24:59	11.0	16.0	0	12.0	180.0	13.0	5.59		FEW	BKN	BKN	900.0	1100.0	3700.0						12.0	10.0	4.0	6.21		M	M	M								
467136	2018-04-02 00:00:00	834.0	CSTJF	321	AIRBUS A321-211	NB	LIS	2018-04-02 05:30:00	2018-04-02 06:09:00	2018-04-02 06:18:00	FCO	2018-04-02 08:47:00	2018-04-02 08:53:00	2018-04-02 08:20:00	J	TP	2018-04-02 06:22:59	39.0	64.0	0	13.0	160.0	9.0	6.21		SCT	BKN	M	600.0	900.0							15.0	160.0	9.0	6.21		FEW	M	M	3000.0							
467137	2018-04-02 00:00:00	1030.0	CSTTO	319	AIRBUS A319-111	NB	OPO	2018-04-02 05:30:00	2018-04-02 05:39:00	2018-04-02 05:52:00	BCN	2018-04-02 07:25:00	2018-04-02 07:30:00	2018-04-02 07:15:00	J	TP	2018-04-02 05:56:25	9.0	16.0	H	12.0	180.0	13.0	5.59		FEW	BKN	BKN	900.0	1100.0	3700.0						10.0	330.0	9.0	6.21		M	M	M								
467138	2018-04-02 00:00:00	1044.0	CSTTY	E95	EMBRAER 195	PGA	LIS	2018-04-02 05:45:00	2018-04-02 05:43:00	2018-04-02 06:00:00	BCN	2018-04-02 07:35:00	2018-04-02 07:40:00	2018-04-02 07:35:00	J	NI					14.0	180.0	9.0	6.21		SCT	BKN	M	600.0	900.0							10.0	330.0	9.0	6.21		M	M	M								
467139	2018-04-02 00:00:00	443.0	CSTTN	319	AIRBUS A319-111	NB	ORY	2018-04-02 05:50:00	2018-04-02 05:51:00	2018-04-02 06:05:00	LIS	2018-04-02 08:24:00	2018-04-02 08:28:00	2018-04-02 08:20:00	J	TP	2018-04-02 08:31:59	1.0	89.0	0	7.0	160.0	5.0	6.21		M	M	M									13.0	170.0	10.0	1.86		FEW	BKN	M	200.0	400.0						
467140	2018-04-02 00:00:00	578.0	CSTJH	321	AIRBUS A321-211	NB	LIS	2018-04-02 05:50:00	2018-04-02 05:57:00	2018-04-02 06:08:00	FRA	2018-04-02 08:35:00	2018-04-02 08:48:00	2018-04-02 08:55:00	J	TP	2018-04-02 08:25:59	7.0	15.0	A	13.0	160.0	9.0	6.21		SCT	BKN	M	600.0	900.0							9.0	170.0	6.0	6.21		FEW	M	M	2000.0							
467141	2018-04-02 00:00:00	1026.0	CSTTF	319	AIRBUS A319-111	NB	LIS	2018-04-02 05:55:00	2018-04-02 07:19:00	2018-04-02 07:34:00	MAD	2018-04-02 08:29:00	2018-04-02 08:33:00	2018-04-02 07:10:00	J	TP	2018-04-02 07:34:59	84.0	64.0	0	14.0	170.0	9.0	6.21		FEW	OVC	M	400.0	600.0							11.0	70.0	2.0	6.21		M	M	M								
467142	2018-04-02 00:00:00	646.0	CSTJE	321	AIRBUS A321-211	NB	LIS	2018-04-02 06:00:00	2018-04-02 06:06:00	2018-04-02 06:22:00	BRU	2018-04-02 08:34:00	2018-04-02 08:41:00	2018-04-02 08:40:00	J	TP	2018-04-02 06:24:59	1.0	89.0	0	13.0	160.0	9.0	6.21		SCT	BKN	M	600.0	900.0							9.0	160.0	9.0	6.21		SCT	M	M	4000.0							
467143	2018-04-02 00:00:00	922.0	CSTPO	E90	EMBRAER 190	PGA	OPO	2018-04-02 06:00:00	2018-04-02 06:10:00	2018-04-02 06:21:00	ZRH	2018-04-02 08:24:00	2018-04-02 08:31:00	2018-04-02 08:30:00	J	NI	2018-04-02 06:35:34	5.0	39.0	0	12.0	180.0	12.0	6.21		FEW	BKN	BKN	800.0	1200.0	2500.0						6.0		1.0	6.21		M	M	M								
467144	2018-04-02 00:00:00	1926.0	CSDJB	AT7	ATR 72	WI	LIS	2018-04-02 06:00:00	2018-04-02 06:03:00	2018-04-02 06:15:00	OPO	2018-04-02 07:00:00	2018-04-02 07:03:00	2018-04-02 07:00:00	J	WI	2018-04-02 06:11:59	3.0	32.0	A	13.0	160.0	9.0	6.21		SCT	BKN	M	600.0	900.0							12.0	170.0	11.0	4.35		SCT	BKN	BKN	700.0	1200.0	3000.0					
467145	2018-04-02 00:00:00	2926.0	CSTFM	772	BOEING 777-200		LIS	2018-04-02 06:00:00	2018-04-02 06:35:00	2018-04-02 06:48:00	OSL	2018-04-02 10:05:00	2018-04-02 10:10:00	2018-04-02 10:00:00	J	YU	2018-04-03 06:17:59	35.0	16.0	G	13.0	170.0	8.0	6.21		BKN	M	M	600.0								0.0	40.0	6.0	6.21		M	M	M								
467146	2018-04-02 00:00:00	336.0	LYPGC	737	BOEING 737 ALL SERIES		LIS	2018-04-02 06:05:00	2018-04-02 06:17:00		LIS		2018-04-02 06:34:00	2018-04-02 08:45:00	J	TP	2018-04-03 06:12:59	35.0	41.0	A	13.0	170.0	8.0	6.21		BKN	M	M	600.0								13.0	170.0	8.0	6.21		BKN	M	M	600.0							
467147	2018-04-02 00:00:00	1672.0	CSTNH	320	AIRBUS A320-211	NB	FNC	2018-04-02 06:05:00	2018-04-02 06:04:00	2018-04-02 06:10:00	LIS	2018-04-02 07:49:00	2018-04-02 08:00:00	2018-04-02 07:45:00	J	TP					15.0	270.0	4.0	6.21		FEW	M	M	1600.0								13.0	170.0	10.0	4.35		FEW	BKN	M	300.0	500.0						
467148	2018-04-02 00:00:00	1710.0	CSTTG	319	AIRBUS A319-111	NB	FNC	2018-04-02 06:05:00	2018-04-02 06:08:00	2018-04-02 06:15:00	OPO	2018-04-02 07:57:00	2018-04-02 08:01:00	2018-04-02 07:55:00	J	TP	2018-04-03 02:50:59	3.0	89.0	0	15.0	270.0	4.0	6.21		FEW	M	M	1600.0								11.0	170.0	12.0	3.73		SCT	BKN	BKN	600.0	1200.0	3000.0					
467149	2018-04-02 00:00:00	284.0	CSTOA	343	AIRBUS A340-312	WB	MPM	2018-04-02 06:10:00	2018-04-02 06:50:00	2018-04-02 07:04:00	LIS	2018-04-02 17:25:00	2018-04-02 17:30:00	2018-04-02 17:05:00	J	TP	2018-04-02 07:17:28	40.0	93.0	R	29.0		2.0	6.21		SCT	M	M	2000.0								15.0	230.0	11.0	6.21		SCT	BKN	M	1000.0	1600.0						
467150	2018-04-02 00:00:00	322.0	CSTTX	E95	EMBRAER 195	PGA	LIS	2018-04-02 06:10:00	2018-04-02 06:16:00	2018-04-02 06:27:00	MAN	2018-04-02 08:42:00	2018-04-02 08:56:00	2018-04-02 09:00:00	J	NI	2018-04-02 06:31:59	6.0	89.0	0	13.0	170.0	8.0	6.21		BKN	M	M	600.0								3.0	80.0	7.0	6.21		BKN	M	M	2100.0							
467151	2018-04-02 00:00:00	1933.0	CSTTL	319	AIRBUS A319-111	NB	OPO	2018-04-02 06:20:00	2018-04-02 06:19:00	2018-04-02 06:29:00	LIS	2018-04-02 07:11:00	2018-04-02 07:14:00	2018-04-02 07:20:00	J	TP					12.0	170.0	10.0	4.35		FEW	BKN	BKN	800.0	1300.0	2500.0						14.0	170.0	9.0	6.21		BKN	M	M	600.0							
467152	2018-04-02 00:00:00	1008.0	CSTPW	E90	EMBRAER 190	PGA	OPO	2018-04-02 06:30:00	2018-04-02 06:33:00	2018-04-02 06:47:00	MAD	2018-04-02 07:36:00	2018-04-02 07:40:00	2018-04-02 07:40:00	J	NI	2018-04-02 07:15:24	3.0	89.0	0	12.0	170.0	10.0	4.35		FEW	BKN	BKN	800.0	1300.0	2500.0						9.0		2.0	6.21		M	M	M								
467153	2018-04-02 00:00:00	1679.0	CSTNN	320	AIRBUS A320-211	NB	LIS	2018-04-02 06:30:00	2018-04-02 06:32:00	2018-04-02 06:45:00	FNC	2018-04-02 08:04:00	2018-04-02 08:07:00	2018-04-02 08:15:00	J	TP	2018-04-02 06:48:59	2.0	15.0	D	13.0	170.0	8.0	6.21		BKN	M	M	600.0								16.0		2.0	6.21		FEW	M	M	1600.0							
467154	2018-04-02 00:00:00	374.0	CSTTI	319	AIRBUS A319-111	NB	LIS	2018-04-02 06:35:00	2018-04-02 06:40:00	2018-04-02 06:51:00	LHR	2018-04-02 09:25:00	2018-04-02 09:33:00	2018-04-02 09:20:00	J	TP	2018-04-02 06:54:59	5.0	89.0	0	13.0	170.0	8.0	6.21		BKN	M	M	600.0								10.0	160.0	9.0	6.21		FEW	M	M	4900.0							
467155	2018-04-02 00:00:00	1082.0	CSDJC	AT7	ATR 72	WI	LIS	2018-04-02 06:45:00	2018-04-02 07:04:00	2018-04-02 07:17:00	LCG	2018-04-02 08:30:00	2018-04-02 08:33:00	2018-04-02 08:20:00	J	WI	2018-04-02 07:17:59	9.0	89.0	0	14.0	170.0	9.0	6.21		BKN	M	M	600.0								13.0	160.0	5.0	6.21		SCT	M	M	2800.0							
467156	2018-04-02 00:00:00	822.0	CSTJG	321	AIRBUS A321-211	NB	LIS	2018-04-02 06:50:00	2018-04-02 08:04:00	2018-04-02 08:25:00	MXP	2018-04-02 10:38:00	2018-04-02 10:47:00	2018-04-02 09:25:00	J	TP	2018-04-02 08:39:59	9.0	49.0	0	13.0	170.0	10.0	4.35		FEW	BKN	M	300.0	500.0							14.0	220.0	6.0	6.21		FEW	M	M	4000.0							
467157	2018-04-02 00:00:00	1106.0	CSDJA	AT7	ATR 72	WI	LIS	2018-04-02 06:50:00	2018-04-02 07:08:00	2018-04-02 07:23:00	SVQ	2018-04-02 08:20:00	2018-04-02 08:27:00	2018-04-02 08:05:00	J	WI	2018-04-02 07:24:59	8.0	89.0	0	14.0	170.0	9.0	6.21		BKN	M	M	600.0								15.0	80.0	1.0	6.21		M	M	M								
467158	2018-04-02 00:00:00	1134.0	CSDJE	AT7	ATR 72	WI	LIS	2018-04-02 06:50:00	2018-04-02 06:50:00	2018-04-02 07:08:00	AGP	2018-04-02 08:28:00	2018-04-02 08:32:00	2018-04-02 08:20:00	J	WI					14.0	170.0	9.0	6.21		BKN	M	M	600.0								13.0	280.0	5.0	6.21		M	M	M								
467159	2018-04-02 00:00:00	492.0	CSTPP	E90	EMBRAER 190	PGA	LIS	2018-04-02 06:55:00	2018-04-02 07:11:00	2018-04-02 07:25:00	TLS	2018-04-02 08:49:00	2018-04-02 08:55:00	2018-04-02 08:45:00	J	NI	2018-04-02 07:26:59	11.0	89.0	0	14.0	170.0	9.0	6.21		BKN	M	M	600.0								12.0	130.0	15.0	6.21		M	M	M								
467160	2018-04-02 00:00:00	404.0	CSTPT	E90	EMBRAER 190	PGA	LIS	2018-04-02 07:00:00	2018-04-02 07:27:00	2018-04-02 07:48:00	MRS	2018-04-02 09:37:00	2018-04-02 09:42:00	2018-04-02 09:15:00	J	NI	2018-04-02 07:50:59	17.0	89.0	0	14.0	170.0	9.0	6.21		FEW	OVC	M	400.0	600.0							15.0	130.0	11.0	6.21		M	M	M								
467161	2018-04-02 00:00:00	434.0	CSTNJ	320	AIRBUS A320-211	NB	LIS	2018-04-02 07:00:00	2018-04-02 07:24:00	2018-04-02 07:46:00	ORY	2018-04-02 09:47:00	2018-04-02 09:50:00	2018-04-02 09:25:00	J	TP	2018-04-02 07:47:59	24.0	89.0	0	14.0	170.0	9.0	6.21		FEW	OVC	M	400.0	600.0							12.0	170.0	7.0	6.21		M	M	M								
467162	2018-04-02 00:00:00	476.0	CSTPQ	E90	EMBRAER 190	PGA	LIS	2018-04-02 07:00:00	2018-04-02 07:09:00	2018-04-02 07:19:00	LYS	2018-04-02 09:11:00	2018-04-02 09:16:00	2018-04-02 09:15:00	J	NI	2018-04-02 07:35:59	9.0	89.0	0	14.0	170.0	9.0	6.21		BKN	M	M	600.0								13.0	160.0	14.0	6.21		M	M	M								
467163	2018-04-02 00:00:00	1272.0	CSTOI	332	AIRBUS A330-200	WB	LIS	2018-04-02 07:00:00	2018-04-02 08:07:00	2018-04-02 08:31:00	VIE	2018-04-02 11:15:00	2018-04-02 11:22:00	2018-04-02 10:20:00	J	TP	2018-04-02 08:34:59	67.0	64.0	0	13.0	170.0	10.0	4.35		FEW	BKN	M	300.0	500.0							12.0	280.0	16.0	6.21		FEW	SCT	M	4600.0	6000.0						
467164	2018-04-02 00:00:00	1828.0	CSTNL	320	AIRBUS A320-211	NB	TER	2018-04-02 07:00:00	2018-04-02 07:11:00	2018-04-02 07:17:00	LIS	2018-04-02 09:13:00	2018-04-02 09:18:00	2018-04-02 09:15:00	J	TP	2018-04-04 16:39:59	5.0	14.0	A	15.0			6.21		FEW	M	M	2000.0								14.0	200.0	12.0	6.21		FEW	BKN	M	300.0	600.0						
467165	2018-04-02 00:00:00	1864.0	CSTNT	320	AIRBUS A320-211	NB	PDL	2018-04-02 07:00:00	2018-04-02 07:00:00	2018-04-02 07:10:00	LIS	2018-04-02 09:01:00	2018-04-02 09:05:00	2018-04-02 09:10:00	J	TP					16.0		5.0	6.21		SCT	M	M	1500.0								14.0	190.0	9.0	6.21		FEW	BKN	M	200.0	400.0						
467166	2018-04-02 00:00:00	1924.0	CSDJF	AT7	ATR 72	WI	LIS	2018-04-02 07:00:00	2018-04-02 07:15:00	2018-04-02 07:31:00	OPO	2018-04-02 08:18:00	2018-04-02 08:21:00	2018-04-02 08:00:00	J	WI	2018-04-02 07:35:59	15.0	89.0	0	14.0	170.0	9.0	6.21		BKN	M	M	600.0								11.0	190.0	9.0	4.35		SCT	SCT	BKN	400.0	1200.0	3000.0					
467167	2018-04-02 00:00:00	371.0	CSTTC	319	AIRBUS A319-111	NB	LHR	2018-04-02 07:10:00	2018-04-02 09:59:00	2018-04-02 10:18:00	LIS	2018-04-02 12:41:00	2018-04-02 12:43:00	2018-04-02 09:50:00	J	TP	2018-04-02 10:29:00	6.0	89.0	0	10.0	190.0	12.0	6.21		SCT	M	M	1700.0								17.0	230.0	14.0	6.21		FEW	SCT	FEW	1400.0	2000.0	2500.0					
467168	2018-04-02 00:00:00	412.0	CSTPV	E90	EMBRAER 190	PGA	LIS	2018-04-02 07:15:00	2018-04-02 07:32:00	2018-04-02 07:51:00	NTE	2018-04-02 09:23:00	2018-04-02 09:27:00	2018-04-02 09:15:00	J	NI	2018-04-02 08:07:59	17.0	89.0	0	14.0	170.0	9.0	6.21		FEW	OVC	M	400.0	600.0							12.0	200.0	6.0	6.21		FEW	BKN	OVC	3800.0	7200.0	8200.0					
467169	2018-04-02 00:00:00	1098.0	CSDJH	AT7	ATR 72	WI	LIS	2018-04-02 07:15:00	2018-04-02 07:32:00	2018-04-02 07:56:00	VLC	2018-04-02 09:40:00	2018-04-02 09:44:00	2018-04-02 09:20:00	J	WI	2018-04-02 08:11:59	17.0	89.0	0	14.0	170.0	9.0	6.21		FEW	OVC	M	400.0	600.0							15.0	90.0	3.0	6.21		FEW	M	M	3500.0							
467170	2018-04-02 00:00:00	542.0	CSTTW	E95	EMBRAER 195	PGA	LIS	2018-04-02 07:30:00	2018-04-02 07:42:00	2018-04-02 08:03:00	DUS	2018-04-02 10:21:00	2018-04-02 10:25:00	2018-04-02 10:25:00	J	NI	2018-04-02 08:06:59	4.0	89.0	0	14.0	170.0	9.0	6.21		FEW	OVC	M	400.0	600.0							10.0	150.0	11.0	6.21		M	M	M								
467171	2018-04-02 00:00:00	574.0	CSTNG	320	AIRBUS A320-211	NB	LIS	2018-04-02 07:30:00	2018-04-02 07:42:00	2018-04-02 07:54:00	FRA	2018-04-02 10:17:00	2018-04-02 10:31:00	2018-04-02 10:35:00	J	TP	2018-04-02 08:22:59	12.0	89.0	0	14.0	170.0	9.0	6.21		FEW	OVC	M	400.0	600.0							11.0	180.0	9.0	6.21		FEW	BKN	M	3300.0	30000.0						
467172	2018-04-02 00:00:00	952.0	CSTTB	319	AIRBUS A319-111	NB	LIS	2018-04-02 07:30:00	2018-04-02 07:38:00	2018-04-02 07:59:00	GVA	2018-04-02 09:56:00	2018-04-02 09:59:00	2018-04-02 09:50:00	J	TP	2018-04-02 08:12:59	4.0	89.0	0	14.0	170.0	9.0	6.21		FEW	OVC	M	400.0	600.0							7.0	100.0	3.0	6.21		FEW	BKN	M	8000.0	10000.0						
467173	2018-04-02 00:00:00	1941.0	CSDJB	AT7	ATR 72	WI	OPO	2018-04-02 07:30:00	2018-04-02 07:32:00	2018-04-02 07:40:00	LIS	2018-04-02 08:28:00	2018-04-02 08:31:00	2018-04-02 08:30:00	J	WI	2018-04-02 07:47:31	2.0	93.0	C	12.0	170.0	12.0	3.11		SCT	BKN	BKN	600.0	1200.0	3000.0						13.0	170.0	10.0	1.86		FEW	BKN	M	200.0	400.0						
467174	2018-04-02 00:00:00	288.0	CSTOC	343	AIRBUS A340-312	WB	LAD	2018-04-02 07:40:00	2018-04-02 07:51:00	2018-04-02 08:05:00	LIS	2018-04-02 15:35:00	2018-04-02 15:42:00	2018-04-02 15:30:00	J	TP	2018-04-03 02:51:59	11.0	93.0	G	29.0	190.0	8.0	6.21		SCT	BKN	M	2000.0	8000.0							16.0	220.0	11.0	6.21		FEW	BKN	FEW	1200.0	1800.0	2500.0					
467175	2018-04-02 00:00:00	1680.0	CSTTP	319	AIRBUS A319-111	NB	FNC	2018-04-02 07:45:00	2018-04-02 07:33:00	2018-04-02 07:41:00	LIS	2018-04-02 09:17:00	2018-04-02 09:20:00	2018-04-02 09:20:00	J	TP					15.0	320.0	4.0	6.21		FEW	M	M	1600.0								14.0	200.0	12.0	6.21		FEW	BKN	M	300.0	600.0						
467176	2018-04-02 00:00:00	558.0	CSTNK	320	AIRBUS A320-211	NB	LIS	2018-04-02 07:50:00	2018-04-02 08:32:00	2018-04-02 08:43:00	MUC	2018-04-02 11:11:00	2018-04-02 11:15:00	2018-04-02 10:50:00	J	TP	2018-04-02 08:59:59	5.0	89.0	0	13.0	170.0	10.0	1.86		FEW	BKN	M	200.0	400.0							11.0		5.0	6.21		FEW	SCT	M	4200.0	28000.0						
467177	2018-04-02 00:00:00	334.0	CSTTS	319	AIRBUS A319-111	NB	OPO	2018-04-02 07:55:00	2018-04-02 07:53:00	2018-04-02 08:11:00	LGW	2018-04-02 09:53:00	2018-04-02 10:00:00	2018-04-02 10:05:00	J	TP					11.0	170.0	12.0	3.73		SCT	BKN	BKN	600.0	1200.0	3000.0						10.0	170.0	7.0	6.21		NSC	M	M								
467178	2018-04-02 00:00:00	488.0	CSTPS	E90	EMBRAER 190	PGA	LIS	2018-04-02 07:55:00	2018-04-02 08:06:00	2018-04-02 08:16:00	NCE	2018-04-02 10:10:00	2018-04-02 10:13:00	2018-04-02 10:15:00	J	NI	2018-04-02 08:26:59	11.0	15.0	A	13.0	170.0	10.0	4.35		FEW	BKN	M	300.0	500.0							15.0	190.0	3.0	6.21		FEW	BKN	M	2600.0	23000.0						
467179	2018-04-02 00:00:00	1011.0	CSTTF	319	AIRBUS A319-111	NB	MAD	2018-04-02 07:55:00	2018-04-02 09:33:00	2018-04-02 09:49:00	LIS	2018-04-02 10:53:00	2018-04-02 10:56:00	2018-04-02 09:15:00	J	TP	2018-04-06 07:49:59	5.0	89.0	0	13.0	140.0	3.0	6.21		M	M	M									15.0	220.0	10.0	6.21		SCT	BKN	M	800.0	1200.0						
467180	2018-04-02 00:00:00	1033.0	CSTTO	319	AIRBUS A319-111	NB	BCN	2018-04-02 08:00:00	2018-04-02 08:11:00	2018-04-02 08:28:00	OPO	2018-04-02 10:00:00	2018-04-02 10:03:00	2018-04-02 09:50:00	J	TP	2018-04-02 08:43:37	11.0	93.0	Q	11.0	330.0	7.0	6.21		M	M	M									13.0	190.0	15.0	4.97		FEW	BKN	M	300.0	500.0						
467181	2018-04-02 00:00:00	1930.0	CSDJD	AT7	ATR 72	WI	LIS	2018-04-02 08:00:00	2018-04-02 08:06:00	2018-04-02 08:14:00	OPO	2018-04-02 09:04:00	2018-04-02 09:08:00	2018-04-02 09:00:00	J	WI	2018-04-02 08:52:59	6.0	89.0	0	13.0	170.0	10.0	4.35		FEW	BKN	M	300.0	500.0							12.0	190.0	11.0	1.86		BKN	M	M	500.0							
467182	2018-04-02 00:00:00	1040.0	CSTTZ	E95	EMBRAER 195	PGA	LIS	2018-04-02 08:05:00	2018-04-02 08:05:00	2018-04-02 08:34:00	BCN	2018-04-02 09:57:00	2018-04-02 10:02:00	2018-04-02 09:55:00	J	NI					13.0	170.0	10.0	4.35		FEW	BKN	M	300.0	500.0							16.0	100.0	2.0	6.21		M	M	M								
467183	2018-04-02 00:00:00	1016.0	CSTNY	320	AIRBUS A320-211	NB	LIS	2018-04-02 08:10:00	2018-04-02 08:18:00	2018-04-02 08:37:00	MAD	2018-04-02 09:27:00	2018-04-02 09:32:00	2018-04-02 09:25:00	J	TP	2018-04-02 08:41:59	8.0	15.0	D	13.0	170.0	10.0	1.86		FEW	BKN	M	200.0	400.0							13.0	140.0	3.0	6.21		M	M	M								
467184	2018-04-02 00:00:00	538.0	CSTNM	320	AIRBUS A320-211	NB	LIS	2018-04-02 08:15:00	2018-04-02 08:37:00	2018-04-02 08:50:00	TXL	2018-04-02 11:40:00	2018-04-02 11:45:00	2018-04-02 11:40:00	J	TP	2018-04-02 10:07:59	8.0	15.0	D	13.0	170.0	10.0	1.86		FEW	BKN	M	200.0	400.0							8.0	250.0	11.0	6.21		SCT	M	M	4000.0							
467185	2018-04-02 00:00:00	453.0	FHBAL	319	AIRBUS A319-111	NB	ORY	2018-04-02 08:20:00	2018-04-02 08:21:00	2018-04-02 08:28:00	OPO	2018-04-02 10:26:00	2018-04-02 10:29:00	2018-04-02 10:25:00	J	TP	2018-04-02 08:32:45	1.0	89.0	0	9.0	170.0	8.0	6.21		M	M	M									13.0	190.0	16.0	5.59		FEW	BKN	M	400.0	600.0						
467186	2018-04-02 00:00:00	1005.0	CSTPW	E90	EMBRAER 190	PGA	MAD	2018-04-02 08:20:00	2018-04-02 08:20:00	2018-04-02 08:37:00	OPO	2018-04-02 09:27:00	2018-04-02 09:31:00	2018-04-02 09:30:00	J	NI					11.0	70.0	2.0	6.21		M	M	M									12.0	190.0	11.0	3.11		SCT	BKN	M	300.0	500.0						
467187	2018-04-02 00:00:00	1553.0	CSTNR	320	AIRBUS A320-211	NB	LIS	2018-04-02 08:20:00	2018-04-02 08:34:00	2018-04-02 08:47:00	VXE	2018-04-02 12:24:00	2018-04-02 12:27:00	2018-04-02 12:40:00	J	TP	2018-04-02 09:02:59	4.0	89.0	0	13.0	170.0	10.0	1.86		FEW	BKN	M	200.0	400.0							24.0	60.0	21.0	4.97	31.0	FEW	M	M	2400.0							
467188	2018-04-02 00:00:00	1041.0	CSTTY	E95	EMBRAER 195	PGA	BCN	2018-04-02 08:25:00	2018-04-02 08:28:00	2018-04-02 08:44:00	LIS	2018-04-02 10:20:00	2018-04-02 10:25:00	2018-04-02 10:20:00	J	NI	2018-04-02 08:49:39	3.0	89.0	0	13.0	330.0	4.0	6.21		M	M	M									15.0	220.0	10.0	6.21		FEW	SCT	BKN	400.0	600.0	1800.0					
467189	2018-04-02 00:00:00	1907.0	CSTQD	320	AIRBUS A320-211	NB	LIS	2018-04-02 08:30:00	2018-04-02 09:45:00	2018-04-02 10:03:00	FAO	2018-04-02 10:32:00	2018-04-02 10:35:00	2018-04-02 09:15:00	J	TP	2018-04-02 10:03:59	75.0	95.0	0	14.0	200.0	12.0	6.21		FEW	BKN	M	300.0	600.0							16.0	190.0	5.0	6.21		FEW	SCT	BKN	1800.0	2500.0	3500.0					
467190	2018-04-02 00:00:00	1927.0	CSDJF	AT7	ATR 72	WI	OPO	2018-04-02 08:30:00	2018-04-02 08:54:00	2018-04-02 09:06:00	LIS	2018-04-02 09:51:00	2018-04-02 09:55:00	2018-04-02 09:30:00	J	WI	2018-04-02 09:08:42	3.0	89.0	0	12.0	190.0	11.0	1.86		BKN	M	M	500.0								14.0	200.0	11.0	4.97		FEW	BKN	M	300.0	500.0						
467191	2018-04-02 00:00:00	437.0	FHBIS	320	AIRBUS A320-211	NB	ORY	2018-04-02 08:45:00	2018-04-02 08:44:00	2018-04-02 08:54:00	LIS	2018-04-02 11:17:00	2018-04-02 11:20:00	2018-04-02 11:15:00	J	TP					9.0	170.0	8.0	6.21		M	M	M									16.0	220.0	10.0	6.21		FEW	FEW	M	1200.0	2500.0						
467192	2018-04-02 00:00:00	1107.0	CSDJA	AT7	ATR 72	WI	SVQ	2018-04-02 08:45:00	2018-04-02 08:57:00	2018-04-02 09:08:00	LIS	2018-04-02 10:02:00	2018-04-02 10:07:00	2018-04-02 09:55:00	J	WI	2018-04-02 09:15:42	12.0	93.0	R	16.0	190.0	3.0	6.21		M	M	M									14.0	200.0	11.0	4.97		FEW	BKN	M	300.0	500.0						
467193	2018-04-02 00:00:00	819.0	CSTTD	319	AIRBUS A319-111	NB	MXP	2018-04-02 08:50:00	2018-04-02 08:58:00	2018-04-02 09:05:00	OPO	2018-04-02 11:31:00	2018-04-02 11:35:00	2018-04-02 11:35:00	J	TP	2018-04-02 09:10:46	8.0	36.0	A	14.0		2.0	6.21		M	M	M									13.0	190.0	14.0	5.59		FEW	BKN	M	300.0	500.0						
467194	2018-04-02 00:00:00	938.0	CSTTG	319	AIRBUS A319-111	NB	OPO	2018-04-02 08:50:00	2018-04-02 08:48:00	2018-04-02 09:01:00	GVA	2018-04-02 10:46:00	2018-04-02 10:51:00	2018-04-02 10:55:00	J	TP					12.0	190.0	11.0	1.86		BKN	M	M	500.0								9.0		3.0	6.21		M	M	M								
467195	2018-04-02 00:00:00	440.0	CSTTE	319	AIRBUS A319-111	NB	LIS	2018-04-02 08:55:00	2018-04-02 09:05:00	2018-04-02 09:15:00	ORY	2018-04-02 11:16:00	2018-04-02 11:24:00	2018-04-02 11:20:00	J	TP	2018-04-02 09:18:59	10.0	89.0	0	14.0	190.0	9.0	6.21		FEW	BKN	M	200.0	400.0							13.0	180.0	10.0	6.21		NSC	M	M								
467196	2018-04-02 00:00:00	59.0	CSTOV	333	AIRBUS A330-300	WB	LIS	2018-04-02 09:00:00	2018-04-02 09:06:00	2018-04-02 09:21:00	BSB	2018-04-02 18:13:00	2018-04-02 18:21:00	2018-04-02 18:30:00	J	TP	2018-04-02 09:25:59	1.0	89.0	0	14.0	190.0	9.0	6.21		FEW	BKN	M	200.0	400.0							24.0	120.0	8.0	6.21		SCT	FEW	BKN	2300.0	3500.0	10000.0					
467197	2018-04-02 00:00:00	103.0	CSTOW	333	AIRBUS A330-300	WB	LIS	2018-04-02 09:00:00	2018-04-02 09:24:00	2018-04-02 09:42:00	CNF	2018-04-02 18:33:00	2018-04-02 18:39:00	2018-04-02 18:30:00	J	TP	2018-04-02 09:46:59	9.0	89.0	0	14.0	200.0	12.0	6.21		FEW	BKN	M	300.0	600.0							27.0	300.0	4.0	6.21		SCT	M	M	4000.0							
467198	2018-04-02 00:00:00	1085.0	CSDJC	AT7	ATR 72	WI	LCG	2018-04-02 09:00:00	2018-04-02 09:03:00	2018-04-02 09:10:00	LIS	2018-04-02 10:29:00	2018-04-02 10:34:00	2018-04-02 10:40:00	J	WI	2018-04-02 09:24:59	3.0	93.0	0	14.0	200.0	10.0	6.21		SCT	M	M	2800.0								15.0	220.0	10.0	6.21		FEW	SCT	BKN	400.0	600.0	1800.0					
467199	2018-04-02 00:00:00	1133.0	CSDJE	AT7	ATR 72	WI	AGP	2018-04-02 09:00:00	2018-04-02 09:12:00	2018-04-02 09:25:00	LIS	2018-04-02 10:57:00	2018-04-02 11:00:00	2018-04-02 10:40:00	J	WI	2018-04-02 09:35:44	12.0	93.0	0	14.0		2.0	6.21		M	M	M									15.0	220.0	10.0	6.21		SCT	BKN	M	800.0	1200.0						
467200	2018-04-02 00:00:00	1674.0	CSTNN	320	AIRBUS A320-211	NB	FNC	2018-04-02 09:00:00	2018-04-02 08:55:00	2018-04-02 09:03:00	LIS	2018-04-02 10:31:00	2018-04-02 10:35:00	2018-04-02 10:35:00	J	TP					18.0	140.0	3.0	6.21		FEW	M	M	1600.0								15.0	220.0	10.0	6.21		FEW	SCT	BKN	400.0	600.0	1800.0					
467201	2018-04-02 00:00:00	1944.0	CSDJB	AT7	ATR 72	WI	LIS	2018-04-02 09:00:00	2018-04-02 09:07:00	2018-04-02 09:18:00	OPO	2018-04-02 10:06:00	2018-04-02 10:09:00	2018-04-02 10:00:00	J	WI	2018-04-02 09:13:59	7.0	89.0	0	14.0	190.0	9.0	6.21		FEW	BKN	M	200.0	400.0							13.0	190.0	15.0	4.97		FEW	BKN	M	300.0	500.0						
467202	2018-04-02 00:00:00	366.0	CSTTN	319	AIRBUS A319-111	NB	LIS	2018-04-02 09:05:00	2018-04-02 09:14:00	2018-04-02 09:26:00	LHR	2018-04-02 11:51:00	2018-04-02 12:04:00	2018-04-02 11:45:00	J	TP	2018-04-02 09:27:59	9.0	93.0	O	14.0	190.0	9.0	6.21		FEW	BKN	M	200.0	400.0							9.0	150.0	10.0	6.21		SCT	SCT	BKN	1100.0	3000.0	4900.0					
467203	2018-04-02 00:00:00	841.0	CSTJF	321	AIRBUS A321-211	NB	FCO	2018-04-02 09:10:00	2018-04-02 09:58:00	2018-04-02 10:10:00	LIS	2018-04-02 13:02:00	2018-04-02 13:07:00	2018-04-02 12:15:00	J	TP	2018-04-03 08:26:59	10.0	16.0	0	15.0	170.0	11.0	6.21		SCT	M	M	3000.0								17.0	240.0	13.0	6.21		FEW	SCT	M	1600.0	2000.0						
467204	2018-04-02 00:00:00	923.0	CSTPO	E90	EMBRAER 190	PGA	ZRH	2018-04-02 09:15:00	2018-04-02 09:15:00	2018-04-02 09:23:00	OPO	2018-04-02 11:47:00	2018-04-02 11:50:00	2018-04-02 11:50:00	J	NI					7.0		2.0	6.21		M	M	M									14.0	190.0	15.0	6.21		BKN	BKN	M	500.0	1200.0						
467205	2018-04-02 00:00:00	491.0	CSTPP	E90	EMBRAER 190	PGA	TLS	2018-04-02 09:25:00	2018-04-02 09:35:00	2018-04-02 09:47:00	LIS	2018-04-02 11:28:00	2018-04-02 11:36:00	2018-04-02 11:25:00	J	NI	2018-04-02 10:03:47	5.0	89.0	0	12.0	140.0	16.0	6.21		FEW	SCT	M	1100.0	23000.0							16.0	220.0	10.0	6.21		FEW	FEW	M	1200.0	2500.0						
467206	2018-04-02 00:00:00	647.0	CSTJE	321	AIRBUS A321-211	NB	BRU	2018-04-02 09:30:00	2018-04-02 09:32:00	2018-04-02 09:43:00	LIS	2018-04-02 12:25:00	2018-04-02 12:29:00	2018-04-02 12:20:00	J	TP	2018-04-02 10:33:09	1.0	89.0	0	10.0	160.0	8.0	6.21		BKN	M	M	4500.0								17.0	230.0	14.0	6.21		FEW	SCT	FEW	1400.0	2000.0	2500.0					
467207	2018-04-02 00:00:00	1931.0	CSDJD	AT7	ATR 72	WI	OPO	2018-04-02 09:30:00	2018-04-02 09:45:00	2018-04-02 09:53:00	LIS	2018-04-02 10:45:00	2018-04-02 10:48:00	2018-04-02 10:30:00	J	WI	2018-04-02 09:57:51	7.0	71.0	0	12.0	190.0	11.0	3.11		SCT	BKN	M	300.0	500.0							15.0	220.0	10.0	6.21		SCT	BKN	M	800.0	1200.0						
467208	2018-04-02 00:00:00	223.0	CSTOX	333	AIRBUS A330-300	WB	LIS	2018-04-02 09:35:00	2018-04-02 09:43:00	2018-04-02 09:59:00	MIA	2018-04-02 19:12:00	2018-04-02 19:16:00	2018-04-02 18:30:00	J	TP	2018-04-02 10:05:59	3.0	89.0	0	14.0	200.0	12.0	6.21		FEW	BKN	M	300.0	600.0								110.0	11.0	10.0		SCT	M	M	3900.0							
467209	2018-04-02 00:00:00	339.0	LYPGC	737	BOEING 737 ALL SERIES		LGW	2018-04-02 09:35:00	2018-04-02 10:14:00	2018-04-02 10:33:00	LIS	2018-04-02 12:58:00	2018-04-02 13:03:00	2018-04-02 12:15:00	J	TP	2018-04-02 10:39:53	6.0	65.0	0	10.0	170.0	8.0	6.21		NSC	M	M									17.0	240.0	13.0	6.21		FEW	SCT	M	1600.0	2000.0						
467210	2018-04-02 00:00:00	581.0	CSTJH	321	AIRBUS A321-211	NB	FRA	2018-04-02 09:40:00	2018-04-02 09:40:00	2018-04-02 09:52:00	LIS	2018-04-02 12:52:00	2018-04-02 12:55:00	2018-04-02 12:50:00	J	TP					10.0		7.0	6.21		FEW	BKN	M	2800.0	30000.0							17.0	240.0	13.0	6.21		FEW	SCT	M	1600.0	2000.0						
467211	2018-04-02 00:00:00	1116.0	CSTPR	E90	EMBRAER 190	PGA	LIS	2018-04-02 09:40:00	2018-04-02 09:44:00	2018-04-02 09:55:00	LPA	2018-04-02 11:52:00	2018-04-02 11:56:00	2018-04-02 12:00:00	J	NI	2018-04-02 10:05:59	4.0	89.0	0	14.0	200.0	12.0	6.21		FEW	BKN	M	300.0	600.0							20.0	130.0	6.0	6.21		FEW	M	M	4000.0							
467212	2018-04-02 00:00:00	323.0	CSTTX	E95	EMBRAER 195	PGA	MAN	2018-04-02 09:45:00	2018-04-02 09:53:00	2018-04-02 10:09:00	LIS	2018-04-02 12:49:00	2018-04-02 12:55:00	2018-04-02 12:40:00	J	NI	2018-04-02 11:19:55	6.0	89.0	0	3.0	80.0	5.0	4.97		BKN	M	M	1800.0								17.0	240.0	13.0	6.21		FEW	SCT	M	1600.0	2000.0						
467213	2018-04-02 00:00:00	217.0	CSTOM	332	AIRBUS A330-200	WB	LIS	2018-04-02 09:55:00	2018-04-02 10:03:00	2018-04-02 10:18:00	BOS	2018-04-02 17:34:00	2018-04-02 17:43:00	2018-04-02 17:20:00	J	TP	2018-04-02 10:18:59	3.0	89.0	0	14.0	200.0	11.0	4.97		FEW	BKN	M	300.0	500.0								300.0	3.0	6.0		OVC	M	M	1200.0							
467214	2018-04-02 00:00:00	413.0	CSTPV	E90	EMBRAER 190	PGA	NTE	2018-04-02 09:55:00	2018-04-02 10:05:00	2018-04-02 10:13:00	LIS	2018-04-02 11:57:00	2018-04-02 12:03:00	2018-04-02 11:55:00	J	NI	2018-04-02 10:15:54	10.0	93.0	0	12.0	170.0	9.0	6.21		FEW	BKN	BKN	2700.0	6800.0	8600.0						17.0	230.0	13.0	6.21		FEW	SCT	M	1400.0	1800.0						
467215	2018-04-02 00:00:00	471.0	CSTPQ	E90	EMBRAER 190	PGA	LYS	2018-04-02 09:55:00	2018-04-02 09:53:00	2018-04-02 10:02:00	LIS	2018-04-02 12:14:00	2018-04-02 12:19:00	2018-04-02 12:25:00	J	NI					13.0	170.0	13.0	6.21		M	M	M									17.0	230.0	14.0	6.21		FEW	SCT	FEW	1400.0	2000.0	2500.0					
467216	2018-04-02 00:00:00	1038.0	CSTNQ	320	AIRBUS A320-211	NB	LIS	2018-04-02 09:55:00	2018-04-02 11:29:00	2018-04-02 11:41:00	BCN	2018-04-02 13:00:00	2018-04-02 13:09:00	2018-04-02 11:45:00	J	TP	2018-04-02 12:09:59	94.0	64.0	0	16.0	220.0	10.0	6.21		FEW	FEW	M	1200.0	2500.0							16.0	80.0	9.0	6.21		FEW	M	M	4000.0							
467217	2018-04-02 00:00:00	1312.0	CSTNH	320	AIRBUS A320-211	NB	LIS	2018-04-02 09:55:00	2018-04-02 09:55:00	2018-04-02 10:08:00	BUD	2018-04-02 13:11:00	2018-04-02 13:16:00	2018-04-02 13:25:00	J	TP					14.0	200.0	11.0	4.97		FEW	BKN	M	300.0	500.0							12.0	270.0	13.0	6.21		M	M	M								
467218	2018-04-02 00:00:00	403.0	CSTPT	E90	EMBRAER 190	PGA	MRS	2018-04-02 10:00:00	2018-04-02 10:21:00	2018-04-02 10:33:00	LIS	2018-04-02 12:44:00	2018-04-02 12:48:00	2018-04-02 12:20:00	J	NI	2018-04-03 08:30:59	21.0	93.0	0	17.0	140.0	14.0	6.21		M	M	M									17.0	240.0	13.0	6.21		FEW	SCT	M	1600.0	2000.0						
467219	2018-04-02 00:00:00	1097.0	CSDJH	AT7	ATR 72	WI	VLC	2018-04-02 10:00:00	2018-04-02 10:24:00	2018-04-02 10:37:00	LIS	2018-04-02 12:36:00	2018-04-02 12:39:00	2018-04-02 12:20:00	J	WI	2018-04-02 10:39:04	24.0	93.0	0	17.0	80.0	3.0	6.21		FEW	M	M	3500.0								17.0	230.0	14.0	6.21		FEW	SCT	FEW	1400.0	2000.0	2500.0					
467220	2018-04-02 00:00:00	1867.0	CSTTQ	319	AIRBUS A319-111	NB	LIS	2018-04-02 10:00:00	2018-04-02 10:08:00	2018-04-02 10:24:00	PDL	2018-04-02 12:46:00	2018-04-02 12:49:00	2018-04-02 12:25:00	J	TP	2018-04-02 10:34:59	8.0	31.0	B	14.0	200.0	11.0	4.97		FEW	BKN	M	300.0	500.0							16.0	280.0	16.0	6.21		FEW	M	M	2000.0							
467221	2018-04-02 00:00:00	1902.0	CSTQD	320	AIRBUS A320-211	NB	FAO	2018-04-02 10:00:00	2018-04-02 11:13:00	2018-04-02 11:21:00	LIS	2018-04-02 12:00:00	2018-04-02 12:06:00	2018-04-02 10:50:00	J	TP	2018-04-02 16:09:59	73.0	93.0	K	17.0	180.0	7.0	6.21		FEW	SCT	BKN	1500.0	3000.0	4000.0						17.0	230.0	13.0	6.21		FEW	SCT	M	1400.0	1800.0						
467222	2018-04-02 00:00:00	1934.0	CSDJF	AT7	ATR 72	WI	LIS	2018-04-02 10:00:00	2018-04-02 10:35:00	2018-04-02 10:52:00	OPO	2018-04-02 11:42:00	2018-04-02 11:45:00	2018-04-02 11:00:00	J	WI	2018-04-02 10:53:59	10.0	89.0	0	15.0	220.0	10.0	6.21		FEW	SCT	BKN	400.0	600.0	1800.0						13.0	190.0	14.0	5.59		FEW	BKN	M	300.0	500.0						
467223	2018-04-02 00:00:00	648.0	CSTTK	319	AIRBUS A319-111	NB	LIS	2018-04-02 10:05:00	2018-04-02 10:12:00	2018-04-02 10:26:00	BRU	2018-04-02 12:37:00	2018-04-02 12:42:00	2018-04-02 12:45:00	J	TP	2018-04-02 10:28:59	7.0	89.0	0	14.0	200.0	11.0	4.97		FEW	BKN	M	300.0	500.0							13.0	190.0	11.0	6.21		FEW	M	M	4500.0							
467224	2018-04-02 00:00:00	1019.0	CSTNY	320	AIRBUS A320-211	NB	MAD	2018-04-02 10:10:00	2018-04-02 10:32:00	2018-04-02 10:52:00	LIS	2018-04-02 11:53:00	2018-04-02 11:57:00	2018-04-02 11:30:00	J	TP	2018-04-02 11:03:57	15.0	89.0	0	15.0	160.0	7.0	6.21	17.0	M	M	M									17.0	230.0	13.0	6.21		FEW	SCT	M	1400.0	1800.0						
467225	2018-04-02 00:00:00	89.0	CSTOE	332	AIRBUS A330-200	WB	LIS	2018-04-02 10:15:00	2018-04-02 10:28:00	2018-04-02 10:46:00	GRU	2018-04-02 20:29:00	2018-04-02 20:38:00	2018-04-02 20:30:00	J	TP	2018-04-02 10:52:59	13.0	15.0	A	15.0	220.0	10.0	6.21		FEW	SCT	BKN	400.0	600.0	1800.0						24.0	330.0	5.0	6.21		M	M	M								
467226	2018-04-02 00:00:00	433.0	CSTNJ	320	AIRBUS A320-211	NB	ORY	2018-04-02 10:15:00	2018-04-02 10:36:00	2018-04-02 10:43:00	LIS	2018-04-02 13:00:00	2018-04-02 13:00:00	2018-04-02 12:45:00	J	TP	2018-04-02 10:47:51	1.0	89.0	0	13.0	160.0	8.0	6.21		M	M	M									17.0	240.0	13.0	6.21		FEW	SCT	M	1600.0	2000.0						
467227	2018-04-02 00:00:00	827.0	CSTJG	321	AIRBUS A321-211	NB	MXP	2018-04-02 10:15:00	2018-04-02 11:50:00	2018-04-02 12:07:00	LIS	2018-04-02 14:47:00	2018-04-02 14:52:00	2018-04-02 13:05:00	J	TP	2018-04-03 08:33:59	13.0	36.0	A	15.0	230.0	6.0	6.21		SCT	M	M	4000.0								16.0	220.0	11.0	6.21		FEW	BKN	FEW	1200.0	2000.0	2500.0					
467228	2018-04-02 00:00:00	363.0	CSTTI	319	AIRBUS A319-111	NB	LHR	2018-04-02 10:20:00	2018-04-02 10:37:00	2018-04-02 10:55:00	LIS	2018-04-02 13:19:00	2018-04-02 13:24:00	2018-04-02 13:05:00	J	TP	2018-04-02 11:05:02	17.0	87.0	0	10.0	170.0	12.0	6.21		FEW	SCT	M	3500.0	4200.0							16.0	230.0	14.0	6.21		SCT	SCT	FEW	1400.0	2200.0	2500.0					
467229	2018-04-02 00:00:00	872.0	CSTTP	319	AIRBUS A319-111	NB	LIS	2018-04-02 10:20:00	2018-04-02 10:25:00	2018-04-02 10:33:00	BLQ	2018-04-02 12:51:00	2018-04-02 12:59:00	2018-04-02 13:00:00	J	TP	2018-04-02 10:35:59	5.0	85.0	C	15.0	220.0	10.0	6.21		FEW	SCT	BKN	400.0	600.0	1800.0						18.0	30.0	8.0	6.21		M	M	M								
467230	2018-04-02 00:00:00	1935.0	CSDJB	AT7	ATR 72	WI	OPO	2018-04-02 10:30:00	2018-04-02 10:37:00	2018-04-02 10:45:00	LIS	2018-04-02 11:32:00	2018-04-02 11:37:00	2018-04-02 11:30:00	J	WI	2018-04-02 10:47:51	7.0	93.0	O	13.0	190.0	16.0	5.59		FEW	BKN	M	400.0	600.0							16.0	220.0	10.0	6.21		FEW	FEW	M	1200.0	2500.0						
467231	2018-04-02 00:00:00	686.0	CSTTO	319	AIRBUS A319-111	NB	OPO	2018-04-02 10:35:00	2018-04-02 10:45:00	2018-04-02 10:55:00	LUX	2018-04-02 12:50:00	2018-04-02 12:55:00	2018-04-02 12:55:00	J	TP	2018-04-03 08:33:59	10.0	93.0	0	13.0	190.0	16.0	5.59		FEW	BKN	M	400.0	600.0							11.0	170.0	10.0	6.21		SCT	M	M	6500.0							
467232	2018-04-02 00:00:00	951.0	CSTTB	319	AIRBUS A319-111	NB	GVA	2018-04-02 10:35:00	2018-04-02 11:01:00	2018-04-02 11:13:00	LIS	2018-04-02 13:33:00	2018-04-02 13:37:00	2018-04-02 13:10:00	J	TP	2018-04-02 11:15:01	17.0	85.0	C	9.0		3.0	6.21		M	M	M									16.0	230.0	14.0	6.21		SCT	SCT	FEW	1400.0	2200.0	2500.0					
467233	2018-04-02 00:00:00	1122.0	CSDJA	AT7	ATR 72	WI	LIS	2018-04-02 10:35:00	2018-04-02 10:55:00	2018-04-02 11:03:00	ALC	2018-04-02 12:54:00	2018-04-02 12:58:00	2018-04-02 12:50:00	J	WI	2018-04-02 11:07:59	8.0	89.0	0	15.0	220.0	10.0	6.21		SCT	BKN	M	800.0	1200.0							18.0	130.0	8.0	6.21		M	M	M								
467234	2018-04-02 00:00:00	1035.0	CSTTZ	E95	EMBRAER 195	PGA	BCN	2018-04-02 10:40:00	2018-04-02 10:50:00	2018-04-02 11:10:00	LIS	2018-04-02 12:55:00	2018-04-02 13:01:00	2018-04-02 12:40:00	J	NI	2018-04-02 11:33:00	3.0	89.0	0	17.0	110.0	2.0	6.21		M	M	M									17.0	240.0	13.0	6.21		FEW	SCT	M	1600.0	2000.0						
467235	2018-04-02 00:00:00	483.0	CSTPS	E90	EMBRAER 190	PGA	NCE	2018-04-02 10:55:00	2018-04-02 11:00:00	2018-04-02 11:12:00	LIS	2018-04-02 13:27:00	2018-04-02 13:32:00	2018-04-02 13:35:00	J	NI	2018-04-02 11:17:03	5.0	89.0	0	15.0	180.0	4.0	6.21		FEW	BKN	M	2600.0	23000.0							16.0	230.0	14.0	6.21		SCT	SCT	FEW	1400.0	2200.0	2500.0					
467236	2018-04-02 00:00:00	331.0	CSTTS	319	AIRBUS A319-111	NB	LGW	2018-04-02 11:00:00	2018-04-02 10:52:00	2018-04-02 11:07:00	OPO	2018-04-02 13:08:00	2018-04-02 13:10:00	2018-04-02 13:20:00	J	TP					9.0	170.0	6.0	6.21		BKN	M	M	2000.0								14.0	190.0	15.0	6.21		BKN	SCT	M	700.0	1100.0						
467237	2018-04-02 00:00:00	1901.0	CSTNX	320	AIRBUS A320-211	NB	LIS	2018-04-02 11:00:00	2018-04-02 11:06:00	2018-04-02 11:15:00	FAO	2018-04-02 11:46:00	2018-04-02 11:52:00	2018-04-02 11:45:00	J	TP	2018-04-02 11:33:59	6.0	85.0	C	15.0	220.0	10.0	6.21		SCT	BKN	M	800.0	1200.0							17.0	170.0	10.0	6.21		FEW	SCT	BKN	1200.0	2000.0	3500.0					
467238	2018-04-02 00:00:00	1936.0	CSDJD	AT7	ATR 72	WI	LIS	2018-04-02 11:00:00	2018-04-02 11:40:00	2018-04-02 11:47:00	OPO	2018-04-02 12:34:00	2018-04-02 12:38:00	2018-04-02 12:00:00	J	WI	2018-04-02 11:53:59	22.0	37.0	A	16.0	220.0	10.0	6.21		FEW	FEW	M	1200.0	2500.0							14.0	190.0	16.0	6.21		SCT	BKN	M	600.0	1100.0						
467239	2018-04-02 00:00:00	2926.0	CSTFM	772	BOEING 777-200		OSL	2018-04-02 11:00:00	2018-04-02 11:18:00	2018-04-02 11:32:00	CPH	2018-04-02 12:10:00	2018-04-02 12:15:00	2018-04-02 12:00:00	J	YU	2018-04-02 11:34:00	18.0	93.0	0	1.0	70.0	5.0	6.21		M	M	M									6.0	240.0	9.0	6.21		FEW	SCT	M	4000.0	25000.0						
467240	2018-04-02 00:00:00	541.0	CSTTW	E95	EMBRAER 195	PGA	DUS	2018-04-02 11:05:00	2018-04-02 11:13:00	2018-04-02 11:25:00	LIS	2018-04-02 14:17:00	2018-04-02 14:23:00	2018-04-02 14:10:00	J	NI	2018-04-03 08:34:59	8.0	87.0	0	11.0	150.0	14.0	6.21		FEW	BKN	BKN	2500.0	5800.0	7200.0						16.0	220.0	11.0	6.21		FEW	BKN	FEW	1200.0	2000.0	2500.0					
467241	2018-04-02 00:00:00	658.0	FHBAL	319	AIRBUS A319-111	NB	OPO	2018-04-02 11:15:00	2018-04-02 11:20:00	2018-04-02 11:35:00	AMS	2018-04-02 13:45:00	2018-04-02 13:53:00	2018-04-02 14:00:00	J	TP	2018-04-02 11:38:57	5.0	89.0	0	13.0	190.0	14.0	5.59		FEW	BKN	M	300.0	500.0							11.0	150.0	12.0	6.21		FEW	M	M	4500.0							
467242	2018-04-02 00:00:00	573.0	CSTNG	320	AIRBUS A320-211	NB	FRA	2018-04-02 11:20:00	2018-04-02 11:19:00	2018-04-02 11:26:00	LIS	2018-04-02 14:19:00	2018-04-02 14:25:00	2018-04-02 14:30:00	J	TP					12.0	160.0	10.0	6.21		FEW	BKN	M	4500.0	30000.0							16.0	220.0	11.0	6.21		FEW	BKN	FEW	1200.0	2000.0	2500.0					
467243	2018-04-02 00:00:00	1102.0	CSDJE	AT7	ATR 72	WI	LIS	2018-04-02 11:20:00	2018-04-02 11:40:00	2018-04-02 11:50:00	SVQ	2018-04-02 12:51:00	2018-04-02 12:56:00	2018-04-02 12:35:00	J	WI	2018-04-02 11:59:59	20.0	93.0	Q	16.0	220.0	10.0	6.21		FEW	FEW	M	1200.0	2500.0							20.0	230.0	12.0	6.21		SCT	M	M	3500.0							
467244	2018-04-02 00:00:00	1140.0	CSDJC	AT7	ATR 72	WI	LIS	2018-04-02 11:20:00	2018-04-02 11:20:00	2018-04-02 11:36:00	VGO	2018-04-02 12:37:00	2018-04-02 12:41:00	2018-04-02 12:40:00	J	WI					16.0	220.0	10.0	6.21		FEW	FEW	M	1200.0	2500.0							13.0	190.0	15.0	6.21	25.0	BKN	BKN	BKN	1900.0	2500.0	3300.0					
467245	2018-04-02 00:00:00	1271.0	CSTOI	332	AIRBUS A330-200	WB	VIE	2018-04-02 11:20:00	2018-04-02 12:36:00	2018-04-02 12:48:00	LIS	2018-04-02 16:02:00	2018-04-02 16:08:00	2018-04-02 14:55:00	J	TP	2018-04-02 12:55:09	8.0	89.0	0	13.0	300.0	15.0	6.21		FEW	M	M	4800.0								16.0	230.0	12.0	6.21		FEW	BKN	FEW	1200.0	2200.0	2500.0					
467246	2018-04-02 00:00:00	836.0	CSTNL	320	AIRBUS A320-211	NB	LIS	2018-04-02 11:25:00	2018-04-02 11:45:00	2018-04-02 11:55:00	FCO	2018-04-02 14:28:00	2018-04-02 14:36:00	2018-04-02 14:15:00	J	TP	2018-04-02 12:12:59	3.0	89.0	0	16.0	220.0	10.0	6.21		FEW	FEW	M	1200.0	2500.0							15.0	180.0	11.0	6.21		FEW	M	M	3000.0							
467247	2018-04-02 00:00:00	442.0	CSTTA	319	AIRBUS A319-111	NB	LIS	2018-04-02 11:30:00	2018-04-02 11:35:00	2018-04-02 11:44:00	ORY	2018-04-02 13:39:00	2018-04-02 13:45:00	2018-04-02 13:55:00	J	TP	2018-04-02 11:58:59	5.0	91.0	0	16.0	220.0	10.0	6.21		FEW	FEW	M	1200.0	2500.0							15.0	160.0	11.0	6.21		M	M	M								
467248	2018-04-02 00:00:00	1937.0	CSDJF	AT7	ATR 72	WI	OPO	2018-04-02 11:30:00	2018-04-02 12:15:00	2018-04-02 12:17:00	LIS	2018-04-02 13:13:00	2018-04-02 13:17:00	2018-04-02 12:30:00	J	WI	2018-04-02 12:54:05	45.0	93.0	0	14.0	190.0	15.0	6.21		BKN	BKN	M	500.0	1200.0							16.0	230.0	14.0	6.21		SCT	SCT	FEW	1400.0	2200.0	2500.0					
467249	2018-04-02 00:00:00	557.0	CSTNK	320	AIRBUS A320-211	NB	MUC	2018-04-02 11:35:00	2018-04-02 12:00:00	2018-04-02 12:14:00	LIS	2018-04-02 15:10:00	2018-04-02 15:13:00	2018-04-02 14:50:00	J	TP	2018-04-02 12:15:02	25.0	93.0	R	12.0	150.0	7.0	6.21		M	M	M									16.0	220.0	11.0	6.21		FEW	BKN	FEW	1200.0	2000.0	2500.0					
467250	2018-04-02 00:00:00	826.0	CSTTY	E95	EMBRAER 195	PGA	LIS	2018-04-02 11:35:00	2018-04-02 11:38:00	2018-04-02 11:59:00	MXP	2018-04-02 14:10:00	2018-04-02 14:16:00	2018-04-02 14:10:00	J	NI	2018-04-02 12:00:59	3.0	85.0	C	16.0	220.0	10.0	6.21		FEW	FEW	M	1200.0	2500.0							15.0	220.0	6.0	6.21		FEW	M	M	4000.0							
467251	2018-04-02 00:00:00	939.0	CSTTG	319	AIRBUS A319-111	NB	GVA	2018-04-02 11:40:00	2018-04-02 11:35:00	2018-04-02 11:46:00	OPO	2018-04-02 13:54:00	2018-04-02 13:59:00	2018-04-02 13:55:00	J	TP					9.0	70.0	4.0	6.21		M	M	M									15.0	190.0	15.0	6.21		BKN	OVC	M	800.0	1500.0						
467252	2018-04-02 00:00:00	201.0	CSTOO	332	AIRBUS A330-200	WB	LIS	2018-04-02 11:55:00	2018-04-02 12:05:00	2018-04-02 12:24:00	EWR	2018-04-02 19:57:00	2018-04-02 20:08:00	2018-04-02 19:50:00	J	TP	2018-04-02 12:42:59	10.0	89.0	0	17.0	230.0	13.0	6.21		FEW	SCT	M	1400.0	1800.0								0.0	0.0	10.0		BKN	BKN	M	2400.0	4500.0						
467253	2018-04-02 00:00:00	342.0	CSTNI	320	AIRBUS A320-211	NB	LIS	2018-04-02 11:55:00	2018-04-02 12:28:00	2018-04-02 12:41:00	LGW	2018-04-02 14:45:00	2018-04-02 14:53:00	2018-04-02 14:35:00	J	TP	2018-04-02 12:41:59	33.0	52.0	A	17.0	230.0	14.0	6.21		FEW	SCT	FEW	1400.0	2000.0	2500.0						9.0	180.0	6.0	6.21		BKN	BKN	M	700.0	1700.0						
467254	2018-04-02 00:00:00	1938.0	CSDJB	AT7	ATR 72	WI	LIS	2018-04-02 12:00:00	2018-04-02 12:15:00	2018-04-02 12:27:00	OPO	2018-04-02 13:15:00	2018-04-02 13:18:00	2018-04-02 13:00:00	J	WI	2018-04-02 12:30:59	8.0	89.0	0	17.0	230.0	13.0	6.21		FEW	SCT	M	1400.0	1800.0							14.0	190.0	15.0	6.21		BKN	BKN	M	700.0	1500.0						
467255	2018-04-02 00:00:00	73.0	CSTOH	332	AIRBUS A330-200	WB	LIS	2018-04-02 12:05:00	2018-04-02 12:21:00	2018-04-02 12:37:00	GIG	2018-04-02 22:01:00	2018-04-02 22:07:00	2018-04-02 22:00:00	J	TP	2018-04-02 12:38:59	16.0	89.0	0	17.0	230.0	14.0	6.21		FEW	SCT	FEW	1400.0	2000.0	2500.0						25.0	210.0	2.0	6.21		SCT	FEW	BKN	4000.0	5000.0	7000.0					
467256	2018-04-02 00:00:00	439.0	CSTTE	319	AIRBUS A319-111	NB	ORY	2018-04-02 12:10:00	2018-04-02 12:20:00	2018-04-02 12:30:00	LIS	2018-04-02 14:44:00	2018-04-02 14:48:00	2018-04-02 14:40:00	J	TP	2018-04-02 12:42:59	10.0	19.0	0	15.0	170.0	8.0	6.21		M	M	M									16.0	220.0	11.0	6.21		FEW	BKN	FEW	1200.0	2000.0	2500.0					
467257	2018-04-02 00:00:00	466.0	CSTPU	E90	EMBRAER 190	PGA	LIS	2018-04-02 12:10:00	2018-04-02 12:21:00	2018-04-02 12:30:00	BOD	2018-04-02 13:52:00	2018-04-02 13:55:00	2018-04-02 13:55:00	J	NI	2018-04-02 12:40:59	11.0	89.0	0	17.0	230.0	14.0	6.21		FEW	SCT	FEW	1400.0	2000.0	2500.0						21.0	160.0	8.0	6.21		M	M	M								
467258	2018-04-02 00:00:00	1028.0	CSTNY	320	AIRBUS A320-211	NB	LIS	2018-04-02 12:20:00	2018-04-02 12:53:00	2018-04-02 13:01:00	MAD	2018-04-02 13:54:00	2018-04-02 14:06:00	2018-04-02 13:35:00	J	TP	2018-04-02 13:19:59	11.0	19.0	B	17.0	240.0	13.0	6.21		FEW	SCT	M	1600.0	2000.0							18.0	170.0	11.0	6.21		M	M	M								
467259	2018-04-02 00:00:00	1861.0	CSTTD	319	AIRBUS A319-111	NB	OPO	2018-04-02 12:20:00	2018-04-02 12:28:00	2018-04-02 12:41:00	PDL	2018-04-02 15:01:00	2018-04-02 15:04:00	2018-04-02 14:45:00	J	TP	2018-04-02 12:51:00	3.0	89.0	0	14.0	190.0	16.0	6.21		SCT	BKN	M	600.0	1100.0							16.0	280.0	17.0	6.21		FEW	M	M	2500.0							
467260	2018-04-02 00:00:00	522.0	CSTPP	E90	EMBRAER 190	PGA	LIS	2018-04-02 12:25:00	2018-04-02 12:44:00	2018-04-02 12:57:00	LIS	2018-04-02 14:14:00	2018-04-02 14:19:00	2018-04-02 15:15:00	J	NI	2018-04-06 08:03:59	7.0	89.0	0	17.0	230.0	14.0	6.21		FEW	SCT	FEW	1400.0	2000.0	2500.0						16.0	220.0	11.0	6.21		FEW	BKN	FEW	1200.0	2000.0	2500.0					
467261	2018-04-02 00:00:00	533.0	CSTNM	320	AIRBUS A320-211	NB	TXL	2018-04-02 12:25:00	2018-04-02 12:43:00	2018-04-02 12:52:00	LIS	2018-04-02 16:16:00	2018-04-02 16:20:00	2018-04-02 16:00:00	J	TP	2018-04-02 12:59:02	6.0	89.0	0	10.0	250.0	11.0	6.21		SCT	M	M	4300.0								15.0	230.0	13.0	6.21		FEW	BKN	M	1000.0	2200.0						
467262	2018-04-02 00:00:00	926.0	CSTTU	319	AIRBUS A319-111	NB	LIS	2018-04-02 12:30:00	2018-04-02 12:34:00	2018-04-02 12:48:00	ZRH	2018-04-02 15:09:00	2018-04-02 15:13:00	2018-04-02 15:10:00	J	TP	2018-04-02 12:55:59	4.0	89.0	0	17.0	230.0	14.0	6.21		FEW	SCT	FEW	1400.0	2000.0	2500.0						14.0		3.0	6.21		FEW	BKN	M	6000.0	9000.0						
467263	2018-04-02 00:00:00	1039.0	CSTNQ	320	AIRBUS A320-211	NB	BCN	2018-04-02 12:30:00	2018-04-02 13:59:00	2018-04-02 14:08:00	LIS	2018-04-02 15:48:00	2018-04-02 15:53:00	2018-04-02 14:25:00	J	TP	2018-04-02 14:27:21	6.0	89.0	A	15.0	90.0	9.0	6.21		FEW	M	M	2500.0								16.0	230.0	12.0	6.21		FEW	BKN	FEW	1200.0	2200.0	2500.0					
467264	2018-04-02 00:00:00	1681.0	FHBIS	320	AIRBUS A320-211	NB	LIS	2018-04-02 12:30:00	2018-04-02 12:47:00	2018-04-02 12:59:00	FNC	2018-04-02 14:20:00	2018-04-02 14:23:00	2018-04-02 14:15:00	J	TP	2018-04-02 13:08:59	7.0	87.0	E	17.0	240.0	13.0	6.21		FEW	SCT	M	1600.0	2000.0							20.0		6.0	6.21		SCT	M	M	1600.0							
467265	2018-04-02 00:00:00	1906.0	CSTNX	320	AIRBUS A320-211	NB	FAO	2018-04-02 12:30:00	2018-04-02 12:22:00	2018-04-02 12:31:00	LIS	2018-04-02 13:17:00	2018-04-02 13:22:00	2018-04-02 13:15:00	J	TP					17.0	180.0	11.0	6.21		FEW	SCT	BKN	1200.0	2000.0	3500.0						16.0	230.0	14.0	6.21		SCT	SCT	FEW	1400.0	2200.0	2500.0					
467266	2018-04-02 00:00:00	1939.0	CSDJD	AT7	ATR 72	WI	OPO	2018-04-02 12:30:00	2018-04-02 13:12:00	2018-04-02 13:20:00	LIS	2018-04-02 14:03:00	2018-04-02 14:06:00	2018-04-02 13:30:00	J	WI	2018-04-02 13:25:06	4.0	89.0	0	14.0	190.0	15.0	6.21		BKN	SCT	M	700.0	1100.0							16.0	230.0	12.0	6.21		FEW	BKN	FEW	1000.0	2000.0	2500.0					
467267	2018-04-02 00:00:00	359.0	CSTTN	319	AIRBUS A319-111	NB	LHR	2018-04-02 12:45:00	2018-04-02 12:57:00	2018-04-02 13:07:00	LIS	2018-04-02 15:24:00	2018-04-02 15:27:00	2018-04-02 15:30:00	J	TP	2018-04-02 13:16:11	3.0	89.0	0	9.0	180.0	11.0	4.97		SCT	OVC	M	700.0	1100.0							16.0	220.0	11.0	6.21		FEW	BKN	FEW	1200.0	1800.0	2500.0					
467268	2018-04-02 00:00:00	402.0	CSTPV	E90	EMBRAER 190	PGA	LIS	2018-04-02 12:45:00	2018-04-02 12:53:00	2018-04-02 13:05:00	MRS	2018-04-02 14:54:00	2018-04-02 14:59:00	2018-04-02 15:00:00	J	NI	2018-04-02 13:12:59	8.0	85.0	C	17.0	240.0	13.0	6.21		FEW	SCT	M	1600.0	2000.0							15.0	140.0	16.0	6.21		M	M	M								
467269	2018-04-02 00:00:00	924.0	CSTPW	E90	EMBRAER 190	PGA	OPO	2018-04-02 12:45:00	2018-04-02 12:41:00	2018-04-02 12:57:00	ZRH	2018-04-02 15:07:00	2018-04-02 15:10:00	2018-04-02 15:15:00	J	NI					14.0	190.0	16.0	6.21		SCT	BKN	M	600.0	1100.0							14.0		3.0	6.21		FEW	BKN	M	6000.0	9000.0						
467270	2018-04-02 00:00:00	1119.0	CSTPR	E90	EMBRAER 190	PGA	LPA	2018-04-02 12:45:00	2018-04-02 12:46:00	2018-04-02 13:02:00	LIS	2018-04-02 15:04:00	2018-04-02 15:07:00	2018-04-02 15:00:00	J	NI	2018-04-04 16:28:59	1.0	89.0	0	20.0	130.0	6.0	6.21		SCT	M	M	3500.0								16.0	220.0	11.0	6.21		FEW	BKN	FEW	1200.0	2000.0	2500.0					
467271	2018-04-02 00:00:00	1428.0	CSDJF	AT7	ATR 72	WI	LIS	2018-04-02 13:00:00	2018-04-02 16:10:00	2018-04-02 16:30:00	FEZ	2018-04-02 18:05:00	2018-04-02 18:10:00	2018-04-02 14:55:00	J	WI	2018-04-02 16:29:59	20.0	89.0	0	16.0	230.0	12.0	6.21		FEW	BKN	FEW	1200.0	2200.0	2500.0						16.0	360.0	3.0	6.21		BKN	M	M	2600.0							
467272	2018-04-02 00:00:00	1946.0	CSDJH	AT7	ATR 72	WI	LIS	2018-04-02 13:00:00	2018-04-02 13:14:00	2018-04-02 13:29:00	OPO	2018-04-02 14:19:00	2018-04-02 14:22:00	2018-04-02 14:00:00	J	WI	2018-04-02 13:31:59	14.0	93.0	R	17.0	240.0	13.0	6.21		FEW	SCT	M	1600.0	2000.0							14.0	190.0	18.0	6.21		BKN	BKN	M	800.0	1400.0						
467273	2018-04-02 00:00:00	2926.0	CSTFM	772	BOEING 777-200		CPH	2018-04-02 13:00:00	2018-04-02 14:23:00	2018-04-02 14:34:00	LIS	2018-04-02 17:55:00	2018-04-02 18:00:00	2018-04-02 16:50:00	J	YU	2018-04-03 08:35:59	43.0	87.0	E	7.0	280.0	8.0	6.21		FEW	SCT	M	4300.0	25000.0							15.0	230.0	13.0	6.21		SCT	BKN	M	1000.0	1400.0						
467274	2018-04-02 00:00:00	1042.0	CSTNW	320	AIRBUS A320-211	NB	LIS	2018-04-02 13:05:00	2018-04-02 13:18:00	2018-04-02 13:32:00	BCN	2018-04-02 14:51:00	2018-04-02 14:58:00	2018-04-02 14:55:00	J	TP	2018-04-02 13:37:59	3.0	89.0	0	16.0	230.0	14.0	6.21		SCT	SCT	FEW	1400.0	2200.0	2500.0						15.0	80.0	11.0	6.21		FEW	M	M	3000.0							
467275	2018-04-02 00:00:00	484.0	CSTPQ	E90	EMBRAER 190	PGA	LIS	2018-04-02 13:10:00	2018-04-02 13:10:00	2018-04-02 13:24:00	NCE	2018-04-02 15:24:00	2018-04-02 15:27:00	2018-04-02 15:35:00	J	NI					17.0	240.0	13.0	6.21		FEW	SCT	M	1600.0	2000.0							14.0	130.0	7.0	6.21		FEW	BKN	M	2600.0	20000.0						
467276	2018-04-02 00:00:00	948.0	CSTJE	321	AIRBUS A321-211	NB	LIS	2018-04-02 13:10:00	2018-04-02 13:29:00	2018-04-02 13:36:00	GVA	2018-04-02 15:41:00	2018-04-02 15:44:00	2018-04-02 15:30:00	J	TP	2018-04-02 13:47:59	4.0	89.0	0	16.0	230.0	14.0	6.21		SCT	SCT	FEW	1400.0	2200.0	2500.0						11.0	80.0	3.0	6.21		FEW	SCT	OVC	9000.0	12000.0	22000.0					
467277	2018-04-02 00:00:00	1450.0	CSTOF	332	AIRBUS A330-200	WB	LIS	2018-04-02 13:10:00	2018-04-02 15:43:00	2018-04-02 16:05:00	RAK	2018-04-02 17:16:00	2018-04-02 17:23:00	2018-04-02 14:45:00	J	TP	2018-04-02 16:15:59	73.0	37.0	C	16.0	220.0	11.0	6.21		FEW	BKN	FEW	1200.0	1800.0	2500.0						21.0	280.0	6.0	6.21		SCT	M	M	2300.0							
467278	2018-04-02 00:00:00	1105.0	CSDJE	AT7	ATR 72	WI	SVQ	2018-04-02 13:15:00	2018-04-02 13:25:00	2018-04-02 13:41:00	LIS	2018-04-02 14:35:00	2018-04-02 14:39:00	2018-04-02 14:25:00	J	WI	2018-04-02 13:43:07	10.0	93.0	R	19.0	230.0	12.0	6.21		SCT	M	M	3500.0								16.0	220.0	11.0	6.21		FEW	BKN	FEW	1200.0	2000.0	2500.0					
467279	2018-04-02 00:00:00	1434.0	CSTPT	E90	EMBRAER 190	PGA	LIS	2018-04-02 13:15:00	2018-04-02 13:42:00	2018-04-02 13:54:00	CMN	2018-04-02 14:56:00	2018-04-02 15:01:00	2018-04-02 14:55:00	J	NI	2018-04-02 14:12:59	12.0	86.0	C	16.0	230.0	14.0	6.21		SCT	SCT	FEW	1400.0	2200.0	2500.0						21.0	300.0	6.0	6.21		BKN	M	M	1600.0							
467280	2018-04-02 00:00:00	1868.0	CSTTQ	319	AIRBUS A319-111	NB	PDL	2018-04-02 13:15:00	2018-04-02 13:40:00	2018-04-02 13:48:00	LIS	2018-04-02 15:40:00	2018-04-02 15:44:00	2018-04-02 15:30:00	J	TP	2018-04-02 14:03:18	6.0	16.0	H	16.0	290.0	19.0	6.21		FEW	M	M	2000.0								16.0	220.0	11.0	6.21		FEW	BKN	FEW	1200.0	1800.0	2500.0					
467281	2018-04-02 00:00:00	472.0	CSTTZ	E95	EMBRAER 195	PGA	LIS	2018-04-02 13:20:00	2018-04-02 13:48:00	2018-04-02 14:04:00	LYS	2018-04-02 15:55:00	2018-04-02 15:58:00	2018-04-02 15:35:00	J	NI	2018-04-02 14:37:59	7.0	66.0	B	16.0	230.0	12.0	6.21		FEW	BKN	FEW	1000.0	2000.0	2500.0						14.0	190.0	17.0	6.21		M	M	M								
467282	2018-04-02 00:00:00	586.0	CSTTW	E95	EMBRAER 195	PGA	LIS	2018-04-02 13:20:00	2018-04-02 15:36:00	2018-04-02 15:50:00	CGN	2018-04-02 18:10:00	2018-04-02 18:15:00	2018-04-02 16:10:00	J	NI	2018-04-02 15:54:59	41.0	32.0	A	16.0	220.0	11.0	6.21		FEW	BKN	FEW	1200.0	1800.0	2500.0						12.0	110.0	8.0	6.21		FEW	SCT	BKN	2900.0	4700.0	7000.0					
467283	2018-04-02 00:00:00	1141.0	CSDJC	AT7	ATR 72	WI	VGO	2018-04-02 13:20:00	2018-04-02 13:15:00	2018-04-02 13:22:00	LIS	2018-04-02 14:26:00	2018-04-02 14:31:00	2018-04-02 14:40:00	J	WI					13.0	190.0	14.0	6.21		SCT	BKN	BKN	2000.0	2500.0	4000.0						16.0	220.0	11.0	6.21		FEW	BKN	FEW	1200.0	2000.0	2500.0					
467284	2018-04-02 00:00:00	1274.0	CSTJH	321	AIRBUS A321-211	NB	LIS	2018-04-02 13:25:00	2018-04-02 14:07:00	2018-04-02 14:21:00	VIE	2018-04-02 17:06:00	2018-04-02 17:14:00	2018-04-02 16:45:00	J	TP	2018-04-02 14:26:59	12.0	65.0	0	16.0	230.0	12.0	6.21		FEW	BKN	FEW	1000.0	2000.0	2500.0						11.0	120.0	5.0	6.21		M	M	M								
467285	2018-04-02 00:00:00	643.0	CSTTK	319	AIRBUS A319-111	NB	BRU	2018-04-02 13:30:00	2018-04-02 13:31:00	2018-04-02 13:38:00	LIS	2018-04-02 16:12:00	2018-04-02 16:16:00	2018-04-02 16:20:00	J	TP	2018-04-04 16:24:59	1.0	89.0	0	13.0	170.0	11.0	6.21		FEW	M	M	4500.0								15.0	230.0	13.0	6.21		FEW	BKN	M	1000.0	2200.0						
467286	2018-04-02 00:00:00	1123.0	CSDJA	AT7	ATR 72	WI	ALC	2018-04-02 13:30:00	2018-04-02 13:38:00	2018-04-02 13:50:00	LIS	2018-04-02 15:55:00	2018-04-02 16:00:00	2018-04-02 16:00:00	J	WI	2018-04-02 13:56:08	8.0	93.0	0	18.0	110.0	8.0	6.21		M	M	M									16.0	230.0	12.0	6.21		FEW	BKN	FEW	1200.0	2200.0	2500.0					
467287	2018-04-02 00:00:00	1558.0	CSTNR	320	AIRBUS A320-211	NB	VXE	2018-04-02 13:30:00	2018-04-02 13:23:00	2018-04-02 13:29:00	LIS	2018-04-02 17:22:00	2018-04-02 17:25:00	2018-04-02 17:25:00	J	TP					24.0	60.0	22.0	5.59		FEW	M	M	2400.0								15.0	230.0	11.0	6.21		SCT	BKN	M	1000.0	1600.0						
467288	2018-04-02 00:00:00	1947.0	CSDJB	AT7	ATR 72	WI	OPO	2018-04-02 13:30:00	2018-04-02 13:51:00	2018-04-02 13:59:00	LIS	2018-04-02 14:43:00	2018-04-02 14:49:00	2018-04-02 14:30:00	J	WI	2018-04-02 14:10:21	3.0	89.0	0	15.0	190.0	15.0	6.21		BKN	OVC	M	800.0	1500.0							16.0	220.0	11.0	6.21		FEW	BKN	FEW	1200.0	2000.0	2500.0					
467289	2018-04-02 00:00:00	1300.0	LYPGC	737	BOEING 737 ALL SERIES		LIS	2018-04-02 13:35:00	2018-04-02 15:37:00	2018-04-02 15:59:00	PRG	2018-04-02 18:54:00	2018-04-02 19:04:00	2018-04-02 16:50:00	J	TP	2018-04-29 20:11:59	2.0	93.0	R	16.0	220.0	11.0	6.21		FEW	BKN	FEW	1200.0	1800.0	2500.0						7.0	140.0	4.0	6.21		M	M	M								
467290	2018-04-02 00:00:00	687.0	CSTTO	319	AIRBUS A319-111	NB	LUX	2018-04-02 13:40:00	2018-04-02 13:50:00	2018-04-02 14:04:00	OPO	2018-04-02 16:24:00	2018-04-02 16:30:00	2018-04-02 16:10:00	J	TP	2018-04-02 14:09:17	10.0	14.0	A	11.0	150.0	9.0	6.21		M	M	M									14.0	200.0	16.0	6.21		SCT	OVC	M	700.0	1400.0						
467291	2018-04-02 00:00:00	576.0	CSTQD	320	AIRBUS A320-211	NB	LIS	2018-04-02 13:45:00	2018-04-02 13:53:00	2018-04-02 14:06:00	FRA	2018-04-02 16:31:00	2018-04-02 16:40:00	2018-04-02 16:50:00	J	TP	2018-04-02 15:05:59	8.0	15.0	A	16.0	230.0	12.0	6.21		FEW	BKN	FEW	1000.0	2000.0	2500.0						14.0	180.0	6.0	6.21		M	M	M								
467292	2018-04-02 00:00:00	871.0	CSTTP	319	AIRBUS A319-111	NB	BLQ	2018-04-02 13:45:00	2018-04-02 13:40:00	2018-04-02 13:52:00	LIS	2018-04-02 16:39:00	2018-04-02 16:42:00	2018-04-02 16:45:00	J	TP					18.0	20.0	6.0	6.21		M	M	M									15.0	230.0	13.0	6.21		FEW	BKN	M	1000.0	2200.0						
467293	2018-04-02 00:00:00	432.0	CSTTI	319	AIRBUS A319-111	NB	LIS	2018-04-02 13:55:00	2018-04-02 14:22:00	2018-04-02 14:41:00	ORY	2018-04-02 16:41:00	2018-04-02 16:53:00	2018-04-02 16:20:00	J	TP	2018-04-02 14:52:59	4.0	89.0	0	16.0	220.0	11.0	6.21		FEW	BKN	FEW	1200.0	2000.0	2500.0						14.0	190.0	6.0	6.21		NSC	M	M								
467294	2018-04-02 00:00:00	554.0	CSTJF	321	AIRBUS A321-211	NB	LIS	2018-04-02 13:55:00	2018-04-02 14:15:00	2018-04-02 14:32:00	MUC	2018-04-02 17:11:00	2018-04-02 17:18:00	2018-04-02 16:55:00	J	TP	2018-04-02 14:33:59	5.0	89.0	0	16.0	230.0	12.0	6.21		FEW	BKN	FEW	1000.0	2000.0	2500.0						13.0	100.0	5.0	6.21		M	M	M								
467295	2018-04-02 00:00:00	662.0	CSTTC	319	AIRBUS A319-111	NB	LIS	2018-04-02 13:55:00	2018-04-02 14:31:00	2018-04-02 14:49:00	AMS	2018-04-02 17:19:00	2018-04-02 17:27:00	2018-04-02 16:50:00	J	TP	2018-04-02 15:23:59	36.0	15.0	A	16.0	220.0	11.0	6.21		FEW	BKN	FEW	1200.0	2000.0	2500.0						11.0	140.0	12.0	6.21		M	M	M								
467296	2018-04-02 00:00:00	1952.0	CSDJD	AT7	ATR 72	WI	LIS	2018-04-02 14:00:00	2018-04-02 14:47:00	2018-04-02 15:01:00	OPO	2018-04-02 15:47:00	2018-04-02 15:51:00	2018-04-02 15:00:00	J	WI	2018-04-02 15:00:59	11.0	89.0	0	16.0	220.0	11.0	6.21		FEW	BKN	FEW	1200.0	2000.0	2500.0						14.0	200.0	17.0	6.21		SCT	BKN	OVC	700.0	1300.0	2000.0					
467297	2018-04-02 00:00:00	356.0	CSTNX	320	AIRBUS A320-211	NB	LIS	2018-04-02 14:05:00	2018-04-02 14:15:00	2018-04-02 14:29:00	LHR	2018-04-02 16:37:00	2018-04-02 16:46:00	2018-04-02 16:45:00	J	TP	2018-04-02 14:35:59	3.0	89.0	0	16.0	230.0	12.0	6.21		FEW	BKN	FEW	1000.0	2000.0	2500.0						10.0	180.0	11.0	6.21		OVC	M	M	900.0							
467298	2018-04-02 00:00:00	1315.0	CSTNH	320	AIRBUS A320-211	NB	BUD	2018-04-02 14:10:00	2018-04-02 14:14:00	2018-04-02 14:25:00	LIS	2018-04-02 18:21:00	2018-04-02 18:25:00	2018-04-02 18:00:00	J	TP	2018-04-02 14:32:15	4.0	19.0	0	13.0	250.0	15.0	6.21		M	M	M									15.0	230.0	12.0	6.21		SCT	BKN	M	800.0	1400.0						
467299	2018-04-02 00:00:00	496.0	CSTPS	E90	EMBRAER 190	PGA	LIS	2018-04-02 14:15:00	2018-04-02 14:30:00	2018-04-02 14:44:00	TLS	2018-04-02 16:07:00	2018-04-02 16:12:00	2018-04-02 16:05:00	J	NI	2018-04-02 14:53:59	5.0	89.0	0	16.0	220.0	11.0	6.21		FEW	BKN	FEW	1200.0	2000.0	2500.0						15.0	130.0	14.0	6.21		FEW	BKN	BKN	800.0	16000.0	22000.0					
467300	2018-04-02 00:00:00	1027.0	CSTNY	320	AIRBUS A320-211	NB	MAD	2018-04-02 14:30:00	2018-04-02 14:46:00	2018-04-02 15:02:00	LIS	2018-04-02 15:57:00	2018-04-02 16:01:00	2018-04-02 15:50:00	J	TP	2018-04-02 15:04:11	16.0	93.0	0	20.0	190.0	13.0	6.21		FEW	M	M	6000.0								16.0	230.0	12.0	6.21		FEW	BKN	FEW	1200.0	2200.0	2500.0					
467301	2018-04-02 00:00:00	1949.0	CSDJH	AT7	ATR 72	WI	OPO	2018-04-02 14:30:00	2018-04-02 14:50:00	2018-04-02 14:59:00	LIS	2018-04-02 15:47:00	2018-04-02 15:50:00	2018-04-02 15:30:00	J	WI	2018-04-02 15:07:26	20.0	93.0	R	14.0	200.0	15.0	6.21		BKN	BKN	M	800.0	2200.0							16.0	230.0	12.0	6.21		FEW	BKN	FEW	1200.0	2200.0	2500.0					
467302	2018-04-02 00:00:00	467.0	CSTPU	E90	EMBRAER 190	PGA	BOD	2018-04-02 14:35:00	2018-04-02 14:30:00	2018-04-02 14:37:00	LIS	2018-04-02 16:15:00	2018-04-02 16:20:00	2018-04-02 16:30:00	J	NI					21.0	180.0	9.0	6.21		M	M	M									15.0	230.0	13.0	6.21		FEW	BKN	M	1000.0	2200.0						
467303	2018-04-02 00:00:00	842.0	CSTMW	320	AIRBUS A320-211	NB	LIS	2018-04-02 14:35:00	2018-04-02 14:48:00	2018-04-02 14:58:00	FCO	2018-04-02 17:25:00	2018-04-02 17:34:00	2018-04-02 17:25:00	J	TP	2018-04-02 15:01:59	13.0	15.0	A	16.0	220.0	11.0	6.21		FEW	BKN	FEW	1200.0	2000.0	2500.0						13.0	160.0	7.0	6.21		M	M	M								
467304	2018-04-02 00:00:00	862.0	CSTTB	319	AIRBUS A319-111	NB	LIS	2018-04-02 14:35:00	2018-04-02 14:46:00	2018-04-02 14:55:00	VCE	2018-04-02 17:22:00	2018-04-02 17:27:00	2018-04-02 17:25:00	J	TP	2018-04-02 14:58:59	6.0	89.0	0	16.0	220.0	11.0	6.21		FEW	BKN	FEW	1200.0	2000.0	2500.0						12.0	120.0	5.0	6.21		M	M	M								
467305	2018-04-02 00:00:00	441.0	CSTTA	319	AIRBUS A319-111	NB	ORY	2018-04-02 14:40:00	2018-04-02 14:47:00	2018-04-02 14:55:00	LIS	2018-04-02 17:11:00	2018-04-02 17:14:00	2018-04-02 17:10:00	J	TP	2018-04-04 16:21:59	7.0	81.0	0	15.0	200.0	8.0	6.21		M	M	M									15.0	230.0	12.0	6.21		SCT	BKN	M	1100.0	1800.0						
467306	2018-04-02 00:00:00	659.0	FHBAL	319	AIRBUS A319-111	NB	AMS	2018-04-02 14:45:00	2018-04-02 14:45:00	2018-04-02 14:58:00	OPO	2018-04-02 17:24:00	2018-04-02 17:27:00	2018-04-02 17:30:00	J	TP					11.0	150.0	16.0	6.21		FEW	M	M	4500.0								14.0	200.0	16.0	6.21		BKN	BKN	M	600.0	1400.0						
467307	2018-04-02 00:00:00	824.0	CSTJG	321	AIRBUS A321-211	NB	LIS	2018-04-02 14:50:00	2018-04-02 16:02:00	2018-04-02 16:21:00	MXP	2018-04-02 18:29:00	2018-04-02 18:38:00	2018-04-02 17:25:00	J	TP	2018-04-02 16:25:59	10.0	49.0	0	16.0	230.0	12.0	6.21		FEW	BKN	FEW	1200.0	2200.0	2500.0						12.0	200.0	5.0	6.21		M	M	M								
467308	2018-04-02 00:00:00	644.0	CSTNP	320	AIRBUS A320-211	NB	LIS	2018-04-02 14:55:00	2018-04-02 15:00:00	2018-04-02 15:15:00	BRU	2018-04-02 17:33:00	2018-04-02 17:38:00	2018-04-02 17:35:00	J	TP	2018-04-02 15:20:59	5.0	89.0	0	16.0	220.0	11.0	6.21		FEW	BKN	FEW	1200.0	2000.0	2500.0						12.0	170.0	11.0	6.21		NSC	M	M								
467309	2018-04-02 00:00:00	823.0	CSTTY	E95	EMBRAER 195	PGA	MXP	2018-04-02 15:00:00	2018-04-02 15:01:00	2018-04-02 15:14:00	LIS	2018-04-02 17:51:00	2018-04-02 17:55:00	2018-04-02 17:50:00	J	NI	2018-04-06 13:58:59	1.0	66.0	B	16.0	210.0	7.0	6.21		SCT	M	M	4000.0								15.0	230.0	13.0	6.21		SCT	BKN	M	1000.0	1400.0						
467310	2018-04-02 00:00:00	1676.0	FHBIS	320	AIRBUS A320-211	NB	FNC	2018-04-02 15:00:00	2018-04-02 15:25:00	2018-04-02 15:35:00	LIS	2018-04-02 16:52:00	2018-04-02 16:55:00	2018-04-02 16:35:00	J	TP	2018-04-03 02:53:59	17.0	89.0	0	19.0	210.0	5.0	6.21		SCT	M	M	1600.0								15.0	230.0	12.0	6.21		SCT	BKN	M	1100.0	1800.0						
467311	2018-04-02 00:00:00	1960.0	CSDJB	AT7	ATR 72	WI	LIS	2018-04-02 15:00:00	2018-04-02 15:27:00	2018-04-02 15:42:00	OPO	2018-04-02 16:28:00	2018-04-02 16:31:00	2018-04-02 16:00:00	J	WI	2018-04-02 15:42:59	8.0	89.0	0	16.0	220.0	11.0	6.21		FEW	BKN	FEW	1200.0	1800.0	2500.0						14.0	200.0	16.0	6.21		SCT	OVC	M	700.0	1400.0						
467312	2018-04-02 00:00:00	456.0	CSTTS	319	AIRBUS A319-111	NB	OPO	2018-04-02 15:05:00	2018-04-02 15:02:00	2018-04-02 15:18:00	ORY	2018-04-02 16:59:00	2018-04-02 17:17:00	2018-04-02 17:10:00	J	TP					14.0	200.0	15.0	6.21		BKN	BKN	M	800.0	2200.0							13.0	170.0	5.0	6.21		NSC	M	M								
467313	2018-04-02 00:00:00	833.0	CSTNL	320	AIRBUS A320-211	NB	FCO	2018-04-02 15:05:00	2018-04-02 15:47:00	2018-04-02 16:02:00	LIS	2018-04-02 18:50:00	2018-04-02 19:00:00	2018-04-02 18:10:00	J	TP	2018-04-03 08:49:59	7.0	89.0	0	14.0	190.0	10.0	6.21		FEW	M	M	3000.0								15.0	230.0	11.0	6.21		SCT	BKN	M	1000.0	1400.0						
467314	2018-04-02 00:00:00	1066.0	CSDJE	AT7	ATR 72	WI	LIS	2018-04-02 15:05:00	2018-04-02 15:20:00	2018-04-02 15:34:00	BIO	2018-04-02 17:11:00	2018-04-02 17:15:00	2018-04-02 17:10:00	J	WI	2018-04-02 15:41:59	15.0	93.0	R	16.0	220.0	11.0	6.21		FEW	BKN	FEW	1200.0	1800.0	2500.0						23.0	200.0	14.0	6.21	24.0	FEW	M	M	6500.0							
467315	2018-04-02 00:00:00	1687.0	CSTNT	320	AIRBUS A320-211	NB	LIS	2018-04-02 15:05:00	2018-04-02 15:24:00	2018-04-02 15:39:00	FNC	2018-04-02 17:06:00	2018-04-02 17:09:00	2018-04-02 16:50:00	J	TP	2018-04-02 15:40:59	19.0	89.0	0	16.0	220.0	11.0	6.21		FEW	BKN	FEW	1200.0	1800.0	2500.0						19.0	190.0	4.0	6.21		FEW	M	M	1600.0							
467316	2018-04-02 00:00:00	364.0	CSTNQ	320	AIRBUS A320-211	NB	LIS	2018-04-02 15:10:00	2018-04-02 16:52:00	2018-04-02 17:07:00	LHR	2018-04-02 19:13:00	2018-04-02 19:23:00	2018-04-02 17:50:00	J	TP	2018-04-02 17:11:59	14.0	89.0	0	15.0	230.0	12.0	6.21		SCT	BKN	M	1100.0	1800.0							10.0	190.0	8.0	6.21		SCT	M	M	1300.0							
467317	2018-04-02 00:00:00	942.0	CSTTG	319	AIRBUS A319-111	NB	OPO	2018-04-02 15:15:00	2018-04-02 15:12:00	2018-04-02 15:22:00	GVA	2018-04-02 17:08:00	2018-04-02 17:12:00	2018-04-02 17:20:00	J	TP					14.0	200.0	15.0	6.21		BKN	BKN	M	800.0	2200.0							10.0		2.0	6.21		M	M	M								
467318	2018-04-02 00:00:00	1024.0	CSTNG	320	AIRBUS A320-211	NB	LIS	2018-04-02 15:20:00	2018-04-02 15:19:00	2018-04-02 15:31:00	MAD	2018-04-02 16:26:00	2018-04-02 16:35:00	2018-04-02 16:35:00	J	TP					16.0	220.0	11.0	6.21		FEW	BKN	FEW	1200.0	1800.0	2500.0						20.0	200.0	17.0	6.21		FEW	M	M	7000.0							
467319	2018-04-02 00:00:00	1092.0	CSDJC	AT7	ATR 72	WI	LIS	2018-04-02 15:20:00	2018-04-02 15:16:00	2018-04-02 15:29:00	VLC	2018-04-02 17:05:00	2018-04-02 17:09:00	2018-04-02 17:25:00	J	WI					16.0	220.0	11.0	6.21		FEW	BKN	FEW	1200.0	1800.0	2500.0						15.0	90.0	5.0	6.21		M	M	M								
467320	2018-04-02 00:00:00	341.0	CSTNI	320	AIRBUS A320-211	NB	LGW	2018-04-02 15:25:00	2018-04-02 15:44:00	2018-04-02 15:51:00	LIS	2018-04-02 18:16:00	2018-04-02 18:19:00	2018-04-02 18:05:00	J	TP	2018-04-02 16:15:31	1.0	89.0	0	10.0	190.0	6.0	4.35		SCT	BKN	M	900.0	1200.0							15.0	230.0	12.0	6.21		SCT	BKN	M	800.0	1400.0						
467321	2018-04-02 00:00:00	1903.0	CSTTE	319	AIRBUS A319-111	NB	LIS	2018-04-02 15:25:00	2018-04-02 15:44:00	2018-04-02 16:00:00	FAO	2018-04-02 16:27:00	2018-04-02 16:31:00	2018-04-02 16:10:00	J	TP	2018-04-02 16:03:59	7.0	89.0	0	16.0	220.0	11.0	6.21		FEW	BKN	FEW	1200.0	1800.0	2500.0						16.0	250.0	9.0	6.21		SCT	M	M	1600.0							
467322	2018-04-02 00:00:00	1036.0	CSTNU	320	AIRBUS A320-211	NB	LIS	2018-04-02 15:30:00	2018-04-02 15:35:00	2018-04-02 15:54:00	BCN	2018-04-02 17:19:00	2018-04-02 17:25:00	2018-04-02 17:20:00	J	TP	2018-04-02 15:56:59	5.0	83.0	0	16.0	220.0	11.0	6.21		FEW	BKN	FEW	1200.0	1800.0	2500.0						14.0	70.0	10.0	6.21		SCT	M	M	1600.0							
467323	2018-04-02 00:00:00	1451.0	CSTOF	332	AIRBUS A330-200	WB	RAK	2018-04-02 15:30:00	2018-04-02 18:48:00	2018-04-02 19:01:00	LIS	2018-04-02 20:19:00	2018-04-02 20:22:00	2018-04-02 17:05:00	J	TP	2018-04-02 19:30:35	5.0	89.0	0	20.0	280.0	7.0	6.21		BKN	M	M	2300.0								14.0	230.0	13.0	6.21		SCT	BKN	M	900.0	1600.0						
467324	2018-04-02 00:00:00	1951.0	CSDJD	AT7	ATR 72	WI	OPO	2018-04-02 15:30:00	2018-04-02 16:20:00	2018-04-02 16:32:00	LIS	2018-04-02 17:20:00	2018-04-02 17:25:00	2018-04-02 16:30:00	J	WI	2018-04-02 16:34:30	50.0	93.0	M	14.0	200.0	16.0	6.21		SCT	OVC	M	700.0	1400.0							15.0	230.0	11.0	6.21		SCT	BKN	M	1000.0	1600.0						
467325	2018-04-02 00:00:00	1427.0	CSDJF	AT7	ATR 72	WI	FEZ	2018-04-02 15:35:00	2018-04-02 18:52:00	2018-04-02 19:06:00	LIS	2018-04-02 20:53:00	2018-04-02 20:58:00	2018-04-02 17:40:00	J	WI	2018-04-02 19:25:30	5.0	89.0	0	16.0	0.0	0.0	6.21		BKN	M	M	2600.0								14.0	230.0	11.0	6.21		SCT	BKN	M	900.0	1400.0						
467326	2018-04-02 00:00:00	1443.0	CSTPT	E90	EMBRAER 190	PGA	CMN	2018-04-02 15:35:00	2018-04-02 15:58:00	2018-04-02 16:05:00	LIS	2018-04-02 17:08:00	2018-04-02 17:12:00	2018-04-02 17:15:00	J	NI	2018-04-02 16:19:18	17.0	85.0	0	19.0	320.0	11.0	6.21		BKN	M	M	1600.0								15.0	230.0	12.0	6.21		SCT	BKN	M	1100.0	1800.0						
467327	2018-04-02 00:00:00	1866.0	CSTTD	319	AIRBUS A319-111	NB	PDL	2018-04-02 15:35:00	2018-04-02 15:51:00	2018-04-02 16:01:00	OPO	2018-04-02 17:55:00	2018-04-02 18:00:00	2018-04-02 17:50:00	J	TP	2018-04-02 16:11:24	2.0	15.0	A	16.0	290.0	21.0	6.21		FEW	M	M	2500.0								14.0	200.0	15.0	6.21		BKN	OVC	M	600.0	1300.0						
467328	2018-04-02 00:00:00	401.0	CSTPV	E90	EMBRAER 190	PGA	MRS	2018-04-02 15:40:00	2018-04-02 15:40:00	2018-04-02 15:55:00	LIS	2018-04-02 18:08:00	2018-04-02 18:13:00	2018-04-02 18:05:00	J	NI					15.0	130.0	16.0	6.21		M	M	M									15.0	230.0	13.0	6.21		SCT	BKN	M	1000.0	1400.0						
467329	2018-04-02 00:00:00	438.0	CSTNJ	320	AIRBUS A320-211	NB	LIS	2018-04-02 15:40:00	2018-04-02 15:55:00	2018-04-02 16:10:00	ORY	2018-04-02 18:06:00	2018-04-02 18:06:00	2018-04-02 18:05:00	J	TP	2018-04-02 16:15:59	15.0	89.0	0	16.0	230.0	12.0	6.21		FEW	BKN	FEW	1200.0	2200.0	2500.0						13.0	170.0	4.0	6.21		NSC	M	M								
467330	2018-04-02 00:00:00	1037.0	CSTNW	320	AIRBUS A320-211	NB	BCN	2018-04-02 15:40:00	2018-04-02 15:39:00	2018-04-02 15:49:00	LIS	2018-04-02 17:30:00	2018-04-02 17:35:00	2018-04-02 17:35:00	J	TP					15.0	70.0	8.0	6.21		FEW	M	M	3000.0								15.0	230.0	11.0	6.21		SCT	BKN	M	1000.0	1600.0						
467331	2018-04-02 00:00:00	1523.0	CSTNS	320	AIRBUS A320-211	NB	LIS	2018-04-02 15:40:00	2018-04-02 16:01:00	2018-04-02 16:19:00	LFW	2018-04-02 21:25:00	2018-04-02 21:30:00	2018-04-02 21:20:00	J	TP	2018-04-02 16:21:59	21.0	89.0	0	16.0	230.0	12.0	6.21		FEW	BKN	FEW	1200.0	2200.0	2500.0						29.0	220.0	11.0	4.35		FEW	M	M	1200.0							
467332	2018-04-02 00:00:00	22.0	CSTOU	333	AIRBUS A330-300	WB	LIS	2018-04-02 15:45:00	2018-04-02 16:11:00	2018-04-02 16:24:00	SSA	2018-04-03 00:26:00	2018-04-03 00:32:00	2018-04-03 00:20:00	J	TP	2018-04-02 16:50:59	26.0	89.0	0	16.0	230.0	12.0	6.21		FEW	BKN	FEW	1200.0	2200.0	2500.0						27.0	90.0	9.0	6.21		FEW	M	M	2000.0							
467333	2018-04-02 00:00:00	523.0	CSTPR	E90	EMBRAER 190	PGA	STR	2018-04-02 15:55:00	2018-04-02 20:08:00	2018-04-02 20:21:00	LIS	2018-04-02 23:04:00	2018-04-02 23:09:00	2018-04-02 19:05:00	J	NI	2018-04-03 08:50:59	4.0	89.0	0	12.0	130.0	3.0	6.21		M	M	M									14.0	230.0	8.0	6.21		FEW	BKN	M	800.0	1200.0						
467334	2018-04-02 00:00:00	921.0	CSTPW	E90	EMBRAER 190	PGA	ZRH	2018-04-02 16:00:00	2018-04-02 16:09:00	2018-04-02 16:19:00	OPO	2018-04-02 18:46:00	2018-04-02 18:49:00	2018-04-02 18:35:00	J	NI	2018-04-02 16:24:28	9.0	81.0	0	14.0		3.0	6.21		FEW	BKN	M	4500.0	9000.0							14.0	200.0	14.0	6.21		BKN	BKN	M	700.0	2000.0						
467335	2018-04-02 00:00:00	927.0	CSTTU	319	AIRBUS A319-111	NB	ZRH	2018-04-02 16:00:00	2018-04-02 16:10:00	2018-04-02 16:26:00	LIS	2018-04-02 18:57:00	2018-04-02 19:00:00	2018-04-02 18:50:00	J	TP	2018-04-02 16:33:28	10.0	81.0	0	14.0		3.0	6.21		FEW	BKN	M	4500.0	9000.0							15.0	230.0	11.0	6.21		SCT	BKN	M	1000.0	1400.0						
467336	2018-04-02 00:00:00	1962.0	CSDJH	AT7	ATR 72	WI	LIS	2018-04-02 16:00:00	2018-04-02 16:35:00	2018-04-02 16:53:00	OPO	2018-04-02 17:41:00	2018-04-02 17:45:00	2018-04-02 17:00:00	J	WI	2018-04-02 16:52:59	15.0	89.0	0	15.0	230.0	13.0	6.21		FEW	BKN	M	1000.0	2200.0							14.0	200.0	16.0	6.21		BKN	BKN	M	600.0	1400.0						
467337	2018-04-02 00:00:00	11.0	CSTOK	332	AIRBUS A330-200	WB	LIS	2018-04-02 16:05:00	2018-04-02 18:28:00	2018-04-02 18:52:00	REC	2018-04-03 01:57:00	2018-04-03 02:02:00	2018-04-02 23:45:00	J	TP	2018-04-02 19:04:59	143.0	64.0	0	15.0	230.0	12.0	6.21		SCT	BKN	M	800.0	1400.0							27.0	140.0	6.0	6.21		SCT	M	M	2000.0							
467338	2018-04-02 00:00:00	35.0	CSTOG	332	AIRBUS A330-200	WB	LIS	2018-04-02 16:05:00	2018-04-02 16:19:00	2018-04-02 16:38:00	FOR	2018-04-02 23:51:00	2018-04-02 23:59:00	2018-04-02 23:40:00	J	TP	2018-04-02 16:41:59	4.0	89.0	0	15.0	230.0	13.0	6.21		FEW	BKN	M	1000.0	2200.0							26.0	180.0	4.0	6.21		FEW	M	M	2000.0							
467339	2018-04-02 00:00:00	209.0	CSTOL	332	AIRBUS A330-200	WB	LIS	2018-04-02 16:10:00	2018-04-02 16:29:00	2018-04-02 16:41:00	JFK	2018-04-02 23:59:00	2018-04-03 00:08:00	2018-04-03 00:00:00	J	TP	2018-04-02 16:50:59	19.0	89.0	0	15.0	230.0	13.0	6.21		FEW	BKN	M	1000.0	2200.0								210.0	8.0	10.0		CLR	M	M								
467340	2018-04-02 00:00:00	477.0	CSTTZ	E95	EMBRAER 195	PGA	LYS	2018-04-02 16:15:00	2018-04-02 16:39:00	2018-04-02 16:52:00	LIS	2018-04-02 19:05:00	2018-04-02 19:14:00	2018-04-02 18:45:00	J	NI	2018-04-02 17:27:18	24.0	93.0	0	14.0	190.0	16.0	6.21	28.0	M	M	M									15.0	230.0	11.0	6.21		SCT	BKN	M	1000.0	1400.0						
467341	2018-04-02 00:00:00	487.0	CSTPQ	E90	EMBRAER 190	PGA	NCE	2018-04-02 16:15:00	2018-04-02 16:14:00	2018-04-02 16:26:00	LIS	2018-04-02 18:48:00	2018-04-02 18:53:00	2018-04-02 18:50:00	J	NI					15.0	120.0	8.0	6.21		SCT	BKN	M	1800.0	20000.0							15.0	230.0	11.0	6.21		SCT	BKN	M	1000.0	1400.0						
467342	2018-04-02 00:00:00	947.0	CSTJE	321	AIRBUS A321-211	NB	GVA	2018-04-02 16:20:00	2018-04-02 17:30:00	2018-04-02 17:42:00	LIS	2018-04-02 20:01:00	2018-04-02 20:06:00	2018-04-02 18:55:00	J	TP	2018-04-02 17:59:23	40.0	83.0	0	10.0		2.0	6.21		M	M	M									14.0	230.0	12.0	6.21		FEW	BKN	M	800.0	1400.0						
467343	2018-04-02 00:00:00	1689.0	CSTTR	319	AIRBUS A319-111	NB	LIS	2018-04-02 16:30:00	2018-04-02 16:47:00	2018-04-02 17:04:00	FNC	2018-04-02 18:25:00	2018-04-02 18:28:00	2018-04-02 18:15:00	J	TP	2018-04-02 17:06:59	10.0	89.0	0	15.0	230.0	12.0	6.21		SCT	BKN	M	1100.0	1800.0							18.0	210.0	3.0	6.21		SCT	M	M	1600.0							
467344	2018-04-02 00:00:00	1953.0	CSDJB	AT7	ATR 72	WI	OPO	2018-04-02 16:30:00	2018-04-02 17:01:00	2018-04-02 17:11:00	LIS	2018-04-02 17:58:00	2018-04-02 18:06:00	2018-04-02 17:30:00	J	WI	2018-04-02 17:12:30	31.0	93.0	M	14.0	190.0	16.0	6.21		BKN	BKN	M	700.0	1400.0							15.0	230.0	13.0	6.21		SCT	BKN	M	1000.0	1400.0						
467345	2018-04-02 00:00:00	1112.0	CSDJC	AT7	ATR 72	WI	LIS	2018-04-02 16:40:00	2018-04-02 20:59:00	2018-04-02 21:09:00	OVD	2018-04-02 22:35:00	2018-04-02 22:40:00	2018-04-02 18:30:00	J	WI	2018-04-02 21:11:59	3.0	89.0	0	14.0	230.0	11.0	6.21		SCT	BKN	M	900.0	1400.0							13.0	250.0	2.0	6.21		FEW	SCT	M	7000.0	7400.0						
467346	2018-04-02 00:00:00	493.0	CSTPS	E90	EMBRAER 190	PGA	TLS	2018-04-02 16:45:00	2018-04-02 16:53:00	2018-04-02 17:02:00	LIS	2018-04-02 18:39:00	2018-04-02 18:44:00	2018-04-02 18:45:00	J	NI	2018-04-02 17:18:24	5.0	16.0	H	15.0	130.0	18.0	6.21	28.0	M	M	M									15.0	230.0	12.0	6.21		SCT	BKN	M	800.0	1400.0						
467347	2018-04-02 00:00:00	589.0	CSTTW	E95	EMBRAER 195	PGA	CGN	2018-04-02 16:50:00	2018-04-02 18:56:00	2018-04-02 19:04:00	LIS	2018-04-02 22:01:00	2018-04-02 22:03:00	2018-04-02 20:00:00	J	NI	2018-04-02 19:11:41	126.0	93.0	0	12.0	110.0	7.0	6.21		NSC	M	M									14.0	240.0	11.0	6.21		FEW	BKN	M	800.0	1400.0						
467348	2018-04-02 00:00:00	816.0	CSTTO	319	AIRBUS A319-111	NB	OPO	2018-04-02 16:55:00	2018-04-02 17:25:00	2018-04-02 17:36:00	MXP	2018-04-02 19:33:00	2018-04-02 19:39:00	2018-04-02 19:30:00	J	TP	2018-04-02 17:48:25	4.0	89.0	0	14.0	200.0	16.0	6.21		BKN	BKN	M	600.0	1400.0							12.0	200.0	4.0	6.21		BKN	M	M	6000.0							
467349	2018-04-02 00:00:00	1904.0	CSTTE	319	AIRBUS A319-111	NB	FAO	2018-04-02 16:55:00	2018-04-02 17:04:00	2018-04-02 17:12:00	LIS	2018-04-02 17:45:00	2018-04-02 17:49:00	2018-04-02 17:40:00	J	TP	2018-04-02 17:30:24	9.0	93.0	0	16.0	240.0	8.0	6.21		SCT	M	M	1600.0								15.0	230.0	13.0	6.21		SCT	BKN	M	1000.0	1400.0						
467350	2018-04-02 00:00:00	566.0	CSTNM	320	AIRBUS A320-211	NB	LIS	2018-04-02 17:00:00	2018-04-02 17:12:00	2018-04-02 17:23:00	HAM	2018-04-02 20:04:00	2018-04-02 20:08:00	2018-04-02 20:15:00	J	TP	2018-04-02 17:36:59	2.0	89.0	0	15.0	230.0	12.0	6.21		SCT	BKN	M	1100.0	1800.0							7.0	110.0	10.0	6.21		M	M	M								
467351	2018-04-02 00:00:00	1964.0	CSDJD	AT7	ATR 72	WI	LIS	2018-04-02 17:00:00	2018-04-02 18:02:00	2018-04-02 18:18:00	OPO	2018-04-02 19:13:00	2018-04-02 19:17:00	2018-04-02 18:00:00	J	WI	2018-04-02 18:24:59	7.0	89.0	0	15.0	230.0	13.0	6.21		SCT	BKN	M	1000.0	1400.0							14.0	210.0	12.0	6.21		BKN	BKN	M	600.0	2200.0						
467352	2018-04-02 00:00:00	431.0	CSTTI	319	AIRBUS A319-111	NB	ORY	2018-04-02 17:05:00	2018-04-02 17:48:00	2018-04-02 17:56:00	LIS	2018-04-02 20:04:00	2018-04-02 20:07:00	2018-04-02 19:35:00	J	TP	2018-04-02 19:10:40	10.0	87.0	C	13.0	170.0	4.0	6.21		NSC	M	M									14.0	230.0	12.0	6.21		FEW	BKN	M	800.0	1400.0						
467353	2018-04-02 00:00:00	532.0	CSTNY	320	AIRBUS A320-211	NB	LIS	2018-04-02 17:05:00	2018-04-02 17:04:00	2018-04-02 17:17:00	TXL	2018-04-02 20:03:00	2018-04-02 20:07:00	2018-04-02 20:30:00	J	TP					15.0	230.0	12.0	6.21		SCT	BKN	M	1100.0	1800.0							8.0	130.0	8.0	6.21		M	M	M								
467354	2018-04-02 00:00:00	3.0	CSTOI	332	AIRBUS A330-200	WB	LIS	2018-04-02 17:10:00	2018-04-02 17:39:00	2018-04-02 17:53:00	NAT	2018-04-03 00:56:00	2018-04-03 01:03:00	2018-04-03 00:40:00	J	TP	2018-04-02 18:06:59	29.0	93.0	J	15.0	230.0	11.0	6.21		SCT	BKN	M	1000.0	1600.0							26.0			6.21		SCT	SCT	M	2000.0	10000.0						
467355	2018-04-02 00:00:00	338.0	CSTPO	E90	EMBRAER 190	PGA	OPO	2018-04-02 17:10:00	2018-04-02 17:09:00	2018-04-02 17:21:00	LGW	2018-04-02 19:10:00	2018-04-02 19:19:00	2018-04-02 19:25:00	J	NI					14.0	190.0	16.0	6.21		BKN	BKN	M	700.0	1400.0							10.0	240.0	5.0	3.73		BKN	M	M	300.0							
467356	2018-04-02 00:00:00	448.0	CSTTN	319	AIRBUS A319-111	NB	LIS	2018-04-02 17:10:00	2018-04-02 17:11:00	2018-04-02 17:27:00	ORY	2018-04-02 19:24:00	2018-04-02 19:29:00	2018-04-02 19:35:00	J	TP	2018-04-02 17:32:59	1.0	89.0	0	15.0	230.0	12.0	6.21		SCT	BKN	M	1100.0	1800.0							12.0	190.0	6.0	6.21		BKN	FEW	BKN	5800.0	6300.0	7000.0					
467357	2018-04-02 00:00:00	572.0	CSTTQ	319	AIRBUS A319-111	NB	LIS	2018-04-02 17:20:00	2018-04-02 17:26:00	2018-04-02 17:36:00	FRA	2018-04-02 19:53:00	2018-04-02 20:07:00	2018-04-02 20:20:00	J	TP	2018-04-02 17:55:59	6.0	68.0	A	15.0	230.0	11.0	6.21		SCT	BKN	M	1000.0	1600.0							12.0		2.0	6.21		M	M	M								
467358	2018-04-02 00:00:00	752.0	CSTTF	319	AIRBUS A319-111	NB	LIS	2018-04-02 17:20:00	2018-04-02 17:36:00	2018-04-02 17:49:00	CPH	2018-04-02 20:43:00	2018-04-02 20:48:00	2018-04-02 20:50:00	J	TP	2018-04-02 17:59:59	16.0	34.0	B	15.0	230.0	11.0	6.21		SCT	BKN	M	1000.0	1600.0							2.0	150.0	4.0	6.21		M	M	M								
467359	2018-04-02 00:00:00	1029.0	CSTNG	320	AIRBUS A320-211	NB	MAD	2018-04-02 17:20:00	2018-04-02 17:18:00	2018-04-02 17:29:00	LIS	2018-04-02 18:33:00	2018-04-02 18:37:00	2018-04-02 18:40:00	J	TP					19.0	220.0	17.0	6.21		FEW	M	M	7000.0								15.0	230.0	12.0	6.21		SCT	BKN	M	800.0	1400.0						
467360	2018-04-02 00:00:00	259.0	CSTOP	332	AIRBUS A330-200	WB	LIS	2018-04-02 17:25:00	2018-04-02 17:30:00	2018-04-02 17:44:00	YYZ	2018-04-03 01:21:00	2018-04-03 01:41:00	2018-04-03 01:35:00	J	TP	2018-04-02 17:58:59	5.0	85.0	0	15.0	230.0	11.0	6.21		SCT	BKN	M	1000.0	1600.0							4.0	320.0	4.0	15.0		OVC	M	M	17000.0							
467361	2018-04-02 00:00:00	1955.0	CSDJH	AT7	ATR 72	WI	OPO	2018-04-02 17:30:00	2018-04-02 18:08:00	2018-04-02 18:19:00	LIS	2018-04-02 19:02:00	2018-04-02 19:05:00	2018-04-02 18:30:00	J	WI	2018-04-02 20:52:51	38.0	93.0	R	14.0	200.0	15.0	6.21		BKN	OVC	M	600.0	1300.0							15.0	230.0	11.0	6.21		SCT	BKN	M	1000.0	1400.0						
467362	2018-04-02 00:00:00	579.0	CSTQD	320	AIRBUS A320-211	NB	FRA	2018-04-02 17:35:00	2018-04-02 17:40:00	2018-04-02 17:52:00	LIS	2018-04-02 20:39:00	2018-04-02 20:43:00	2018-04-02 20:45:00	J	TP	2018-04-03 02:54:59	5.0	89.0	0	13.0	130.0	3.0	6.21		FEW	BKN	M	4100.0	7000.0							14.0	230.0	13.0	6.21		SCT	BKN	M	900.0	1600.0						
467363	2018-04-02 00:00:00	668.0	CSTTK	319	AIRBUS A319-111	NB	LIS	2018-04-02 17:35:00	2018-04-02 17:35:00	2018-04-02 17:47:00	AMS	2018-04-02 20:13:00	2018-04-02 20:22:00	2018-04-02 20:30:00	J	TP					15.0	230.0	11.0	6.21		SCT	BKN	M	1000.0	1600.0							10.0	180.0	12.0	6.21		FEW	BKN	M	1800.0	3000.0						
467364	2018-04-02 00:00:00	1305.0	LYPGC	737	BOEING 737 ALL SERIES		PRG	2018-04-02 17:35:00	2018-04-02 20:02:00	2018-04-02 20:20:00	LIS	2018-04-02 23:57:00	2018-04-03 00:02:00	2018-04-02 21:05:00	J	TP	2018-04-02 20:22:46	6.0	15.0	D	6.0	130.0	4.0	6.21		M	M	M									14.0	220.0	13.0	6.21		SCT	BKN	M	600.0	1000.0						
467365	2018-04-02 00:00:00	1686.0	CSTNT	320	AIRBUS A320-211	NB	FNC	2018-04-02 17:35:00	2018-04-02 17:50:00	2018-04-02 17:57:00	LIS	2018-04-02 19:16:00	2018-04-02 19:20:00	2018-04-02 19:10:00	J	TP	2018-04-02 18:02:25	15.0	93.0	M	18.0	160.0	5.0	6.21		FEW	M	M	1600.0								14.0	230.0	13.0	6.21		FEW	BKN	M	800.0	1100.0						
467366	2018-04-02 00:00:00	551.0	CSTJF	321	AIRBUS A321-211	NB	MUC	2018-04-02 17:40:00	2018-04-02 18:14:00	2018-04-02 18:27:00	LIS	2018-04-02 21:36:00	2018-04-02 21:41:00	2018-04-02 20:55:00	J	TP	2018-04-02 18:28:35	6.0	85.0	C	11.0	100.0	5.0	6.21		M	M	M									14.0	230.0	11.0	6.21		FEW	BKN	M	1000.0	1400.0						
467367	2018-04-02 00:00:00	661.0	CSTTC	319	AIRBUS A319-111	NB	AMS	2018-04-02 17:40:00	2018-04-02 18:39:00	2018-04-02 18:56:00	LIS	2018-04-02 21:44:00	2018-04-02 21:48:00	2018-04-02 20:45:00	J	TP	2018-04-03 02:55:59	27.0	17.0	0	11.0	150.0	12.0	6.21		FEW	M	M	4500.0								14.0	240.0	11.0	6.21		FEW	BKN	M	800.0	1400.0						
467368	2018-04-02 00:00:00	369.0	CSTNX	320	AIRBUS A320-211	NB	LHR	2018-04-02 17:45:00	2018-04-02 17:49:00	2018-04-02 18:05:00	LIS	2018-04-02 20:22:00	2018-04-02 20:28:00	2018-04-02 20:25:00	J	TP	2018-04-02 18:33:38	4.0	85.0	C	10.0	190.0	11.0	6.21		OVC	M	M	900.0								14.0	230.0	13.0	6.21		SCT	BKN	M	900.0	1600.0						
467369	2018-04-02 00:00:00	1273.0	CSTJH	321	AIRBUS A321-211	NB	VIE	2018-04-02 17:45:00	2018-04-02 18:14:00	2018-04-02 18:25:00	LIS	2018-04-02 22:03:00	2018-04-02 22:10:00	2018-04-02 21:20:00	J	TP	2018-04-03 08:50:59	10.0	15.0	D	9.0	110.0	5.0	6.21		M	M	M									14.0	240.0	11.0	6.21		FEW	BKN	M	800.0	1400.0						
467370	2018-04-02 00:00:00	1067.0	CSDJE	AT7	ATR 72	WI	BIO	2018-04-02 17:50:00	2018-04-02 17:50:00	2018-04-02 18:00:00	LIS	2018-04-02 19:51:00	2018-04-02 19:56:00	2018-04-02 20:00:00	J	WI					22.0	230.0	8.0	6.21		FEW	M	M	6500.0								14.0	230.0	12.0	6.21		FEW	BKN	M	800.0	1400.0						
467371	2018-04-02 00:00:00	457.0	CSTTS	319	AIRBUS A319-111	NB	ORY	2018-04-02 17:55:00	2018-04-02 17:59:00	2018-04-02 18:05:00	OPO	2018-04-02 19:56:00	2018-04-02 19:59:00	2018-04-02 20:00:00	J	TP	2018-04-03 08:51:59	4.0	93.0	R	13.0	170.0	4.0	6.21		NSC	M	M									14.0	200.0	13.0	6.21		BKN	BKN	M	700.0	3000.0						
467372	2018-04-02 00:00:00	524.0	CSTPU	E90	EMBRAER 190	PGA	LIS	2018-04-02 18:00:00	2018-04-02 18:17:00	2018-04-02 18:31:00	STR	2018-04-02 20:51:00	2018-04-02 20:57:00	2018-04-02 20:50:00	J	NI	2018-04-02 18:32:59	17.0	81.0	0	15.0	230.0	12.0	6.21		SCT	BKN	M	800.0	1400.0							12.0	230.0	3.0	6.21		M	M	M								
467373	2018-04-02 00:00:00	928.0	CSTNN	320	AIRBUS A320-211	NB	LIS	2018-04-02 18:00:00	2018-04-02 18:05:00	2018-04-02 18:23:00	ZRH	2018-04-02 20:36:00	2018-04-02 20:40:00	2018-04-02 20:40:00	J	TP	2018-04-02 18:25:59	5.0	81.0	0	15.0	230.0	13.0	6.21		SCT	BKN	M	1000.0	1400.0							9.0		2.0	6.21		M	M	M								
467374	2018-04-02 00:00:00	1018.0	CSTPT	E90	EMBRAER 190	PGA	LIS	2018-04-02 18:00:00	2018-04-02 17:59:00	2018-04-02 18:15:00	MAD	2018-04-02 19:11:00	2018-04-02 19:21:00	2018-04-02 19:20:00	J	NI					15.0	230.0	13.0	6.21		SCT	BKN	M	1000.0	1400.0							17.0	220.0	10.0	6.21		SCT	M	M	8000.0							
467375	2018-04-02 00:00:00	1046.0	CSTTA	319	AIRBUS A319-111	NB	LIS	2018-04-02 18:00:00	2018-04-02 18:12:00	2018-04-02 18:26:00	BCN	2018-04-02 19:47:00	2018-04-02 19:53:00	2018-04-02 19:50:00	J	TP	2018-04-02 18:29:59	5.0	15.0	D	15.0	230.0	13.0	6.21		SCT	BKN	M	1000.0	1400.0							14.0	50.0	10.0	6.21		FEW	M	M	1600.0							
467376	2018-04-02 00:00:00	1966.0	CSDJB	AT7	ATR 72	WI	LIS	2018-04-02 18:00:00	2018-04-02 18:39:00	2018-04-02 18:57:00	OPO	2018-04-02 19:45:00	2018-04-02 19:47:00	2018-04-02 19:00:00	J	WI	2018-04-02 18:47:59	3.0	89.0	0	15.0	230.0	12.0	6.21		SCT	BKN	M	800.0	1400.0							14.0	200.0	13.0	6.21		BKN	BKN	M	700.0	3000.0						
467377	2018-04-02 00:00:00	358.0	CSTTP	319	AIRBUS A319-111	NB	LIS	2018-04-02 18:05:00	2018-04-02 18:16:00	2018-04-02 18:28:00	LHR	2018-04-02 20:37:00	2018-04-02 20:42:00	2018-04-02 20:45:00	J	TP	2018-04-02 18:31:59	6.0	89.0	0	15.0	230.0	12.0	6.21		SCT	BKN	M	800.0	1400.0							10.0	200.0	9.0	6.21		BKN	M	M	1000.0							
467378	2018-04-02 00:00:00	937.0	CSTTG	319	AIRBUS A319-111	NB	GVA	2018-04-02 18:05:00	2018-04-02 18:02:00	2018-04-02 18:12:00	OPO	2018-04-02 20:18:00	2018-04-02 20:21:00	2018-04-02 20:20:00	J	TP					9.0		3.0	6.21		M	M	M									14.0	200.0	13.0	6.21		BKN	M	M	800.0							
467379	2018-04-02 00:00:00	1045.0	CSTNU	320	AIRBUS A320-211	NB	BCN	2018-04-02 18:05:00	2018-04-02 18:17:00	2018-04-02 18:25:00	LIS	2018-04-02 19:59:00	2018-04-02 20:11:00	2018-04-02 20:00:00	J	TP	2018-04-04 16:27:59	7.0	89.0	A	14.0	70.0	11.0	6.21		SCT	M	M	1600.0								14.0	230.0	12.0	6.21		FEW	BKN	M	800.0	1400.0						
467380	2018-04-02 00:00:00	1093.0	CSDJC	AT7	ATR 72	WI	VLC	2018-04-02 18:05:00	2018-04-02 18:00:00	2018-04-02 18:11:00	LIS	2018-04-02 20:10:00	2018-04-02 20:16:00	2018-04-02 20:20:00	J	WI					15.0	90.0	5.0	6.21		M	M	M									14.0	230.0	13.0	6.21		SCT	BKN	M	900.0	1600.0						
467381	2018-04-02 00:00:00	861.0	CSTTB	319	AIRBUS A319-111	NB	VCE	2018-04-02 18:10:00	2018-04-02 18:13:00	2018-04-02 18:24:00	LIS	2018-04-02 21:33:00	2018-04-02 21:39:00	2018-04-02 21:20:00	J	TP	2018-04-02 18:41:33	3.0	19.0	A	12.0	150.0	9.0	6.21		M	M	M									14.0	230.0	11.0	6.21		FEW	BKN	M	1000.0	1400.0						
467382	2018-04-02 00:00:00	829.0	CSTJG	321	AIRBUS A321-211	NB	MXP	2018-04-02 18:15:00	2018-04-02 20:03:00	2018-04-02 20:25:00	LIS	2018-04-02 22:58:00	2018-04-02 23:04:00	2018-04-02 21:10:00	J	TP	2018-04-02 20:33:43	24.0	81.0	0	12.0	200.0	4.0	6.21		BKN	M	M	6000.0								14.0	230.0	8.0	6.21		FEW	BKN	M	800.0	1200.0						
467383	2018-04-02 00:00:00	843.0	CSTMW	320	AIRBUS A320-211	NB	FCO	2018-04-02 18:15:00	2018-04-02 18:35:00	2018-04-02 19:05:00	LIS	2018-04-02 21:56:00	2018-04-02 22:00:00	2018-04-02 21:20:00	J	TP	2018-04-03 08:52:59	11.0	89.0	0	13.0	150.0	5.0	6.21		M	M	M									14.0	240.0	11.0	6.21		FEW	BKN	M	800.0	1400.0						
467384	2018-04-02 00:00:00	1060.0	CSDJA	AT7	ATR 72	WI	LIS	2018-04-02 18:15:00	2018-04-02 18:30:00	2018-04-02 18:38:00	BIO	2018-04-02 20:13:00	2018-04-02 20:17:00	2018-04-02 20:15:00	J	WI	2018-04-02 18:41:59	10.0	89.0	0	15.0	230.0	12.0	6.21		SCT	BKN	M	800.0	1400.0							18.0		4.0	6.21	15.0	FEW	M	M	6500.0							
467385	2018-04-02 00:00:00	552.0	CSTTE	319	AIRBUS A319-111	NB	LIS	2018-04-02 18:25:00	2018-04-02 18:34:00	2018-04-02 18:46:00	MUC	2018-04-02 21:11:00	2018-04-02 21:15:00	2018-04-02 21:20:00	J	TP	2018-04-02 18:46:59	9.0	93.0	R	15.0	230.0	12.0	6.21		SCT	BKN	M	800.0	1400.0							8.0	110.0	3.0	6.21		M	M	M								
467386	2018-04-02 00:00:00	649.0	CSTNP	320	AIRBUS A320-211	NB	BRU	2018-04-02 18:25:00	2018-04-02 18:30:00	2018-04-02 18:39:00	LIS	2018-04-02 21:14:00	2018-04-02 21:18:00	2018-04-02 21:15:00	J	TP	2018-04-04 16:26:59	5.0	15.0	D	11.0	170.0	10.0	6.21		NSC	M	M									14.0	230.0	11.0	6.21		FEW	BKN	M	1000.0	1400.0						
467387	2018-04-02 00:00:00	1677.0	FHBIS	320	AIRBUS A320-211	NB	LIS	2018-04-02 18:25:00	2018-04-02 19:04:00	2018-04-02 19:14:00	FNC	2018-04-02 20:41:00	2018-04-02 20:43:00	2018-04-02 20:10:00	J	TP	2018-04-02 19:17:59	9.0	89.0	0	15.0	230.0	11.0	6.21		SCT	BKN	M	1000.0	1400.0							16.0	350.0	3.0	6.21		FEW	M	M	1600.0							
467388	2018-04-02 00:00:00	82.0	CSTOB	343	AIRBUS A340-312	WB	GRU	2018-04-02 18:30:00	2018-04-02 18:28:00	2018-04-02 18:50:00	LIS	2018-04-03 04:02:00	2018-04-03 04:07:00	2018-04-03 04:20:00	J	TP					25.0	240.0	6.0	6.21		BKN	M	M	3000.0								13.0	220.0	9.0	6.21		FEW	M	M	800.0							
467389	2018-04-02 00:00:00	1507.0	CSTNR	320	AIRBUS A320-211	NB	LIS	2018-04-02 18:30:00	2018-04-02 18:38:00	2018-04-02 19:03:00	ABJ	2018-04-02 23:44:00	2018-04-02 23:47:00	2018-04-02 23:50:00	J	TP	2018-04-02 19:12:59	8.0	89.0	0	15.0	230.0	12.0	6.21		SCT	BKN	M	800.0	1400.0							28.0	240.0	5.0	6.21		M	M	M								
467390	2018-04-02 00:00:00	1957.0	CSDJD	AT7	ATR 72	WI	OPO	2018-04-02 18:30:00	2018-04-02 19:55:00	2018-04-02 20:09:00	LIS	2018-04-02 20:51:00	2018-04-02 20:57:00	2018-04-02 19:30:00	J	WI	2018-04-02 20:10:41	8.0	89.0	0	14.0	200.0	13.0	6.21		BKN	BKN	M	700.0	3000.0							14.0	230.0	11.0	6.21		SCT	BKN	M	900.0	1400.0						
467391	2018-04-02 00:00:00	2543.0	CSTFM	772	BOEING 777-200		LIS	2018-04-02 18:30:00	2018-04-02 19:49:00	2018-04-02 20:03:00	GIG	2018-04-03 05:19:00	2018-04-03 05:25:00	2018-04-03 04:25:00	G	YU	2018-04-02 20:13:59	9.0	89.0	0	14.0	230.0	12.0	6.21		FEW	BKN	M	800.0	1400.0							25.0	270.0	6.0	6.21		SCT	BKN	M	700.0	5000.0						
467392	2018-04-02 00:00:00	1034.0	FHBAL	319	AIRBUS A319-111	NB	OPO	2018-04-02 18:35:00	2018-04-02 20:11:00	2018-04-02 20:21:00	BCN	2018-04-02 21:38:00	2018-04-02 21:46:00	2018-04-02 20:20:00	J	TP	2018-04-03 08:53:59	96.0	95.0	B	14.0	200.0	13.0	6.21		BKN	BKN	M	700.0	3000.0							14.0	60.0	10.0	6.21		BKN	M	M	1500.0							
467393	2018-04-02 00:00:00	446.0	CSTNW	320	AIRBUS A320-211	NB	LIS	2018-04-02 18:40:00	2018-04-02 18:54:00	2018-04-02 19:09:00	ORY	2018-04-02 21:06:00	2018-04-02 21:12:00	2018-04-02 21:05:00	J	TP	2018-04-02 19:12:59	14.0	85.0	E	15.0	230.0	11.0	6.21		SCT	BKN	M	1000.0	1400.0							13.0	190.0	6.0	6.21		M	M	M								
467394	2018-04-02 00:00:00	367.0	CSTNQ	320	AIRBUS A320-211	NB	LHR	2018-04-02 18:50:00	2018-04-02 20:11:00	2018-04-02 20:36:00	LIS	2018-04-02 22:52:00	2018-04-02 22:57:00	2018-04-02 21:30:00	J	TP	2018-04-02 20:41:37	81.0	93.0	0	10.0	200.0	10.0	6.21		SCT	M	M	1300.0								14.0	230.0	8.0	6.21		FEW	BKN	M	800.0	1200.0						
467395	2018-04-02 00:00:00	458.0	CSTTD	319	AIRBUS A319-111	NB	OPO	2018-04-02 18:50:00	2018-04-02 18:55:00	2018-04-02 19:08:00	ORY	2018-04-02 20:52:00	2018-04-02 20:58:00	2018-04-02 20:55:00	J	TP	2018-04-02 19:10:38	5.0	16.0	H	14.0	200.0	14.0	6.21		BKN	BKN	M	700.0	2000.0							13.0	190.0	6.0	6.21		M	M	M								
467396	2018-04-02 00:00:00	449.0	CSTNJ	320	AIRBUS A320-211	NB	ORY	2018-04-02 18:55:00	2018-04-02 18:58:00	2018-04-02 19:08:00	LIS	2018-04-02 21:22:00	2018-04-02 21:22:00	2018-04-02 21:20:00	J	TP	2018-04-02 19:13:31	3.0	93.0	0	12.0	180.0	3.0	6.21		NSC	M	M									14.0	230.0	11.0	6.21		FEW	BKN	M	1000.0	1400.0						
467397	2018-04-02 00:00:00	642.0	CSTNL	320	AIRBUS A320-211	NB	LIS	2018-04-02 18:55:00	2018-04-02 20:06:00	2018-04-02 20:17:00	BRU	2018-04-02 22:29:00	2018-04-02 22:35:00	2018-04-02 21:35:00	J	TP	2018-04-02 20:19:59	13.0	15.0	D	14.0	230.0	12.0	6.21		FEW	BKN	M	800.0	1400.0							10.0	200.0	11.0	6.21		FEW	SCT	M	2200.0	3600.0						
467398	2018-04-02 00:00:00	584.0	CSTTY	E95	EMBRAER 195	PGA	LIS	2018-04-02 19:00:00	2018-04-02 19:10:00	2018-04-02 19:23:00	CGN	2018-04-02 21:39:00	2018-04-02 21:46:00	2018-04-02 21:50:00	J	NI	2018-04-02 19:24:59	10.0	89.0	0	15.0	230.0	11.0	6.21		SCT	BKN	M	1000.0	1400.0							10.0	90.0	7.0	6.21		FEW	BKN	M	3000.0	6500.0						
467399	2018-04-02 00:00:00	1714.0	CSTTR	319	AIRBUS A319-111	NB	FNC	2018-04-02 19:00:00	2018-04-02 19:11:00	2018-04-02 19:17:00	OPO	2018-04-02 20:51:00	2018-04-02 20:54:00	2018-04-02 20:50:00	J	TP	2018-04-04 16:38:59	1.0	93.0	E	18.0	250.0	4.0	6.21		FEW	M	M	1600.0								14.0	200.0	13.0	6.21		BKN	OVC	M	700.0	1500.0						
467400	2018-04-02 00:00:00	1970.0	CSDJH	AT7	ATR 72	WI	LIS	2018-04-02 19:00:00	2018-04-02 19:35:00	2018-04-02 19:45:00	OPO	2018-04-02 20:38:00	2018-04-02 20:41:00	2018-04-02 20:00:00	J	WI	2018-04-02 19:35:59	35.0	93.0	R	14.0	230.0	13.0	6.21		FEW	BKN	M	800.0	1100.0							14.0	200.0	13.0	6.21		BKN	M	M	800.0							
467401	2018-04-02 00:00:00	1113.0	CSDJC	AT7	ATR 72	WI	OVD	2018-04-02 19:10:00	2018-04-02 23:09:00	2018-04-02 23:14:00	LIS	2018-04-03 00:46:00	2018-04-03 00:50:00	2018-04-02 20:55:00	J	WI	2018-04-02 23:23:59	239.0	93.0	Q	13.0		2.0	6.21		SCT	SCT	M	6500.0	7000.0							14.0	220.0	12.0	4.97		SCT	BKN	M	600.0	900.0						
467402	2018-04-02 00:00:00	1006.0	CSTPW	E90	EMBRAER 190	PGA	OPO	2018-04-02 19:15:00	2018-04-02 19:41:00	2018-04-02 19:59:00	MAD	2018-04-02 20:48:00	2018-04-02 20:57:00	2018-04-02 20:25:00	J	NI	2018-04-03 08:54:59	14.0	93.0	0	14.0	210.0	12.0	6.21		BKN	BKN	M	600.0	2200.0							13.0	250.0	9.0	6.21		FEW	BKN	BKN	5000.0	6000.0	7500.0					
467403	2018-04-02 00:00:00	362.0	CSTNH	320	AIRBUS A320-211	NB	LIS	2018-04-02 19:20:00	2018-04-02 19:37:00	2018-04-02 19:47:00	LHR	2018-04-02 21:48:00	2018-04-02 21:55:00	2018-04-02 21:55:00	J	TP	2018-04-02 20:00:59	17.0	95.0	A	14.0	230.0	13.0	6.21		FEW	BKN	M	800.0	1100.0							10.0	210.0	7.0	6.21		OVC	M	M	1000.0							
467404	2018-04-02 00:00:00	946.0	CSTNI	320	AIRBUS A320-211	NB	LIS	2018-04-02 19:25:00	2018-04-02 19:26:00	2018-04-02 19:35:00	GVA	2018-04-02 21:29:00	2018-04-02 21:32:00	2018-04-02 21:45:00	J	TP	2018-04-02 19:35:59	1.0	89.0	0	14.0	230.0	13.0	6.21		FEW	BKN	M	800.0	1100.0							9.0	230.0	5.0	6.21		M	M	M								
467405	2018-04-02 00:00:00	1959.0	CSDJB	AT7	ATR 72	WI	OPO	2018-04-02 19:30:00	2018-04-02 20:26:00	2018-04-02 20:39:00	LIS	2018-04-02 21:26:00	2018-04-02 21:30:00	2018-04-02 20:30:00	J	WI	2018-04-02 20:52:53	9.0	31.0	B	14.0	200.0	13.0	6.21		BKN	M	M	800.0								14.0	230.0	11.0	6.21		FEW	BKN	M	1000.0	1400.0						
467406	2018-04-02 00:00:00	1547.0	CSTNG	320	AIRBUS A320-211	NB	LIS	2018-04-02 19:45:00	2018-04-02 19:58:00	2018-04-02 20:11:00	SID	2018-04-02 23:52:00	2018-04-02 23:56:00	2018-04-02 23:55:00	J	TP	2018-04-02 20:14:59	13.0	64.0	0	14.0	230.0	12.0	6.21		FEW	BKN	M	800.0	1400.0							20.0	30.0	13.0	6.21		BKN	M	M	1400.0							
467407	2018-04-02 00:00:00	1485.0	CSTJE	321	AIRBUS A321-211	NB	LIS	2018-04-02 19:50:00	2018-04-02 21:09:00	2018-04-02 21:24:00	DSS	2018-04-03 00:59:00	2018-04-03 01:02:00	2018-04-02 23:50:00	J	TP	2018-04-02 21:32:59	18.0	34.0	A	14.0	230.0	11.0	6.21		SCT	BKN	M	900.0	1400.0							17.0	350.0	19.0	6.21		BKN	M	M	500.0							
467408	2018-04-02 00:00:00	828.0	CSTTU	319	AIRBUS A319-111	NB	LIS	2018-04-02 19:55:00	2018-04-02 19:53:00	2018-04-02 20:08:00	MXP	2018-04-02 22:20:00	2018-04-02 22:24:00	2018-04-02 22:30:00	J	TP					14.0	230.0	12.0	6.21		FEW	BKN	M	800.0	1400.0							9.0	80.0	2.0	6.21		FEW	M	M	6000.0							
467409	2018-04-02 00:00:00	58.0	CSTOV	333	AIRBUS A330-300	WB	BSB	2018-04-02 20:00:00	2018-04-02 19:54:00	2018-04-02 20:04:00	LIS	2018-04-03 04:34:00	2018-04-03 04:38:00	2018-04-03 05:00:00	J	TP					24.0	180.0	5.0	6.21		SCT	FEW	BKN	3500.0	4000.0	10000.0						13.0	220.0	10.0	6.21		SCT	M	M	900.0							
467410	2018-04-02 00:00:00	104.0	CSTOW	333	AIRBUS A330-300	WB	CNF	2018-04-02 20:00:00	2018-04-02 20:00:00	2018-04-02 20:14:00	LIS	2018-04-03 04:59:00	2018-04-03 05:05:00	2018-04-03 05:10:00	J	TP					26.0	330.0	5.0	6.21		FEW	M	M	4000.0								13.0	220.0	14.0	6.21		SCT	BKN	M	600.0	1000.0						
467411	2018-04-02 00:00:00	1533.0	CSTKR	763	BOEING 767-300/300ER		LIS	2018-04-02 20:00:00	2018-04-02 21:35:00	2018-04-02 21:56:00	RAI	2018-04-03 01:55:00	2018-04-03 02:00:00	2018-04-03 00:15:00	J	TP	2018-04-03 06:23:59	60.0	37.0	C	14.0	230.0	11.0	6.21		FEW	BKN	M	1000.0	1400.0							19.0	30.0	21.0	6.21		FEW	SCT	M	1600.0	20000.0						
467412	2018-04-02 00:00:00	494.0	CSTPP	E90	EMBRAER 190	PGA	LIS	2018-04-02 20:05:00	2018-04-03 00:06:00	2018-04-03 00:13:00	TLS	2018-04-03 01:37:00	2018-04-03 01:42:00	2018-04-02 21:55:00	J	NI	2018-04-04 16:22:59	21.0	34.0	A	14.0	220.0	13.0	6.21		SCT	BKN	M	600.0	1000.0							12.0	130.0	18.0	6.21		BKN	BKN	OVC	1900.0	16000.0	20000.0					
467413	2018-04-02 00:00:00	1021.0	CSTPT	E90	EMBRAER 190	PGA	MAD	2018-04-02 20:05:00	2018-04-02 20:02:00	2018-04-02 20:13:00	LIS	2018-04-02 21:09:00	2018-04-02 21:14:00	2018-04-02 21:25:00	J	NI					17.0	220.0	9.0	6.21		FEW	SCT	M	6500.0	8000.0							14.0	230.0	11.0	6.21		SCT	BKN	M	900.0	1400.0						
467414	2018-04-02 00:00:00	337.0	CSTPO	E90	EMBRAER 190	PGA	LGW	2018-04-02 20:10:00	2018-04-02 20:10:00	2018-04-02 20:22:00	OPO	2018-04-02 22:20:00	2018-04-02 22:23:00	2018-04-02 22:30:00	J	NI					10.0	200.0	7.0	6.21		BKN	M	M	600.0								13.0	200.0	14.0	6.21		BKN	BKN	M	600.0	1100.0						
467415	2018-04-02 00:00:00	1090.0	CSDJE	AT7	ATR 72	WI	LIS	2018-04-02 20:10:00	2018-04-02 20:32:00	2018-04-02 20:41:00	VLC	2018-04-02 22:16:00	2018-04-02 22:19:00	2018-04-02 22:15:00	J	WI	2018-04-02 20:42:59	22.0	93.0	R	14.0	230.0	13.0	6.21		SCT	BKN	M	900.0	1600.0							12.0		2.0	6.21		M	M	M								
467416	2018-04-02 00:00:00	224.0	CSTOX	333	AIRBUS A330-300	WB	MIA	2018-04-02 20:15:00	2018-04-02 20:50:00	2018-04-02 21:03:00	LIS	2018-04-03 04:20:00	2018-04-03 04:25:00	2018-04-03 04:20:00	J	TP	2018-04-02 21:10:50	4.0	89.0	0		110.0	9.0	10.0		SCT	M	M	3900.0								13.0	220.0	10.0	6.21		SCT	M	M	900.0							
467417	2018-04-02 00:00:00	1968.0	CSTPQ	E90	EMBRAER 190	PGA	LIS	2018-04-02 20:15:00	2018-04-02 20:12:00	2018-04-02 20:26:00	OPO	2018-04-02 21:02:00	2018-04-02 21:08:00	2018-04-02 21:10:00	J	NI					14.0	230.0	12.0	6.21		FEW	BKN	M	800.0	1400.0							14.0	200.0	13.0	6.21		BKN	OVC	M	700.0	1500.0						
467418	2018-04-02 00:00:00	817.0	CSTTO	319	AIRBUS A319-111	NB	MXP	2018-04-02 20:20:00	2018-04-02 20:20:00	2018-04-02 20:32:00	OPO	2018-04-02 22:54:00	2018-04-02 22:57:00	2018-04-02 23:05:00	J	TP					12.0		2.0	6.21		BKN	M	M	6000.0								13.0	200.0	15.0	6.21		BKN	BKN	M	600.0	1100.0						
467419	2018-04-02 00:00:00	1048.0	CSTTJ	319	AIRBUS A319-111	NB	LIS	2018-04-02 20:30:00	2018-04-02 20:43:00	2018-04-02 20:54:00	BCN	2018-04-02 22:21:00	2018-04-02 22:30:00	2018-04-02 22:20:00	J	TP	2018-04-02 21:09:59	13.0	15.0	A	14.0	230.0	13.0	6.21		SCT	BKN	M	900.0	1600.0							14.0	60.0	9.0	6.21		BKN	M	M	1500.0							
467420	2018-04-02 00:00:00	1971.0	CSDJH	AT7	ATR 72	WI	OPO	2018-04-02 20:30:00	2018-04-02 21:05:00	2018-04-02 21:16:00	LIS	2018-04-02 22:07:00	2018-04-02 22:12:00	2018-04-02 21:30:00	J	WI	2018-04-02 21:23:52	35.0	93.0	R	14.0	200.0	13.0	6.21		BKN	OVC	M	700.0	1500.0							14.0	240.0	11.0	6.21		FEW	BKN	M	800.0	1400.0						
467421	2018-04-02 00:00:00	1022.0	CSTTI	319	AIRBUS A319-111	NB	LIS	2018-04-02 20:35:00	2018-04-02 20:56:00	2018-04-02 21:06:00	MAD	2018-04-02 22:01:00	2018-04-02 22:13:00	2018-04-02 21:50:00	J	TP	2018-04-02 21:25:59	4.0	89.0	0	14.0	230.0	11.0	6.21		SCT	BKN	M	900.0	1400.0							13.0	230.0	8.0	6.21		FEW	SCT	BKN	4000.0	7000.0	8000.0					
467422	2018-04-02 00:00:00	1047.0	FHBAL	319	AIRBUS A319-111	NB	BCN	2018-04-02 20:35:00	2018-04-02 22:38:00	2018-04-02 22:44:00	LIS	2018-04-03 00:21:00	2018-04-03 00:23:00	2018-04-02 22:30:00	J	TP	2018-04-03 08:54:59	6.0	89.0	0	14.0	60.0	9.0	6.21		BKN	M	M	1500.0								14.0	230.0	12.0	6.21		SCT	BKN	M	600.0	1200.0						
467423	2018-04-02 00:00:00	478.0	CSTTZ	E95	EMBRAER 195	PGA	LIS	2018-04-02 20:40:00	2018-04-02 21:09:00	2018-04-02 21:21:00	LYS	2018-04-02 23:11:00	2018-04-02 23:15:00	2018-04-02 22:55:00	J	NI	2018-04-02 21:22:59	29.0	91.0	0	14.0	230.0	11.0	6.21		SCT	BKN	M	900.0	1400.0							13.0	160.0	8.0	6.21		M	M	M								
467424	2018-04-02 00:00:00	1136.0	CSDJD	AT7	ATR 72	WI	LIS	2018-04-02 20:40:00	2018-04-02 21:37:00	2018-04-02 21:58:00	AGP	2018-04-02 23:00:00	2018-04-02 23:04:00	2018-04-02 22:10:00	J	WI	2018-04-02 21:57:59	57.0	93.0	M	14.0	230.0	11.0	6.21		FEW	BKN	M	1000.0	1400.0							12.0	320.0	1.0	6.21		FEW	M	M	8000.0							
467425	2018-04-02 00:00:00	1691.0	CSTNT	320	AIRBUS A320-211	NB	LIS	2018-04-02 20:50:00	2018-04-02 21:03:00	2018-04-02 21:13:00	FNC	2018-04-02 22:37:00	2018-04-02 22:39:00	2018-04-02 22:35:00	J	TP	2018-04-02 21:17:59	13.0	15.0	A	14.0	230.0	11.0	6.21		SCT	BKN	M	900.0	1400.0							16.0	330.0	3.0	6.21		FEW	M	M	1600.0							
467426	2018-04-02 00:00:00	1713.0	CSTTS	319	AIRBUS A319-111	NB	OPO	2018-04-02 20:50:00	2018-04-02 20:59:00	2018-04-02 21:10:00	FNC	2018-04-02 22:51:00	2018-04-02 22:54:00	2018-04-02 22:50:00	J	TP	2018-04-02 21:17:58	9.0	95.0	B	14.0	200.0	13.0	6.21		BKN	OVC	M	700.0	1500.0							16.0	320.0	4.0	6.21		FEW	M	M	1600.0							
467427	2018-04-02 00:00:00	1688.0	FHBIS	320	AIRBUS A320-211	NB	FNC	2018-04-02 20:55:00	2018-04-02 21:27:00	2018-04-02 21:34:00	LIS	2018-04-02 22:55:00	2018-04-02 22:55:00	2018-04-02 22:30:00	J	TP	2018-04-02 21:35:48	9.0	93.0	N	16.0		2.0	6.21		FEW	M	M	1600.0								14.0	230.0	8.0	6.21		FEW	BKN	M	800.0	1200.0						
467428	2018-04-02 00:00:00	1009.0	CSTPW	E90	EMBRAER 190	PGA	MAD	2018-04-02 21:05:00	2018-04-02 21:30:00	2018-04-02 21:46:00	OPO	2018-04-02 22:38:00	2018-04-02 22:41:00	2018-04-02 22:20:00	J	NI	2018-04-02 22:01:53	25.0	93.0	0	13.0	240.0	7.0	6.21		FEW	SCT	BKN	5000.0	6000.0	7500.0						13.0	200.0	14.0	6.21		BKN	BKN	M	600.0	1100.0						
467429	2018-04-02 00:00:00	1031.0	CSTTA	319	AIRBUS A319-111	NB	BCN	2018-04-02 21:05:00	2018-04-02 22:32:00	2018-04-02 22:41:00	OPO	2018-04-03 00:09:00	2018-04-03 00:13:00	2018-04-02 22:55:00	J	TP	2018-04-02 22:50:56	87.0	67.0	0	14.0	60.0	9.0	6.21		BKN	M	M	1500.0								13.0	190.0	15.0	6.21		BKN	BKN	M	600.0	1100.0						
467430	2018-04-02 00:00:00	1104.0	CSDJF	AT7	ATR 72	WI	LIS	2018-04-02 21:05:00	2018-04-02 21:42:00	2018-04-02 22:03:00	SVQ	2018-04-02 22:47:00	2018-04-02 22:50:00	2018-04-02 22:15:00	J	WI	2018-04-02 21:57:59	6.0	89.0	0	14.0	230.0	11.0	6.21		FEW	BKN	M	1000.0	1400.0							15.0	200.0	5.0	6.21		SCT	SCT	BKN	800.0	1400.0	2200.0					
467431	2018-04-02 00:00:00	1432.0	CSDJB	AT7	ATR 72	WI	LIS	2018-04-02 21:10:00	2018-04-02 22:24:00	2018-04-02 22:32:00	TNG	2018-04-02 23:32:00	2018-04-02 23:37:00	2018-04-02 22:40:00	J	WI	2018-04-02 22:35:59	14.0	68.0	0	14.0	240.0	9.0	6.21		FEW	BKN	M	900.0	1400.0							15.0	200.0	6.0	4.97		FEW	M	M	1600.0							
467432	2018-04-02 00:00:00	1823.0	CSTNU	320	AIRBUS A320-211	NB	LIS	2018-04-02 21:10:00	2018-04-02 21:32:00	2018-04-02 21:42:00	TER	2018-04-03 00:10:00	2018-04-03 00:17:00	2018-04-02 23:40:00	J	TP	2018-04-02 21:45:59	22.0	91.0	0	14.0	230.0	11.0	6.21		FEW	BKN	M	1000.0	1400.0							14.0			6.21		SCT	M	M	2500.0							
467433	2018-04-02 00:00:00	1865.0	CSTQD	320	AIRBUS A320-211	NB	LIS	2018-04-02 21:30:00	2018-04-02 21:55:00	2018-04-02 22:04:00	PDL	2018-04-03 00:23:00	2018-04-03 00:26:00	2018-04-02 23:55:00	J	TP	2018-04-02 22:09:59	25.0	91.0	0	14.0	240.0	11.0	6.21		FEW	BKN	M	800.0	1400.0							15.0	290.0	19.0	6.21		FEW	SCT	M	1800.0	3500.0						
467434	2018-04-02 00:00:00	1958.0	CSTPS	E90	EMBRAER 190	PGA	LIS	2018-04-02 21:30:00	2018-04-02 23:05:00	2018-04-02 23:17:00	OPO	2018-04-02 23:52:00	2018-04-02 23:55:00	2018-04-02 22:25:00	J	NI	2018-04-02 23:40:59	5.0	89.0	0	14.0	230.0	8.0	6.21		FEW	BKN	M	800.0	1200.0							13.0	190.0	15.0	6.21		BKN	BKN	M	600.0	1100.0						
467435	2018-04-02 00:00:00	202.0	CSTOO	332	AIRBUS A330-200	WB	EWR	2018-04-02 21:45:00	2018-04-02 22:14:00	2018-04-02 22:37:00	LIS	2018-04-03 04:32:00	2018-04-03 04:36:00	2018-04-03 04:35:00	J	TP	2018-04-02 23:25:02	15.0	87.0	F		200.0	4.0	10.0		FEW	M	M	3500.0								13.0	220.0	10.0	6.21		SCT	M	M	900.0							
467436	2018-04-02 00:00:00	1909.0	CSTNP	320	AIRBUS A320-211	NB	LIS	2018-04-02 22:05:00	2018-04-02 22:01:00	2018-04-02 22:09:00	FAO	2018-04-02 22:37:00	2018-04-02 22:40:00	2018-04-02 22:50:00	J	TP					14.0	240.0	11.0	6.21		FEW	BKN	M	800.0	1400.0							15.0	230.0	6.0	6.21		SCT	M	M	1800.0							
467437	2018-04-02 00:00:00	1232.0	CSTNJ	320	AIRBUS A320-211	NB	LIS	2018-04-02 22:10:00	2018-04-02 22:20:00	2018-04-02 22:29:00	DME	2018-04-03 03:11:00	2018-04-03 03:14:00	2018-04-03 03:25:00	J	TP	2018-04-02 22:32:59	6.0	89.0	0	14.0	240.0	9.0	6.21		FEW	BKN	M	900.0	1400.0							1.0	210.0	5.83	4.35		OVC	M	M	400.0							
467438	2018-04-02 00:00:00	1523.0	CSTNS	320	AIRBUS A320-211	NB	LFW	2018-04-02 22:10:00	2018-04-02 22:00:00	2018-04-02 22:09:00	ACC	2018-04-02 22:31:00	2018-04-02 22:35:00	2018-04-02 22:55:00	J	TP					29.0	220.0	11.0	4.35		FEW	M	M	1200.0								29.0	220.0	13.0	6.21		OVC	M	M	1500.0							
467439	2018-04-02 00:00:00	1693.0	CSTNK	320	AIRBUS A320-211	NB	LIS	2018-04-02 22:10:00	2018-04-02 22:32:00	2018-04-02 22:49:00	FNC	2018-04-03 00:15:00	2018-04-03 00:24:00	2018-04-02 23:55:00	J	TP	2018-04-02 22:56:59	22.0	94.0	0	14.0	240.0	9.0	6.21		FEW	BKN	M	900.0	1400.0							16.0	320.0	5.0	6.21		FEW	M	M	1600.0							
467440	2018-04-02 00:00:00	1928.0	CSTJF	321	AIRBUS A321-211	NB	LIS	2018-04-02 22:15:00	2018-04-02 23:18:00	2018-04-02 23:27:00	OPO	2018-04-03 00:00:00	2018-04-03 00:03:00	2018-04-02 23:10:00	J	TP	2018-04-02 23:41:59	18.0	87.0	A	14.0	230.0	12.0	6.21		SCT	BKN	M	600.0	1000.0							13.0	190.0	15.0	6.21		BKN	BKN	M	600.0	1100.0						
467441	2018-04-02 00:00:00	87.0	CSTOA	343	AIRBUS A340-312	WB	LIS	2018-04-02 22:20:00	2018-04-02 22:36:00	2018-04-02 22:51:00	GRU	2018-04-03 08:28:00	2018-04-03 08:33:00	2018-04-03 08:20:00	J	TP	2018-04-02 22:55:59	16.0	91.0	0	14.0	240.0	9.0	6.21		FEW	BKN	M	900.0	1400.0							20.0	320.0	3.0	6.21		M	M	M								
467442	2018-04-02 00:00:00	75.0	CSTOQ	332	AIRBUS A330-200	WB	LIS	2018-04-02 22:25:00	2018-04-02 22:39:00	2018-04-02 22:57:00	GIG	2018-04-03 08:33:00	2018-04-03 08:37:00	2018-04-03 08:20:00	J	TP	2018-04-02 23:03:59	14.0	91.0	0	14.0	240.0	9.0	6.21		FEW	BKN	M	900.0	1400.0							24.0	170.0	2.0	4.35		FEW	BKN	M	700.0	10000.0						
467443	2018-04-02 00:00:00	792.0	CSTNX	320	AIRBUS A320-211	NB	LIS	2018-04-02 22:25:00	2018-04-02 22:26:00	2018-04-02 22:38:00	HEL	2018-04-03 02:42:00	2018-04-03 02:49:00	2018-04-03 03:00:00	J	TP	2018-04-02 22:44:59	1.0	89.0	0	14.0	240.0	9.0	6.21		FEW	BKN	M	900.0	1400.0							-3.0	280.0	9.0	6.21		FEW	M	M	1300.0							
467444	2018-04-02 00:00:00	289.0	CSTOC	343	AIRBUS A340-312	WB	LIS	2018-04-02 22:35:00	2018-04-02 22:49:00	2018-04-02 23:12:00	LAD	2018-04-03 06:31:00	2018-04-03 06:38:00	2018-04-03 06:05:00	J	TP	2018-04-02 23:36:59	14.0	91.0	0	14.0	230.0	8.0	6.21		FEW	BKN	M	800.0	1200.0							27.0	30.0	4.0	2.49		SCT	FEW	BKN	1800.0	2200.0	8000.0					
467445	2018-04-02 00:00:00	218.0	CSTOM	332	AIRBUS A330-200	WB	BOS	2018-04-02 22:40:00	2018-04-02 22:36:00	2018-04-02 23:00:00	LIS	2018-04-03 04:37:00	2018-04-03 04:41:00	2018-04-03 05:05:00	J	TP						270.0	4.0	10.0		FEW	M	M	3500.0								13.0	220.0	10.0	6.21		SCT	M	M	900.0							
467446	2018-04-02 00:00:00	2394.0	CSTMW	320	AIRBUS A320-211	NB	LIS	2018-04-02 22:50:00	2018-04-02 22:57:00	2018-04-02 23:10:00	OTP	2018-04-03 02:37:00	2018-04-03 02:43:00	2018-04-03 02:50:00	J	TP	2018-04-02 23:38:59	3.0	89.0	0	14.0	230.0	8.0	6.21		FEW	BKN	M	800.0	1200.0							2.0	0.0	0.0	6.21		M	M	M								
467447	2018-04-02 00:00:00	1523.0	CSTNS	320	AIRBUS A320-211	NB	ACC	2018-04-02 23:55:00	2018-04-02 23:40:00	2018-04-02 23:50:00	LIS	2018-04-03 05:10:00	2018-04-03 05:15:00	2018-04-03 05:20:00	J	TP					29.0	220.0	13.0	6.21		OVC	M	M	1500.0								13.0	220.0	14.0	6.21		SCT	BKN	M	600.0	1000.0						
467448	2018-04-03 00:00:00	88.0	CSTOE	332	AIRBUS A330-200	WB	GRU	2018-04-03 00:40:00	2018-04-03 00:46:00	2018-04-03 01:07:00	LIS	2018-04-03 10:15:00	2018-04-03 10:20:00	2018-04-03 10:30:00	J	TP	2018-04-03 01:13:00	6.0	16.0	C	22.0	0.0	0.0	6.21		M	M	M									15.0	210.0	19.0	6.21		FEW	SCT	M	1900.0	2300.0						
467449	2018-04-03 00:00:00	1484.0	CSTJE	321	AIRBUS A321-211	NB	DSS	2018-04-03 00:50:00	2018-04-03 02:08:00	2018-04-03 02:20:00	LIS	2018-04-03 06:02:00	2018-04-03 06:07:00	2018-04-03 04:45:00	J	TP	2018-04-03 02:26:11	4.0	85.0	0	17.0	360.0	17.0	6.21		FEW	M	M	500.0								13.0	220.0	13.0	6.21		FEW	SCT	M	800.0	1200.0						
467450	2018-04-03 00:00:00	1508.0	CSTNR	320	AIRBUS A320-211	NB	ABJ	2018-04-03 00:50:00	2018-04-03 01:12:00	2018-04-03 01:22:00	LIS	2018-04-03 06:39:00	2018-04-03 06:42:00	2018-04-03 06:00:00	J	TP	2018-04-10 14:56:59	6.0	93.0	N	28.0	240.0	4.0	6.21		FEW	M	M	1200.0								13.0	220.0	12.0	6.21		FEW	BKN	M	900.0	1200.0						
467451	2018-04-03 00:00:00	1538.0	CSTNG	320	AIRBUS A320-211	NB	SID	2018-04-03 00:55:00	2018-04-03 00:51:00	2018-04-03 00:58:00	LIS	2018-04-03 04:25:00	2018-04-03 04:28:00	2018-04-03 04:35:00	J	TP					20.0	40.0	12.0	6.21		BKN	M	M	1400.0								13.0	220.0	10.0	6.21		SCT	M	M	900.0							
467452	2018-04-03 00:00:00	1532.0	CSTKR	763	BOEING 767-300/300ER		RAI	2018-04-03 01:05:00	2018-04-03 03:21:00	2018-04-03 03:34:00	LIS	2018-04-03 07:19:00	2018-04-03 07:24:00	2018-04-03 05:05:00	J	TP	2018-04-03 04:19:03	21.0	15.0	C	20.0	30.0	14.0	6.21		FEW	M	M	1800.0								13.0	230.0	10.0	6.21		FEW	BKN	FEW	1200.0	3500.0	3700.0					
467453	2018-04-03 00:00:00	36.0	CSTOG	332	AIRBUS A330-200	WB	FOR	2018-04-03 02:05:00	2018-04-03 01:50:00	2018-04-03 02:02:00	LIS	2018-04-03 08:39:00	2018-04-03 08:40:00	2018-04-03 09:10:00	J	TP					26.0	180.0	4.0	6.21		FEW	SCT	M	2000.0	10000.0							14.0	230.0	11.0	6.21		SCT	M	M	1200.0							
467454	2018-04-03 00:00:00	12.0	CSTOK	332	AIRBUS A330-200	WB	REC	2018-04-03 02:10:00	2018-04-03 03:19:00	2018-04-03 03:30:00	LIS	2018-04-03 10:27:00	2018-04-03 10:30:00	2018-04-03 09:35:00	J	TP	2018-04-03 03:50:04	69.0	93.0	J	27.0	120.0	5.0	6.21		SCT	M	M	2000.0								15.0	210.0	19.0	6.21		FEW	SCT	M	1900.0	2300.0						
467455	2018-04-03 00:00:00	78.0	CSTOH	332	AIRBUS A330-200	WB	GIG	2018-04-03 02:10:00	2018-04-03 02:16:00	2018-04-03 02:37:00	OPO	2018-04-03 11:55:00	2018-04-03 12:00:00	2018-04-03 12:05:00	J	TP	2018-04-03 02:51:15	6.0	89.0	0	25.0	320.0	5.0	4.35		SCT	BKN	M	1500.0	7000.0							13.0	190.0	18.0	6.21		FEW	SCT	M	1200.0	2000.0						
467456	2018-04-03 00:00:00	21.0	CSTOU	333	AIRBUS A330-300	WB	SSA	2018-04-03 02:20:00	2018-04-03 02:12:00	2018-04-03 02:21:00	LIS	2018-04-03 09:52:00	2018-04-03 09:55:00	2018-04-03 10:25:00	J	TP					27.0	90.0	8.0	6.21		FEW	M	M	2000.0								15.0	230.0	18.0	6.21		FEW	BKN	M	1900.0	2300.0						
467457	2018-04-03 00:00:00	4.0	CSTOI	332	AIRBUS A330-200	WB	NAT	2018-04-03 03:15:00	2018-04-03 03:21:00	2018-04-03 03:32:00	LIS	2018-04-03 10:11:00	2018-04-03 10:15:00	2018-04-03 10:15:00	J	TP	2018-04-03 03:40:08	6.0	89.0	0	26.0	190.0	4.0	6.21		SCT	SCT	M	1900.0	10000.0							15.0	230.0	18.0	6.21		FEW	BKN	M	1900.0	2300.0						
467458	2018-04-03 00:00:00	208.0	CSTOL	332	AIRBUS A330-200	WB	JFK	2018-04-03 03:25:00	2018-04-03 03:20:00	2018-04-03 03:42:00	LIS	2018-04-03 09:38:00	2018-04-03 09:42:00	2018-04-03 10:15:00	J	TP						180.0	7.0	10.0		CLR	M	M									15.0	230.0	14.0	6.21		SCT	BKN	M	1900.0	2300.0						
467459	2018-04-03 00:00:00	1325.0	CSTMW	320	AIRBUS A320-211	NB	OTP	2018-04-03 03:35:00	2018-04-03 03:31:00	2018-04-03 03:38:00	LIS	2018-04-03 08:02:00	2018-04-03 08:05:00	2018-04-03 08:10:00	J	TP					2.0		2.0	6.21		M	M	M									13.0	220.0	10.0	6.21		FEW	M	M	1200.0							
467460	2018-04-03 00:00:00	262.0	CSTOP	332	AIRBUS A330-200	WB	YYZ	2018-04-03 03:55:00	2018-04-03 03:41:00	2018-04-03 04:00:00	LIS	2018-04-03 10:24:00	2018-04-03 10:30:00	2018-04-03 10:50:00	J	TP					3.0	340.0	6.0	15.0		BKN	BKN	M	11000.0	14000.0							15.0	210.0	19.0	6.21		FEW	SCT	M	1900.0	2300.0						
467461	2018-04-03 00:00:00	473.0	CSTTZ	E95	EMBRAER 195	PGA	LYS	2018-04-03 04:00:00	2018-04-03 04:05:00	2018-04-03 04:16:00	LIS	2018-04-03 06:29:00	2018-04-03 06:33:00	2018-04-03 06:30:00	J	NI	2018-04-03 04:20:05	5.0	36.0	0	12.0	170.0	10.0	6.21		M	M	M									13.0	220.0	12.0	6.21		FEW	BKN	M	900.0	1200.0						
467462	2018-04-03 00:00:00	527.0	CSTPU	E90	EMBRAER 190	PGA	STR	2018-04-03 04:00:00	2018-04-03 07:35:00	2018-04-03 07:49:00	LIS	2018-04-03 10:42:00	2018-04-03 10:47:00	2018-04-03 07:10:00	J	NI	2018-04-03 09:04:59	215.0	64.0	0	14.0	200.0	6.0	6.21		M	M	M									14.0	220.0	17.0	6.21		FEW	BKN	M	1800.0	3500.0						
467463	2018-04-03 00:00:00	531.0	CSTNY	320	AIRBUS A320-211	NB	TXL	2018-04-03 04:00:00	2018-04-03 03:59:00	2018-04-03 04:08:00	LIS	2018-04-03 07:47:00	2018-04-03 07:49:00	2018-04-03 07:40:00	J	TP					6.0	160.0	6.0	6.21		NSC	M	M									13.0	220.0	10.0	6.21		FEW	M	M	1200.0							
467464	2018-04-03 00:00:00	567.0	CSTNM	320	AIRBUS A320-211	NB	HAM	2018-04-03 04:00:00	2018-04-03 04:08:00	2018-04-03 04:19:00	LIS	2018-04-03 07:44:00	2018-04-03 07:48:00	2018-04-03 07:30:00	J	TP	2018-04-03 04:34:11	8.0	32.0	A	7.0	170.0	7.0	3.73		FEW	OVC	M	1400.0	1900.0							13.0	220.0	10.0	6.21		FEW	M	M	1200.0							
467465	2018-04-03 00:00:00	753.0	CSTTF	319	AIRBUS A319-111	NB	CPH	2018-04-03 04:00:00	2018-04-03 04:03:00	2018-04-03 04:21:00	LIS	2018-04-03 07:56:00	2018-04-03 08:01:00	2018-04-03 07:45:00	J	TP	2018-04-03 09:06:59	3.0	89.0	0	3.0	110.0	10.0	6.21		BKN	M	M	4000.0								13.0	220.0	10.0	6.21		FEW	M	M	1200.0							
467466	2018-04-03 00:00:00	553.0	CSTTE	319	AIRBUS A319-111	NB	MUC	2018-04-03 04:05:00	2018-04-03 04:00:00	2018-04-03 04:10:00	LIS	2018-04-03 07:05:00	2018-04-03 07:10:00	2018-04-03 07:20:00	J	TP					9.0	160.0	3.0	6.21		NSC	M	M									13.0	210.0	12.0	6.21		SCT	BKN	FEW	1000.0	1600.0	2500.0					
467467	2018-04-03 00:00:00	791.0	CSTNX	320	AIRBUS A320-211	NB	HEL	2018-04-03 04:05:00	2018-04-03 04:09:00	2018-04-03 04:28:00	LIS	2018-04-03 09:12:00	2018-04-03 09:16:00	2018-04-03 09:00:00	J	TP	2018-04-03 05:00:05	4.0	41.0	B	-4.0	280.0	10.0	6.21		M	M	M									15.0	230.0	14.0	6.21		SCT	BKN	M	1900.0	2300.0						
467468	2018-04-03 00:00:00	821.0	CSTTU	319	AIRBUS A319-111	NB	MXP	2018-04-03 04:05:00	2018-04-03 04:04:00	2018-04-03 04:18:00	LIS	2018-04-03 06:56:00	2018-04-03 07:01:00	2018-04-03 07:00:00	J	TP					4.0	10.0	4.0	6.21		M	M	M									13.0	210.0	12.0	6.21		SCT	BKN	FEW	1000.0	1600.0	2500.0					
467469	2018-04-03 00:00:00	949.0	CSTNI	320	AIRBUS A320-211	NB	GVA	2018-04-03 04:10:00	2018-04-03 04:12:00	2018-04-03 04:24:00	LIS	2018-04-03 06:45:00	2018-04-03 06:49:00	2018-04-03 06:45:00	J	TP	2018-04-03 04:25:13	2.0	65.0	0	8.0	210.0	3.0	6.21		M	M	M									13.0	210.0	12.0	6.21		SCT	BKN	FEW	1000.0	1600.0	2500.0					
467470	2018-04-03 00:00:00	499.0	CSTPP	E90	EMBRAER 190	PGA	TLS	2018-04-03 04:15:00	2018-04-03 04:12:00	2018-04-03 04:25:00	LIS	2018-04-03 06:07:00	2018-04-03 06:11:00	2018-04-03 06:15:00	J	NI					12.0	130.0	16.0	6.21		SCT	OVC	M	1800.0	15000.0							13.0	220.0	13.0	6.21		FEW	SCT	M	800.0	1200.0						
467471	2018-04-03 00:00:00	571.0	CSTTQ	319	AIRBUS A319-111	NB	FRA	2018-04-03 04:15:00	2018-04-03 04:12:00	2018-04-03 04:25:00	LIS	2018-04-03 07:32:00	2018-04-03 07:35:00	2018-04-03 07:25:00	J	TP					9.0	190.0	5.0	6.21		FEW	BKN	BKN	3500.0	8000.0	12000.0						13.0	230.0	10.0	6.21		FEW	BKN	FEW	1200.0	3500.0	3700.0					
467472	2018-04-03 00:00:00	1235.0	CSTNJ	320	AIRBUS A320-211	NB	DME	2018-04-03 04:15:00	2018-04-03 04:19:00	2018-04-03 04:32:00	LIS	2018-04-03 10:08:00	2018-04-03 10:20:00	2018-04-03 10:10:00	J	TP	2018-04-10 16:04:59	4.0	31.0	B	2.0	210.0	7.78	6.21		BKN	OVC	M	600.0	2400.0							15.0	210.0	19.0	6.21		FEW	SCT	M	1900.0	2300.0						
467473	2018-04-03 00:00:00	1943.0	CSTJF	321	AIRBUS A321-211	NB	OPO	2018-04-03 04:15:00	2018-04-03 04:22:00	2018-04-03 04:33:00	LIS	2018-04-03 05:06:00	2018-04-03 05:10:00	2018-04-03 05:10:00	J	TP	2018-04-03 04:36:14	7.0	16.0	H	13.0	200.0	11.0	6.21		SCT	BKN	M	500.0	1100.0							13.0	220.0	14.0	6.21		SCT	BKN	M	600.0	1000.0						
467474	2018-04-03 00:00:00	641.0	CSTNL	320	AIRBUS A320-211	NB	BRU	2018-04-03 04:20:00	2018-04-03 04:20:00	2018-04-03 04:34:00	LIS	2018-04-03 07:26:00	2018-04-03 07:32:00	2018-04-03 07:10:00	J	TP					10.0	190.0	11.0	6.21		M	M	M									13.0	230.0	10.0	6.21		FEW	BKN	FEW	1200.0	3500.0	3700.0					
467475	2018-04-03 00:00:00	929.0	CSTNN	320	AIRBUS A320-211	NB	ZRH	2018-04-03 04:20:00	2018-04-03 04:18:00	2018-04-03 04:30:00	LIS	2018-04-03 07:22:00	2018-04-03 07:28:00	2018-04-03 07:10:00	J	TP					7.0	140.0	3.0	6.21		M	M	M									13.0	230.0	10.0	6.21		FEW	BKN	FEW	1200.0	3500.0	3700.0					
467476	2018-04-03 00:00:00	1095.0	CSDJE	AT7	ATR 72	WI	VLC	2018-04-03 04:20:00	2018-04-03 04:15:00	2018-04-03 04:22:00	LIS	2018-04-03 06:21:00	2018-04-03 06:27:00	2018-04-03 06:35:00	J	WI					9.0		2.0	6.21		M	M	M									13.0	220.0	12.0	6.21		FEW	BKN	M	900.0	1200.0						
467477	2018-04-03 00:00:00	587.0	CSTTY	E95	EMBRAER 195	PGA	CGN	2018-04-03 04:25:00	2018-04-03 06:25:00	2018-04-03 06:37:00	LIS	2018-04-03 09:28:00	2018-04-03 09:31:00	2018-04-03 07:35:00	J	NI	2018-04-03 06:42:16	10.0	82.0	0	11.0	180.0	10.0	6.21		M	M	M									15.0	230.0	14.0	6.21		SCT	BKN	M	1900.0	2300.0						
467478	2018-04-03 00:00:00	447.0	CSTNW	320	AIRBUS A320-211	NB	ORY	2018-04-03 04:30:00	2018-04-03 04:29:00	2018-04-03 04:39:00	LIS	2018-04-03 07:02:00	2018-04-03 07:06:00	2018-04-03 07:00:00	J	TP					11.0	190.0	7.0	6.21		M	M	M									13.0	210.0	12.0	6.21		SCT	BKN	FEW	1000.0	1600.0	2500.0					
467479	2018-04-03 00:00:00	1431.0	CSDJB	AT7	ATR 72	WI	TNG	2018-04-03 04:35:00	2018-04-03 04:35:00	2018-04-03 04:45:00	LIS	2018-04-03 05:56:00	2018-04-03 06:02:00	2018-04-03 06:05:00	J	WI					15.0	190.0	7.0	4.97		FEW	M	M	1600.0								13.0	220.0	13.0	6.21		FEW	SCT	M	800.0	1200.0						
467480	2018-04-03 00:00:00	1049.0	CSTTJ	319	AIRBUS A319-111	NB	BCN	2018-04-03 04:40:00	2018-04-03 04:47:00	2018-04-03 05:04:00	LIS	2018-04-03 06:42:00	2018-04-03 06:47:00	2018-04-03 06:35:00	J	TP	2018-04-03 05:09:03	7.0	89.0	0	12.0	330.0	4.0	6.21		BKN	M	M	1200.0								13.0	210.0	12.0	6.21		SCT	BKN	FEW	1000.0	1600.0	2500.0					
467481	2018-04-03 00:00:00	1137.0	CSDJD	AT7	ATR 72	WI	AGP	2018-04-03 04:40:00	2018-04-03 04:35:00	2018-04-03 04:48:00	LIS	2018-04-03 06:12:00	2018-04-03 06:16:00	2018-04-03 06:15:00	J	WI					12.0	290.0	4.0	6.21		SCT	M	M	6600.0								13.0	220.0	12.0	6.21		FEW	BKN	M	900.0	1200.0						
467482	2018-04-03 00:00:00	361.0	CSTNH	320	AIRBUS A320-211	NB	LHR	2018-04-03 05:00:00	2018-04-03 04:59:00	2018-04-03 05:10:00	LIS	2018-04-03 07:37:00	2018-04-03 07:42:00	2018-04-03 07:35:00	J	TP					10.0	200.0	8.0	6.21		SCT	BKN	OVC	1000.0	1400.0	2900.0						13.0	230.0	10.0	6.21		FEW	BKN	FEW	1200.0	3500.0	3700.0					
467483	2018-04-03 00:00:00	459.0	CSTTD	319	AIRBUS A319-111	NB	ORY	2018-04-03 05:00:00	2018-04-03 04:54:00	2018-04-03 05:04:00	OPO	2018-04-03 07:01:00	2018-04-03 07:05:00	2018-04-03 07:05:00	J	TP					11.0	180.0	7.0	6.21		M	M	M									13.0	200.0	15.0	5.59		FEW	SCT	M	500.0	1200.0						
467484	2018-04-03 00:00:00	669.0	CSTTK	319	AIRBUS A319-111	NB	AMS	2018-04-03 05:00:00	2018-04-03 05:14:00	2018-04-03 05:30:00	LIS	2018-04-03 08:22:00	2018-04-03 08:25:00	2018-04-03 08:00:00	J	TP	2018-04-03 09:05:59	14.0	81.0	0	9.0	180.0	9.0	6.21		M	M	M									14.0	230.0	11.0	6.21		SCT	M	M	1200.0							
467485	2018-04-03 00:00:00	1101.0	CSDJF	AT7	ATR 72	WI	SVQ	2018-04-03 05:00:00	2018-04-03 04:57:00	2018-04-03 05:05:00	LIS	2018-04-03 06:06:00	2018-04-03 06:10:00	2018-04-03 06:10:00	J	WI					13.0	0.0	0.0	6.21		SCT	M	M	1000.0								13.0	220.0	13.0	6.21		FEW	SCT	M	800.0	1200.0						
467486	2018-04-03 00:00:00	1670.0	CSTNK	320	AIRBUS A320-211	NB	FNC	2018-04-03 05:00:00	2018-04-03 04:55:00	2018-04-03 05:02:00	LIS	2018-04-03 06:25:00	2018-04-03 06:29:00	2018-04-03 06:35:00	J	TP					15.0	330.0	4.0	6.21		FEW	M	M	1600.0								13.0	220.0	12.0	6.21		FEW	BKN	M	900.0	1200.0						
467487	2018-04-03 00:00:00	1900.0	CSTNP	320	AIRBUS A320-211	NB	FAO	2018-04-03 05:00:00	2018-04-03 05:00:00	2018-04-03 05:10:00	LIS	2018-04-03 05:39:00	2018-04-03 05:43:00	2018-04-03 05:45:00	J	TP					15.0	250.0	7.0	6.21		SCT	M	M	1200.0								13.0	220.0	14.0	6.21		SCT	BKN	M	600.0	1200.0						
467488	2018-04-03 00:00:00	1711.0	CSTTA	319	AIRBUS A319-111	NB	OPO	2018-04-03 05:05:00	2018-04-03 05:01:00	2018-04-03 05:12:00	FNC	2018-04-03 07:00:00	2018-04-03 07:05:00	2018-04-03 07:00:00	J	TP					13.0	210.0	13.0	6.21		SCT	BKN	M	500.0	1100.0							14.0	260.0	3.0	6.21		FEW	M	M	1600.0							
467489	2018-04-03 00:00:00	1065.0	CSDJA	AT7	ATR 72	WI	BIO	2018-04-03 05:10:00	2018-04-03 05:01:00	2018-04-03 05:09:00	LIS	2018-04-03 07:15:00	2018-04-03 07:18:00	2018-04-03 07:20:00	J	WI					18.0	220.0	11.0	6.21	24.0	FEW	M	M	6000.0								13.0	230.0	10.0	6.21		FEW	BKN	FEW	1200.0	3500.0	3700.0					
467490	2018-04-03 00:00:00	1921.0	CSTPW	E90	EMBRAER 190	PGA	OPO	2018-04-03 05:15:00	2018-04-03 05:22:00	2018-04-03 05:40:00	LIS	2018-04-03 06:14:00	2018-04-03 06:19:00	2018-04-03 06:15:00	J	NI	2018-04-03 05:44:13	7.0	19.0	A	13.0	200.0	12.0	6.21		SCT	BKN	M	500.0	1100.0							13.0	220.0	12.0	6.21		FEW	BKN	M	900.0	1200.0						
467491	2018-04-03 00:00:00	1023.0	CSTTI	319	AIRBUS A319-111	NB	MAD	2018-04-03 05:25:00	2018-04-03 05:30:00	2018-04-03 05:45:00	LIS	2018-04-03 06:49:00	2018-04-03 06:52:00	2018-04-03 06:45:00	J	TP	2018-04-03 05:48:02	5.0	89.0	0	11.0	220.0	10.0	6.21	22.0	SCT	SCT	BKN	2800.0	3500.0	5500.0						13.0	210.0	12.0	6.21		SCT	BKN	FEW	1000.0	1600.0	2500.0					
467492	2018-04-03 00:00:00	436.0	LYPGC	737	BOEING 737 ALL SERIES		LIS	2018-04-03 05:30:00	2018-04-03 06:07:00	2018-04-03 06:25:00	ORY	2018-04-03 08:21:00	2018-04-03 08:28:00	2018-04-03 07:55:00	J	TP	2018-04-09 08:27:59	15.0	62.0	0	13.0	220.0	13.0	6.21		FEW	SCT	M	800.0	1200.0							12.0	180.0	10.0	6.21		M	M	M								
467493	2018-04-03 00:00:00	452.0	CSTTR	319	AIRBUS A319-111	NB	OPO	2018-04-03 05:30:00	2018-04-03 06:11:00	2018-04-03 06:20:00	ORY	2018-04-03 08:01:00	2018-04-03 08:05:00	2018-04-03 07:35:00	J	TP	2018-04-03 06:33:12	41.0	67.0	0	13.0	200.0	13.0	6.21		SCT	BKN	M	500.0	1100.0							11.0	180.0	9.0	6.21		FEW	BKN	BKN	4000.0	5300.0	10000.0					
467494	2018-04-03 00:00:00	818.0	CSTTO	319	AIRBUS A319-111	NB	OPO	2018-04-03 05:30:00	2018-04-03 05:37:00	2018-04-03 05:55:00	MXP	2018-04-03 07:47:00	2018-04-03 07:54:00	2018-04-03 08:05:00	J	TP	2018-04-03 06:00:01	7.0	16.0	E	13.0	200.0	12.0	6.21		SCT	BKN	M	500.0	1100.0							11.0	30.0	2.0	6.21		SCT	BKN	M	5000.0	8000.0						
467495	2018-04-03 00:00:00	834.0	CSTJG	321	AIRBUS A321-211	NB	LIS	2018-04-03 05:30:00	2018-04-03 05:34:00	2018-04-03 05:47:00	FCO	2018-04-03 08:13:00	2018-04-03 08:20:00	2018-04-03 08:20:00	J	TP	2018-04-04 07:49:59	4.0	49.0	0	13.0	220.0	14.0	6.21		SCT	BKN	M	600.0	1200.0							16.0	140.0	11.0	6.21		M	M	M								
467496	2018-04-03 00:00:00	1030.0	CSTTG	319	AIRBUS A319-111	NB	OPO	2018-04-03 05:30:00	2018-04-03 05:32:00	2018-04-03 05:46:00	BCN	2018-04-03 07:12:00	2018-04-03 07:17:00	2018-04-03 07:15:00	J	TP	2018-04-03 05:53:11	2.0	89.0	0	13.0	200.0	12.0	6.21		SCT	BKN	M	500.0	1100.0							13.0	320.0	5.0	6.21		BKN	M	M	1400.0							
467497	2018-04-03 00:00:00	1044.0	FHBAL	319	AIRBUS A319-111	NB	LIS	2018-04-03 05:45:00	2018-04-03 06:19:00	2018-04-03 06:30:00	BCN	2018-04-03 07:59:00	2018-04-03 08:04:00	2018-04-03 07:35:00	J	TP	2018-04-03 06:39:59	34.0	64.0	0	13.0	220.0	12.0	6.21		FEW	BKN	M	900.0	1200.0							14.0	330.0	6.0	5.59		BKN	M	M	1400.0							
467498	2018-04-03 00:00:00	443.0	CSTTN	319	AIRBUS A319-111	NB	ORY	2018-04-03 05:50:00	2018-04-03 05:51:00	2018-04-03 06:01:00	LIS	2018-04-03 08:24:00	2018-04-03 08:27:00	2018-04-03 08:20:00	J	TP	2018-04-03 06:28:05	1.0	89.0	0	10.0	190.0	8.0	6.21		M	M	M									14.0	230.0	11.0	6.21		SCT	M	M	1200.0							
467499	2018-04-03 00:00:00	864.0	FHBIS	320	AIRBUS A320-211	NB	LIS	2018-04-03 05:55:00	2018-04-03 06:40:00	2018-04-03 06:54:00	VCE	2018-04-03 09:24:00	2018-04-03 09:28:00	2018-04-03 08:45:00	J	TP	2018-04-03 07:23:59	45.0	64.0	0	13.0	220.0	12.0	6.21		FEW	BKN	M	900.0	1200.0							13.0	90.0	7.0	6.21		SCT	M	M	2000.0							
467500	2018-04-03 00:00:00	1026.0	CSTNK	320	AIRBUS A320-211	NB	LIS	2018-04-03 05:55:00	2018-04-03 08:17:00	2018-04-03 08:26:00	MAD	2018-04-03 09:20:00	2018-04-03 09:29:00	2018-04-03 07:10:00	J	TP	2018-04-09 12:04:59	2.0	89.0	0	14.0	230.0	11.0	6.21		SCT	M	M	1200.0								13.0	190.0	11.0	6.21		FEW	BKN	M	2400.0	6000.0						
467501	2018-04-03 00:00:00	2544.0	CSTFM	772	BOEING 777-200		GIG	2018-04-03 05:55:00	2018-04-03 07:35:00	2018-04-03 07:57:00	LIS	2018-04-03 16:29:00	2018-04-03 16:35:00	2018-04-03 15:35:00	G	YU	2018-04-03 12:02:41	40.0	63.0	D	25.0	20.0	3.0	6.21		SCT	BKN	M	1500.0	10000.0							15.0	220.0	20.0	6.21		SCT	FEW	BKN	1600.0	2000.0	2500.0					
467502	2018-04-03 00:00:00	344.0	CSTPR	E90	EMBRAER 190	PGA	LIS	2018-04-03 06:00:00	2018-04-03 06:00:00	2018-04-03 06:15:00	LCY	2018-04-03 08:22:00	2018-04-03 08:33:00	2018-04-03 08:40:00	J	NI					13.0	220.0	13.0	6.21		FEW	SCT	M	800.0	1200.0							12.0	200.0	12.0	6.21	23.0	BKN	OVC	M	1200.0	2100.0						
467503	2018-04-03 00:00:00	646.0	OOTCT	320	AIRBUS A320-211	NB	LIS	2018-04-03 06:00:00	2018-04-03 14:49:00	2018-04-03 15:06:00	BRU	2018-04-03 17:14:00	2018-04-03 17:18:00	2018-04-03 08:40:00	J	TP	2018-04-03 15:10:59	64.0	89.0	0	16.0	220.0	21.0	6.21		FEW	BKN	M	1600.0	2200.0							13.0	170.0	11.0	6.21		FEW	M	M	3000.0							
467504	2018-04-03 00:00:00	922.0	CSTPO	E90	EMBRAER 190	PGA	OPO	2018-04-03 06:00:00	2018-04-03 06:01:00	2018-04-03 06:17:00	ZRH	2018-04-03 08:24:00	2018-04-03 08:30:00	2018-04-03 08:30:00	J	NI	2018-04-03 06:33:13	1.0	89.0	0	13.0	200.0	13.0	6.21		SCT	BKN	M	500.0	1100.0							12.0	140.0	3.0	6.21		M	M	M								
467505	2018-04-03 00:00:00	1926.0	CSDJC	AT7	ATR 72	WI	LIS	2018-04-03 06:00:00	2018-04-03 06:13:00	2018-04-03 06:27:00	OPO	2018-04-03 07:13:00	2018-04-03 07:15:00	2018-04-03 07:00:00	J	WI	2018-04-03 06:28:59	7.0	19.0	A	13.0	220.0	13.0	6.21		FEW	SCT	M	800.0	1200.0							13.0	200.0	15.0	5.59		FEW	SCT	M	500.0	1200.0						
467506	2018-04-03 00:00:00	336.0	CSTTX	E95	EMBRAER 195	PGA	LIS	2018-04-03 06:05:00	2018-04-03 06:16:00	2018-04-03 06:33:00	LGW	2018-04-03 08:37:00	2018-04-03 08:45:00	2018-04-03 08:45:00	J	NI	2018-04-03 06:38:59	11.0	83.0	0	13.0	220.0	12.0	6.21		FEW	BKN	M	900.0	1200.0							11.0	190.0	11.0	6.21		BKN	M	M	900.0							
467507	2018-04-03 00:00:00	1672.0	CSTNT	320	AIRBUS A320-211	NB	FNC	2018-04-03 06:05:00	2018-04-03 05:59:00	2018-04-03 06:07:00	LIS	2018-04-03 07:35:00	2018-04-03 07:37:00	2018-04-03 07:45:00	J	TP					14.0	320.0	3.0	6.21		FEW	M	M	1600.0								13.0	230.0	10.0	6.21		FEW	BKN	FEW	1200.0	3500.0	3700.0					
467508	2018-04-03 00:00:00	1710.0	CSTTS	319	AIRBUS A319-111	NB	FNC	2018-04-03 06:05:00	2018-04-03 06:03:00	2018-04-03 06:10:00	OPO	2018-04-03 07:44:00	2018-04-03 07:56:00	2018-04-03 07:55:00	J	TP					14.0	320.0	3.0	6.21		FEW	M	M	1600.0								13.0	200.0	14.0	6.21		FEW	SCT	M	1400.0	4800.0						
467509	2018-04-03 00:00:00	1933.0	CSTPS	E90	EMBRAER 190	PGA	OPO	2018-04-03 06:20:00	2018-04-03 06:18:00	2018-04-03 06:35:00	LIS	2018-04-03 07:11:00	2018-04-03 07:17:00	2018-04-03 07:20:00	J	NI					13.0	200.0	12.0	5.59		FEW	SCT	M	500.0	1100.0							13.0	230.0	10.0	6.21		FEW	BKN	FEW	1200.0	3500.0	3700.0					
467510	2018-04-03 00:00:00	1008.0	CSTPQ	E90	EMBRAER 190	PGA	OPO	2018-04-03 06:30:00	2018-04-03 06:32:00	2018-04-03 06:45:00	MAD	2018-04-03 07:33:00	2018-04-03 07:44:00	2018-04-03 07:40:00	J	NI	2018-04-03 06:50:15	2.0	81.0	0	13.0	200.0	12.0	5.59		FEW	SCT	M	500.0	1100.0							11.0	180.0	9.0	6.21	22.0	FEW	BKN	M	2000.0	5500.0						
467511	2018-04-03 00:00:00	1679.0	CSTJH	321	AIRBUS A321-211	NB	LIS	2018-04-03 06:30:00	2018-04-03 06:30:00	2018-04-03 06:47:00	FNC	2018-04-03 08:17:00	2018-04-03 08:19:00	2018-04-03 08:15:00	J	TP					13.0	220.0	12.0	6.21		FEW	BKN	M	900.0	1200.0							17.0	320.0	4.0	6.21		FEW	M	M	1500.0							
467512	2018-04-03 00:00:00	374.0	CSTNS	320	AIRBUS A320-211	NB	LIS	2018-04-03 06:35:00	2018-04-03 06:44:00	2018-04-03 07:01:00	LHR	2018-04-03 09:16:00	2018-04-03 09:27:00	2018-04-03 09:20:00	J	TP	2018-04-03 07:17:59	9.0	85.0	C	13.0	220.0	12.0	6.21		FEW	BKN	M	900.0	1200.0							12.0	210.0	13.0	6.21		BKN	BKN	M	1400.0	1800.0						
467513	2018-04-03 00:00:00	822.0	CSTJE	321	AIRBUS A321-211	NB	LIS	2018-04-03 06:50:00	2018-04-03 06:57:00	2018-04-03 07:10:00	MXP	2018-04-03 09:20:00	2018-04-03 09:26:00	2018-04-03 09:25:00	J	TP	2018-04-03 08:10:59	4.0	89.0	0	13.0	210.0	12.0	6.21		SCT	BKN	FEW	1000.0	1600.0	2500.0						11.0	310.0	3.0	6.21		SCT	BKN	M	3000.0	4500.0						
467514	2018-04-03 00:00:00	1106.0	CSDJF	AT7	ATR 72	WI	LIS	2018-04-03 06:50:00	2018-04-03 06:50:00	2018-04-03 07:04:00	SVQ	2018-04-03 08:05:00	2018-04-03 08:10:00	2018-04-03 08:05:00	J	WI					13.0	210.0	12.0	6.21		SCT	BKN	FEW	1000.0	1600.0	2500.0						15.0		2.0	4.97		BKN	BKN	M	800.0	3800.0						
467515	2018-04-03 00:00:00	1134.0	CSDJB	AT7	ATR 72	WI	LIS	2018-04-03 06:50:00	2018-04-03 06:50:00	2018-04-03 07:13:00	AGP	2018-04-03 08:34:00	2018-04-03 08:38:00	2018-04-03 08:20:00	J	WI					13.0	210.0	12.0	6.21		SCT	BKN	FEW	1000.0	1600.0	2500.0						18.0	270.0	6.0	6.21		FEW	SCT	M	4000.0	6000.0						
467516	2018-04-03 00:00:00	492.0	CSTPW	E90	EMBRAER 190	PGA	LIS	2018-04-03 06:55:00	2018-04-03 07:11:00	2018-04-03 07:23:00	TLS	2018-04-03 08:48:00	2018-04-03 08:53:00	2018-04-03 08:45:00	J	NI	2018-04-03 07:25:59	12.0	89.0	0	13.0	210.0	12.0	6.21		SCT	BKN	FEW	1000.0	1600.0	2500.0						14.0	130.0	18.0	6.21		SCT	BKN	M	1900.0	11000.0						
467517	2018-04-03 00:00:00	434.0	CSTNP	320	AIRBUS A320-211	NB	LIS	2018-04-03 07:00:00	2018-04-03 07:18:00	2018-04-03 07:28:00	ORY	2018-04-03 09:27:00	2018-04-03 09:35:00	2018-04-03 09:25:00	J	TP	2018-04-03 07:38:59	13.0	89.0	0	13.0	230.0	10.0	6.21		FEW	BKN	FEW	1200.0	3500.0	3700.0						13.0	190.0	12.0	6.21		BKN	M	M	4100.0							
467518	2018-04-03 00:00:00	476.0	CSTPT	E90	EMBRAER 190	PGA	LIS	2018-04-03 07:00:00	2018-04-03 07:18:00	2018-04-03 07:31:00	LYS	2018-04-03 09:22:00	2018-04-03 09:25:00	2018-04-03 09:15:00	J	NI	2018-04-03 07:39:59	8.0	89.0	0	13.0	230.0	10.0	6.21		FEW	BKN	FEW	1200.0	3500.0	3700.0						15.0	180.0	8.0	6.21		M	M	M								
467519	2018-04-03 00:00:00	1272.0	CSTTC	319	AIRBUS A319-111	NB	LIS	2018-04-03 07:00:00	2018-04-03 07:05:00	2018-04-03 07:20:00	VIE	2018-04-03 10:08:00	2018-04-03 10:13:00	2018-04-03 10:20:00	J	TP	2018-04-03 07:22:59	5.0	81.0	0	13.0	210.0	12.0	6.21		SCT	BKN	FEW	1000.0	1600.0	2500.0						14.0	70.0	6.0	6.21		M	M	M								
467520	2018-04-03 00:00:00	1828.0	CSTNU	320	AIRBUS A320-211	NB	TER	2018-04-03 07:00:00	2018-04-03 07:21:00	2018-04-03 07:29:00	LIS	2018-04-03 09:26:00	2018-04-03 09:30:00	2018-04-03 09:15:00	J	TP	2018-04-04 07:51:59	7.0	19.0	A	14.0			6.21		SCT	BKN	M	2500.0	3000.0							15.0	230.0	14.0	6.21		SCT	BKN	M	1900.0	2300.0						
467521	2018-04-03 00:00:00	1864.0	CSTQD	320	AIRBUS A320-211	NB	PDL	2018-04-03 07:00:00	2018-04-03 07:20:00	2018-04-03 07:29:00	LIS	2018-04-03 09:18:00	2018-04-03 09:24:00	2018-04-03 09:10:00	J	TP	2018-04-03 07:35:16	20.0	14.0	A	14.0	310.0	12.0	6.21		FEW	M	M	1800.0								15.0	230.0	14.0	6.21		SCT	BKN	M	1900.0	2300.0						
467522	2018-04-03 00:00:00	1924.0	CSDJD	AT7	ATR 72	WI	LIS	2018-04-03 07:00:00	2018-04-03 07:13:00	2018-04-03 07:25:00	OPO	2018-04-03 08:11:00	2018-04-03 08:15:00	2018-04-03 08:00:00	J	WI	2018-04-03 07:27:59	13.0	89.0	0	13.0	210.0	12.0	6.21		SCT	BKN	FEW	1000.0	1600.0	2500.0						13.0	200.0	14.0	6.21		FEW	SCT	M	1400.0	4800.0						
467523	2018-04-03 00:00:00	371.0	CSTTP	319	AIRBUS A319-111	NB	LHR	2018-04-03 07:10:00	2018-04-03 07:18:00	2018-04-03 07:33:00	LIS	2018-04-03 09:54:00	2018-04-03 09:59:00	2018-04-03 09:50:00	J	TP	2018-04-03 07:42:12	8.0	84.0	0	10.0	190.0	10.0	6.21		BKN	BKN	OVC	900.0	1500.0	2100.0						15.0	230.0	18.0	6.21		FEW	BKN	M	1900.0	2300.0						
467524	2018-04-03 00:00:00	412.0	CSTTZ	E95	EMBRAER 195	PGA	LIS	2018-04-03 07:15:00	2018-04-03 07:26:00	2018-04-03 07:42:00	NTE	2018-04-03 09:15:00	2018-04-03 09:19:00	2018-04-03 09:15:00	J	NI	2018-04-03 07:44:59	11.0	89.0	0	13.0	230.0	10.0	6.21		FEW	BKN	FEW	1200.0	3500.0	3700.0						11.0	220.0	8.0	6.21		SCT	BKN	OVC	2800.0	3700.0	5000.0					
467525	2018-04-03 00:00:00	1098.0	CSDJE	AT7	ATR 72	WI	LIS	2018-04-03 07:15:00	2018-04-03 07:30:00	2018-04-03 07:40:00	VLC	2018-04-03 09:27:00	2018-04-03 09:33:00	2018-04-03 09:20:00	J	WI	2018-04-03 07:49:59	15.0	89.0	0	13.0	230.0	10.0	6.21		FEW	BKN	FEW	1200.0	3500.0	3700.0						20.0		1.0	6.21		FEW	M	M	3000.0							
467526	2018-04-03 00:00:00	562.0	CSTTL	319	AIRBUS A319-111	NB	LIS	2018-04-03 07:20:00	2018-04-03 07:26:00	2018-04-03 07:36:00	HAM	2018-04-03 10:15:00	2018-04-03 10:24:00	2018-04-03 10:35:00	J	TP	2018-04-03 07:40:59	6.0	82.0	0	13.0	230.0	10.0	6.21		FEW	BKN	FEW	1200.0	3500.0	3700.0						13.0	220.0	10.0	6.21		SCT	SCT	M	1800.0	2500.0						
467527	2018-04-03 00:00:00	542.0	CSTPV	E90	EMBRAER 190	PGA	LIS	2018-04-03 07:30:00	2018-04-03 07:28:00	2018-04-03 07:46:00	DUS	2018-04-03 10:05:00	2018-04-03 10:09:00	2018-04-03 10:25:00	J	NI					13.0	230.0	10.0	6.21		FEW	BKN	FEW	1200.0	3500.0	3700.0						14.0	180.0	11.0	6.21		M	M	M								
467528	2018-04-03 00:00:00	574.0	CSTNR	320	AIRBUS A320-211	NB	LIS	2018-04-03 07:30:00	2018-04-03 07:43:00	2018-04-03 08:00:00	FRA	2018-04-03 10:28:00	2018-04-03 10:42:00	2018-04-03 10:35:00	J	TP	2018-04-03 08:05:59	13.0	89.0	0	13.0	230.0	10.0	6.21		FEW	BKN	FEW	1200.0	3500.0	3700.0						16.0	190.0	10.0	6.21		M	M	M								
467529	2018-04-03 00:00:00	952.0	CSTNI	320	AIRBUS A320-211	NB	LIS	2018-04-03 07:30:00	2018-04-03 07:37:00	2018-04-03 07:52:00	GVA	2018-04-03 09:50:00	2018-04-03 09:53:00	2018-04-03 09:50:00	J	TP	2018-04-09 09:32:59	2.0	93.0	K	13.0	230.0	10.0	6.21		FEW	BKN	FEW	1200.0	3500.0	3700.0						14.0	100.0	5.0	6.21		M	M	M								
467530	2018-04-03 00:00:00	1941.0	CSDJC	AT7	ATR 72	WI	OPO	2018-04-03 07:30:00	2018-04-03 07:45:00	2018-04-03 07:57:00	LIS	2018-04-03 08:46:00	2018-04-03 08:48:00	2018-04-03 08:30:00	J	WI	2018-04-03 08:07:17	15.0	93.0	F	13.0	200.0	15.0	6.21		FEW	SCT	M	1200.0	4500.0							15.0	230.0	14.0	6.21		BKN	M	M	1800.0							
467531	2018-04-03 00:00:00	288.0	CSTOC	343	AIRBUS A340-312	WB	LAD	2018-04-03 07:40:00	2018-04-03 08:08:00	2018-04-03 08:25:00	LIS	2018-04-03 16:06:00	2018-04-03 16:10:00	2018-04-03 15:30:00	J	TP	2018-04-09 08:08:59	5.0	85.0	C	25.0		2.0	4.97		SCT	FEW	BKN	1800.0	2200.0	8000.0						15.0	220.0	22.0	6.21	32.0	SCT	FEW	BKN	1200.0	2000.0	2200.0					
467532	2018-04-03 00:00:00	784.0	CSTNW	320	AIRBUS A320-211	NB	LIS	2018-04-03 07:45:00	2018-04-03 08:12:00	2018-04-03 08:23:00	ARN	2018-04-03 12:02:00	2018-04-03 12:10:00	2018-04-03 12:00:00	J	TP	2018-04-03 08:32:59	12.0	89.0	0	13.0	220.0	10.0	6.21		FEW	M	M	1200.0								5.0		3.0	6.21		M	M	M								
467533	2018-04-03 00:00:00	1680.0	CSTTA	319	AIRBUS A319-111	NB	FNC	2018-04-03 07:45:00	2018-04-03 07:47:00	2018-04-03 07:55:00	LIS	2018-04-03 09:21:00	2018-04-03 09:25:00	2018-04-03 09:20:00	J	TP	2018-04-03 07:56:20	2.0	93.0	R	16.0	330.0	5.0	6.21		FEW	M	M	1500.0								15.0	230.0	14.0	6.21		SCT	BKN	M	1900.0	2300.0						
467534	2018-04-03 00:00:00	558.0	CSTNL	320	AIRBUS A320-211	NB	LIS	2018-04-03 07:50:00	2018-04-03 08:26:00	2018-04-03 08:41:00	MUC	2018-04-03 11:17:00	2018-04-03 11:25:00	2018-04-03 10:50:00	J	TP	2018-04-03 08:50:59	2.0	89.0	0	14.0	230.0	11.0	6.21		SCT	M	M	1200.0								18.0	140.0	5.0	6.21		M	M	M								
467535	2018-04-03 00:00:00	488.0	CSTPS	E90	EMBRAER 190	PGA	LIS	2018-04-03 07:55:00	2018-04-03 07:57:00	2018-04-03 08:10:00	NCE	2018-04-03 10:07:00	2018-04-03 10:11:00	2018-04-03 10:15:00	J	NI	2018-04-03 08:13:59	2.0	93.0	Q	13.0	220.0	10.0	6.21		FEW	M	M	1200.0								15.0	80.0	24.0	6.21		FEW	BKN	M	2300.0	26000.0						
467536	2018-04-03 00:00:00	832.0	CSTJF	321	AIRBUS A321-211	NB	LIS	2018-04-03 07:55:00	2018-04-03 08:31:00	2018-04-03 08:43:00	FCO	2018-04-03 11:17:00	2018-04-03 11:26:00	2018-04-03 10:50:00	J	TP	2018-04-06 15:28:59	15.0	89.0	0	14.0	230.0	11.0	6.21		SCT	M	M	1200.0								18.0	160.0	11.0	6.21		M	M	M								
467537	2018-04-03 00:00:00	1011.0	CSTNK	320	AIRBUS A320-211	NB	MAD	2018-04-03 07:55:00	2018-04-03 10:19:00	2018-04-03 10:33:00	LIS	2018-04-03 11:31:00	2018-04-03 11:34:00	2018-04-03 09:15:00	J	TP	2018-04-03 10:39:47	5.0	89.0	0	14.0	190.0	14.0	6.21	33.0	FEW	SCT	M	3000.0	5000.0							14.0	240.0	16.0	6.21		FEW	SCT	BKN	1200.0	2100.0	3000.0					
467538	2018-04-03 00:00:00	334.0	CSTTD	319	AIRBUS A319-111	NB	OPO	2018-04-03 08:00:00	2018-04-03 08:02:00	2018-04-03 08:18:00	LGW	2018-04-03 10:01:00	2018-04-03 10:08:00	2018-04-03 10:10:00	J	TP	2018-04-03 08:22:21	2.0	89.0	0	13.0	200.0	14.0	6.21		FEW	SCT	M	1400.0	4800.0							11.0	190.0	11.0	6.21		BKN	M	M	1100.0							
467539	2018-04-03 00:00:00	932.0	CSTNN	320	AIRBUS A320-211	NB	LIS	2018-04-03 08:00:00	2018-04-03 08:18:00	2018-04-03 08:34:00	ZRH	2018-04-03 10:46:00	2018-04-03 10:52:00	2018-04-03 10:40:00	J	TP	2018-04-03 08:40:59	5.0	15.0	D	14.0	230.0	11.0	6.21		SCT	M	M	1200.0								16.0	310.0	4.0	6.21		M	M	M								
467540	2018-04-03 00:00:00	1033.0	CSTTG	319	AIRBUS A319-111	NB	BCN	2018-04-03 08:00:00	2018-04-03 07:59:00	2018-04-03 08:09:00	OPO	2018-04-03 09:42:00	2018-04-03 09:45:00	2018-04-03 09:50:00	J	TP					14.0	330.0	6.0	5.59		BKN	M	M	1400.0								13.0	200.0	16.0	5.59		FEW	SCT	BKN	1300.0	2000.0	4800.0					
467541	2018-04-03 00:00:00	1930.0	CSDJA	AT7	ATR 72	WI	LIS	2018-04-03 08:00:00	2018-04-03 08:00:00	2018-04-03 08:14:00	OPO	2018-04-03 09:01:00	2018-04-03 09:06:00	2018-04-03 09:00:00	J	WI					13.0	220.0	10.0	6.21		FEW	M	M	1200.0								13.0	200.0	15.0	3.73		FEW	BKN	M	3000.0	4800.0						
467542	2018-04-03 00:00:00	664.0	CSTTE	319	AIRBUS A319-111	NB	LIS	2018-04-03 08:05:00	2018-04-03 08:28:00	2018-04-03 08:47:00	AMS	2018-04-03 11:13:00	2018-04-03 11:22:00	2018-04-03 11:00:00	J	TP	2018-04-03 08:52:59	15.0	89.0	0	14.0	230.0	11.0	6.21		SCT	M	M	1200.0								15.0	210.0	16.0	6.21		SCT	SCT	M	2200.0	3000.0						
467543	2018-04-03 00:00:00	1040.0	CSTPU	E90	EMBRAER 190	PGA	LIS	2018-04-03 08:05:00	2018-04-03 11:39:00	2018-04-03 11:46:00	BCN	2018-04-03 13:08:00	2018-04-03 13:13:00	2018-04-03 09:55:00	J	NI	2018-04-03 11:47:59	12.0	89.0	0	14.0	240.0	16.0	6.21		FEW	SCT	BKN	1200.0	2100.0	3000.0						15.0	210.0	14.0	6.21		FEW	M	M	2000.0							
467544	2018-04-03 00:00:00	1016.0	CSTTI	319	AIRBUS A319-111	NB	LIS	2018-04-03 08:10:00	2018-04-03 08:23:00	2018-04-03 08:38:00	MAD	2018-04-03 09:30:00	2018-04-03 09:40:00	2018-04-03 09:25:00	J	TP	2018-04-03 08:43:59	8.0	89.0	0	14.0	230.0	11.0	6.21		SCT	M	M	1200.0								13.0	190.0	11.0	6.21		FEW	BKN	M	2400.0	6000.0						
467545	2018-04-03 00:00:00	453.0	CSTTR	319	AIRBUS A319-111	NB	ORY	2018-04-03 08:20:00	2018-04-03 08:53:00	2018-04-03 09:01:00	OPO	2018-04-03 11:01:00	2018-04-03 11:04:00	2018-04-03 10:25:00	J	TP	2018-04-04 07:51:59	3.0	85.0	C	13.0	190.0	9.0	6.21		SCT	BKN	M	4100.0	11000.0							13.0	190.0	17.0	6.21		FEW	M	M	2200.0							
467546	2018-04-03 00:00:00	1005.0	CSTPQ	E90	EMBRAER 190	PGA	MAD	2018-04-03 08:20:00	2018-04-03 08:17:00	2018-04-03 08:38:00	OPO	2018-04-03 09:36:00	2018-04-03 09:39:00	2018-04-03 09:30:00	J	NI					12.0	200.0	9.0	6.21		SCT	BKN	M	2200.0	5500.0							13.0	200.0	16.0	5.59		FEW	SCT	BKN	1300.0	2000.0	4800.0					
467547	2018-04-03 00:00:00	1041.0	FHBAL	319	AIRBUS A319-111	NB	BCN	2018-04-03 08:25:00	2018-04-03 08:45:00	2018-04-03 09:02:00	LIS	2018-04-03 10:45:00	2018-04-03 10:48:00	2018-04-03 10:20:00	J	TP	2018-04-03 09:09:32	20.0	93.0	O	14.0	310.0	6.0	4.97		BKN	M	M	1400.0								14.0	220.0	17.0	6.21		FEW	BKN	M	1800.0	3500.0						
467548	2018-04-03 00:00:00	1454.0	CSTTY	E95	EMBRAER 195	PGA	LIS	2018-04-03 08:25:00	2018-04-03 10:50:00	2018-04-03 11:01:00	RAK	2018-04-03 12:13:00	2018-04-03 12:19:00	2018-04-03 10:00:00	J	NI	2018-04-03 11:02:59	34.0	89.0	0	14.0	220.0	17.0	6.21		FEW	BKN	M	1800.0	3500.0							20.0	50.0	6.0	6.21		BKN	M	M	2300.0							
467549	2018-04-03 00:00:00	1907.0	CSTTJ	319	AIRBUS A319-111	NB	LIS	2018-04-03 08:30:00	2018-04-03 09:33:00	2018-04-03 09:51:00	FAO	2018-04-03 10:20:00	2018-04-03 10:23:00	2018-04-03 09:15:00	J	TP	2018-04-03 09:52:59	63.0	95.0	B	15.0	230.0	14.0	6.21		SCT	BKN	M	1900.0	2300.0							17.0	230.0	10.0	6.21		SCT	M	M	1500.0							
467550	2018-04-03 00:00:00	1927.0	CSDJD	AT7	ATR 72	WI	OPO	2018-04-03 08:30:00	2018-04-03 08:43:00	2018-04-03 08:51:00	LIS	2018-04-03 09:36:00	2018-04-03 09:39:00	2018-04-03 09:30:00	J	WI	2018-04-03 08:53:20	13.0	93.0	M	13.0	200.0	13.0	5.59		FEW	BKN	M	1500.0	4500.0							15.0	230.0	14.0	6.21		SCT	BKN	M	1900.0	2300.0						
467551	2018-04-03 00:00:00	1262.0	CSTNG	320	AIRBUS A320-211	NB	LIS	2018-04-03 08:35:00	2018-04-03 09:05:00	2018-04-03 09:27:00	WAW	2018-04-03 12:44:00	2018-04-03 12:52:00	2018-04-03 12:25:00	J	TP	2018-04-10 14:55:59	15.0	89.0	0	15.0	230.0	14.0	6.21		BKN	M	M	1800.0								15.0	200.0	9.0	6.21		M	M	M								
467552	2018-04-03 00:00:00	437.0	LYPGC	737	BOEING 737 ALL SERIES		ORY	2018-04-03 08:45:00	2018-04-03 09:53:00	2018-04-03 10:01:00	LIS	2018-04-03 12:17:00	2018-04-03 12:20:00	2018-04-03 11:15:00	J	TP	2018-04-12 09:16:59	7.0	93.0	M	14.0	190.0	10.0	6.21		BKN	M	M	4100.0								16.0	220.0	20.0	6.21		FEW	BKN	M	1700.0	2500.0						
467553	2018-04-03 00:00:00	1107.0	CSDJF	AT7	ATR 72	WI	SVQ	2018-04-03 08:45:00	2018-04-03 09:10:00	2018-04-03 09:21:00	LIS	2018-04-03 10:35:00	2018-04-03 10:40:00	2018-04-03 09:55:00	J	WI	2018-04-03 09:25:23	25.0	84.0	0	15.0	330.0	3.0	4.97		BKN	BKN	M	1200.0	2500.0							15.0	210.0	19.0	6.21		FEW	SCT	M	1900.0	2300.0						
467554	2018-04-03 00:00:00	1529.0	CSTNT	320	AIRBUS A320-211	NB	LIS	2018-04-03 08:45:00	2018-04-03 08:55:00	2018-04-03 09:11:00	ACC	2018-04-03 14:24:00	2018-04-03 14:30:00	2018-04-03 14:25:00	J	TP	2018-04-03 09:15:59	10.0	89.0	0	15.0	230.0	14.0	6.21		BKN	M	M	1800.0								32.0	210.0	18.0	3.11		NSC	M	M								
467555	2018-04-03 00:00:00	819.0	CSTTO	319	AIRBUS A319-111	NB	MXP	2018-04-03 08:50:00	2018-04-03 08:52:00	2018-04-03 09:06:00	OPO	2018-04-03 11:29:00	2018-04-03 11:32:00	2018-04-03 11:35:00	J	TP	2018-04-03 09:14:23	2.0	89.0	0	12.0	280.0	4.0	6.21		BKN	M	M	4500.0								13.0	190.0	17.0	6.21		FEW	M	M	2200.0							
467556	2018-04-03 00:00:00	938.0	CSTTS	319	AIRBUS A319-111	NB	OPO	2018-04-03 08:50:00	2018-04-03 08:45:00	2018-04-03 08:55:00	GVA	2018-04-03 10:46:00	2018-04-03 10:50:00	2018-04-03 10:55:00	J	TP					13.0	200.0	13.0	5.59		FEW	BKN	M	1500.0	4500.0							15.0		3.0	6.21		M	M	M								
467557	2018-04-03 00:00:00	440.0	CSTTU	319	AIRBUS A319-111	NB	LIS	2018-04-03 08:55:00	2018-04-03 09:00:00	2018-04-03 09:20:00	ORY	2018-04-03 11:12:00	2018-04-03 11:19:00	2018-04-03 11:20:00	J	TP	2018-04-03 09:25:59	5.0	89.0	0	15.0	230.0	14.0	6.21		BKN	M	M	1800.0								14.0	180.0	9.0	6.21		BKN	M	M	3300.0							
467558	2018-04-03 00:00:00	59.0	CSTOX	333	AIRBUS A330-300	WB	LIS	2018-04-03 09:00:00	2018-04-03 09:13:00	2018-04-03 09:30:00	BSB	2018-04-03 18:50:00	2018-04-03 18:55:00	2018-04-03 18:30:00	J	TP	2018-04-03 09:31:59	13.0	89.0	0	15.0	230.0	14.0	6.21		BKN	M	M	1800.0								26.0	0.0	0.0	6.21		FEW	FEW	SCT	3500.0	4000.0	8000.0					
467559	2018-04-03 00:00:00	1133.0	CSDJB	AT7	ATR 72	WI	AGP	2018-04-03 09:00:00	2018-04-03 09:17:00	2018-04-03 09:29:00	LIS	2018-04-03 11:03:00	2018-04-03 11:08:00	2018-04-03 10:40:00	J	WI	2018-04-03 09:39:30	17.0	93.0	0	19.0		2.0	6.21		FEW	SCT	M	4000.0	6000.0							14.0	220.0	17.0	6.21		FEW	BKN	M	1800.0	3500.0						
467560	2018-04-03 00:00:00	1674.0	CSTJH	321	AIRBUS A321-211	NB	FNC	2018-04-03 09:00:00	2018-04-03 09:13:00	2018-04-03 09:20:00	LIS	2018-04-03 10:47:00	2018-04-03 10:52:00	2018-04-03 10:35:00	J	TP	2018-04-03 09:22:34	13.0	84.0	0	19.0	80.0	3.0	6.21		FEW	SCT	M	1500.0	3000.0							14.0	220.0	17.0	6.21		FEW	BKN	M	1800.0	3500.0						
467561	2018-04-03 00:00:00	1944.0	CSDJC	AT7	ATR 72	WI	LIS	2018-04-03 09:00:00	2018-04-03 09:20:00	2018-04-03 09:37:00	OPO	2018-04-03 10:30:00	2018-04-03 10:33:00	2018-04-03 10:00:00	J	WI	2018-04-03 09:39:59	2.0	89.0	0	15.0	230.0	14.0	6.21		SCT	BKN	M	1900.0	2300.0							13.0	190.0	18.0	6.21		FEW	M	M	1500.0							
467562	2018-04-03 00:00:00	366.0	CSTTN	319	AIRBUS A319-111	NB	LIS	2018-04-03 09:05:00	2018-04-03 09:23:00	2018-04-03 09:40:00	LHR	2018-04-03 11:47:00	2018-04-03 11:56:00	2018-04-03 11:45:00	J	TP	2018-04-03 09:45:59	11.0	89.0	0	15.0	230.0	14.0	6.21		SCT	BKN	M	1900.0	2300.0							13.0	210.0	12.0	6.21		SCT	BKN	BKN	2100.0	2800.0	3800.0					
467563	2018-04-03 00:00:00	349.0	CSTPR	E90	EMBRAER 190	PGA	LCY	2018-04-03 09:10:00	2018-04-03 09:08:00	2018-04-03 09:21:00	LIS	2018-04-03 11:58:00	2018-04-03 12:02:00	2018-04-03 11:45:00	J	NI					13.0	210.0	11.0	6.21	21.0	BKN	M	M	1500.0								15.0	220.0	17.0	6.21	29.0	FEW	BKN	FEW	1700.0	2800.0	3000.0					
467564	2018-04-03 00:00:00	841.0	CSTJG	321	AIRBUS A321-211	NB	FCO	2018-04-03 09:10:00	2018-04-03 09:28:00	2018-04-03 09:43:00	LIS	2018-04-03 12:29:00	2018-04-03 12:32:00	2018-04-03 12:15:00	J	TP	2018-04-03 11:24:48	8.0	89.0	0	17.0	150.0	10.0	6.21		M	M	M									16.0	220.0	20.0	6.21		FEW	BKN	M	1700.0	2500.0						
467565	2018-04-03 00:00:00	923.0	CSTPO	E90	EMBRAER 190	PGA	ZRH	2018-04-03 09:15:00	2018-04-03 09:20:00	2018-04-03 09:32:00	OPO	2018-04-03 12:04:00	2018-04-03 12:07:00	2018-04-03 11:50:00	J	NI	2018-04-04 07:52:59	5.0	85.0	C	14.0		2.0	6.21		M	M	M									13.0	190.0	18.0	6.21		FEW	SCT	M	1200.0	2000.0						
467566	2018-04-03 00:00:00	491.0	CSTPW	E90	EMBRAER 190	PGA	TLS	2018-04-03 09:25:00	2018-04-03 09:25:00	2018-04-03 09:38:00	LIS	2018-04-03 11:18:00	2018-04-03 11:23:00	2018-04-03 11:25:00	J	NI					15.0	120.0	20.0	6.21		FEW	M	M	1000.0								14.0	240.0	16.0	6.21		FEW	SCT	BKN	1200.0	2100.0	3000.0					
467567	2018-04-03 00:00:00	647.0	OOTCT	320	AIRBUS A320-211	NB	BRU	2018-04-03 09:30:00	2018-04-03 10:06:00	2018-04-03 10:19:00	LIS	2018-04-03 12:55:00	2018-04-03 13:01:00	2018-04-03 12:20:00	J	TP	2018-04-09 08:56:59	36.0	93.0	K	12.0	190.0	13.0	6.21		M	M	M									16.0	230.0	23.0	6.21	36.0	FEW	BKN	M	1800.0	2800.0						
467568	2018-04-03 00:00:00	1931.0	CSDJA	AT7	ATR 72	WI	OPO	2018-04-03 09:30:00	2018-04-03 09:38:00	2018-04-03 09:49:00	LIS	2018-04-03 10:41:00	2018-04-03 10:43:00	2018-04-03 10:30:00	J	WI	2018-04-03 09:55:29	2.0	84.0	0	13.0	200.0	16.0	5.59		FEW	SCT	BKN	1300.0	2000.0	4800.0						15.0	210.0	19.0	6.21		FEW	SCT	M	1900.0	2300.0						
467569	2018-04-03 00:00:00	223.0	CSTOW	333	AIRBUS A330-300	WB	LIS	2018-04-03 09:35:00	2018-04-03 09:37:00	2018-04-03 10:02:00	MIA	2018-04-03 19:24:00	2018-04-03 19:27:00	2018-04-03 18:30:00	J	TP	2018-04-03 10:07:59	2.0	89.0	0	15.0	230.0	14.0	6.21		SCT	BKN	M	1900.0	2300.0								100.0	10.0	10.0		SCT	M	M	3600.0							
467570	2018-04-03 00:00:00	339.0	CSTTX	E95	EMBRAER 195	PGA	LGW	2018-04-03 09:35:00	2018-04-03 09:33:00	2018-04-03 09:48:00	LIS	2018-04-03 12:12:00	2018-04-03 12:16:00	2018-04-03 12:15:00	J	NI					11.0	200.0	10.0	6.21		BKN	M	M	1200.0								16.0	220.0	20.0	6.21		FEW	BKN	M	1700.0	2500.0						
467571	2018-04-03 00:00:00	863.0	FHBIS	320	AIRBUS A320-211	NB	VCE	2018-04-03 09:35:00	2018-04-03 10:13:00	2018-04-03 10:24:00	LIS	2018-04-03 13:24:00	2018-04-03 13:27:00	2018-04-03 12:45:00	J	TP	2018-04-03 10:55:48	5.0	36.0	C	13.0	130.0	7.0	6.21		FEW	SCT	M	3000.0	6000.0							16.0	220.0	25.0	6.21		FEW	BKN	M	1800.0	2500.0						
467572	2018-04-03 00:00:00	1116.0	CSTPP	E90	EMBRAER 190	PGA	LIS	2018-04-03 09:40:00	2018-04-03 09:47:00	2018-04-03 09:59:00	LPA	2018-04-03 12:06:00	2018-04-03 12:11:00	2018-04-03 12:00:00	J	NI	2018-04-03 10:10:59	7.0	89.0	0	15.0	230.0	18.0	6.21		FEW	BKN	M	1900.0	2300.0							21.0	30.0	19.0	6.21		FEW	M	M	3500.0							
467573	2018-04-03 00:00:00	1671.0	CSTTK	319	AIRBUS A319-111	NB	LIS	2018-04-03 09:40:00	2018-04-03 12:41:00	2018-04-03 12:50:00	FNC	2018-04-03 14:21:00	2018-04-03 14:24:00	2018-04-03 11:25:00	J	TP	2018-04-03 13:05:59	21.0	89.0	0	16.0	220.0	20.0	6.21		FEW	BKN	M	1700.0	2500.0							19.0		3.0	6.21		SCT	SCT	M	1500.0	3000.0						
467574	2018-04-03 00:00:00	117.0	CSTOM	332	AIRBUS A330-200	WB	LIS	2018-04-03 09:55:00	2018-04-03 10:05:00	2018-04-03 10:23:00	POA	2018-04-03 21:43:00	2018-04-03 21:48:00	2018-04-03 21:15:00	J	TP	2018-04-03 10:31:59	10.0	89.0	0	15.0	230.0	18.0	6.21		FEW	BKN	M	1900.0	2300.0							23.0	120.0	4.0	6.21		FEW	M	M	3500.0							
467575	2018-04-03 00:00:00	217.0	CSTOO	332	AIRBUS A330-200	WB	LIS	2018-04-03 09:55:00	2018-04-03 10:24:00	2018-04-03 10:38:00	BOS	2018-04-03 17:43:00	2018-04-03 18:00:00	2018-04-03 17:20:00	J	TP	2018-04-03 10:42:59	29.0	89.0	0	15.0	210.0	19.0	6.21		FEW	SCT	M	1900.0	2300.0								170.0	11.0	10.0		OVC	M	M	6000.0							
467576	2018-04-03 00:00:00	413.0	CSTTZ	E95	EMBRAER 195	PGA	NTE	2018-04-03 09:55:00	2018-04-03 10:08:00	2018-04-03 10:15:00	LIS	2018-04-03 12:05:00	2018-04-03 12:08:00	2018-04-03 11:55:00	J	NI	2018-04-04 07:53:59	13.0	81.0	0	11.0	220.0	8.0	6.21		FEW	BKN	BKN	2200.0	4200.0	4800.0						15.0	220.0	17.0	6.21	29.0	FEW	BKN	FEW	1700.0	2800.0	3000.0					
467577	2018-04-03 00:00:00	471.0	CSTPT	E90	EMBRAER 190	PGA	LYS	2018-04-03 09:55:00	2018-04-03 10:00:00	2018-04-03 10:11:00	LIS	2018-04-03 12:27:00	2018-04-03 12:32:00	2018-04-03 12:25:00	J	NI	2018-04-04 07:53:59	5.0	93.0	0	16.0	180.0	10.0	6.21		M	M	M									16.0	220.0	20.0	6.21		FEW	BKN	M	1700.0	2500.0						
467578	2018-04-03 00:00:00	1038.0	CSTNM	320	AIRBUS A320-211	NB	LIS	2018-04-03 09:55:00	2018-04-03 09:58:00	2018-04-03 10:16:00	BCN	2018-04-03 11:45:00	2018-04-03 11:49:00	2018-04-03 11:45:00	J	TP	2018-04-03 10:46:59	3.0	31.0	A	15.0	230.0	18.0	6.21		FEW	BKN	M	1900.0	2300.0							16.0	200.0	9.0	6.21		FEW	M	M	1500.0							
467579	2018-04-03 00:00:00	1312.0	CSTNX	320	AIRBUS A320-211	NB	LIS	2018-04-03 09:55:00	2018-04-03 10:22:00	2018-04-03 10:36:00	BUD	2018-04-03 13:38:00	2018-04-03 13:45:00	2018-04-03 13:25:00	J	TP	2018-04-03 10:36:59	21.0	89.0	0	15.0	210.0	19.0	6.21		FEW	SCT	M	1900.0	2300.0							19.0	210.0	13.0	6.21		M	M	M								
467580	2018-04-03 00:00:00	1097.0	CSDJE	AT7	ATR 72	WI	VLC	2018-04-03 10:00:00	2018-04-03 10:18:00	2018-04-03 10:24:00	LIS	2018-04-03 12:24:00	2018-04-03 12:27:00	2018-04-03 12:20:00	J	WI	2018-04-03 10:26:40	18.0	93.0	0	22.0	260.0	13.0	6.21		FEW	M	M	3000.0								16.0	220.0	20.0	6.21		FEW	BKN	M	1700.0	2500.0						
467581	2018-04-03 00:00:00	1867.0	CSTNH	320	AIRBUS A320-211	NB	LIS	2018-04-03 10:00:00	2018-04-03 10:34:00	2018-04-03 10:49:00	PDL	2018-04-03 13:10:00	2018-04-03 13:12:00	2018-04-03 12:25:00	J	TP	2018-04-03 10:50:59	34.0	89.0	0	15.0	210.0	19.0	6.21		FEW	SCT	M	1900.0	2300.0							16.0	290.0	21.0	6.21		FEW	M	M	1800.0							
467582	2018-04-03 00:00:00	1902.0	CSTTJ	319	AIRBUS A319-111	NB	FAO	2018-04-03 10:00:00	2018-04-03 10:56:00	2018-04-03 11:05:00	LIS	2018-04-03 11:44:00	2018-04-03 11:48:00	2018-04-03 10:50:00	J	TP	2018-04-03 11:48:36	56.0	93.0	0	17.0	240.0	12.0	6.21		FEW	SCT	M	1100.0	1800.0							15.0	220.0	17.0	6.21	29.0	FEW	BKN	FEW	1700.0	2800.0	3000.0					
467583	2018-04-03 00:00:00	1934.0	CSDJD	AT7	ATR 72	WI	LIS	2018-04-03 10:00:00	2018-04-03 10:34:00	2018-04-03 10:47:00	OPO	2018-04-03 11:36:00	2018-04-03 11:39:00	2018-04-03 11:00:00	J	WI	2018-04-03 10:47:59	25.0	89.0	0	15.0	210.0	19.0	6.21		FEW	SCT	M	1900.0	2300.0							13.0	190.0	17.0	6.21		FEW	M	M	2200.0							
467584	2018-04-03 00:00:00	648.0	CSTNU	320	AIRBUS A320-211	NB	LIS	2018-04-03 10:05:00	2018-04-03 10:54:00	2018-04-03 11:07:00	BRU	2018-04-03 13:17:00	2018-04-03 13:23:00	2018-04-03 12:45:00	J	TP	2018-04-03 11:08:59	39.0	89.0	0	14.0	220.0	17.0	6.21		FEW	BKN	M	1800.0	3500.0							15.0	180.0	17.0	6.21		FEW	M	M	3200.0							
467585	2018-04-03 00:00:00	1019.0	CSTTI	319	AIRBUS A319-111	NB	MAD	2018-04-03 10:10:00	2018-04-03 10:27:00	2018-04-03 10:49:00	LIS	2018-04-03 11:52:00	2018-04-03 11:55:00	2018-04-03 11:30:00	J	TP	2018-04-03 10:53:45	2.0	81.0	0	14.0	190.0	14.0	6.21	33.0	FEW	SCT	M	3000.0	5000.0							15.0	220.0	17.0	6.21	29.0	FEW	BKN	FEW	1700.0	2800.0	3000.0					
467586	2018-04-03 00:00:00	89.0	CSTOF	332	AIRBUS A330-200	WB	LIS	2018-04-03 10:15:00	2018-04-03 10:48:00	2018-04-03 11:10:00	GRU	2018-04-03 21:15:00	2018-04-03 21:30:00	2018-04-03 20:30:00	J	TP	2018-04-03 11:22:59	33.0	89.0	0	14.0	220.0	17.0	6.21		FEW	BKN	M	1800.0	3500.0							21.0	70.0	4.0	2.8		BKN	M	M	800.0							
467587	2018-04-03 00:00:00	433.0	CSTNP	320	AIRBUS A320-211	NB	ORY	2018-04-03 10:15:00	2018-04-03 10:20:00	2018-04-03 10:30:00	LIS	2018-04-03 12:57:00	2018-04-03 13:02:00	2018-04-03 12:45:00	J	TP	2018-04-03 10:53:42	5.0	84.0	0	14.0	200.0	9.0	6.21		BKN	M	M	3300.0								16.0	230.0	23.0	6.21	36.0	FEW	BKN	M	1800.0	2800.0						
467588	2018-04-03 00:00:00	827.0	CSTJE	321	AIRBUS A321-211	NB	MXP	2018-04-03 10:15:00	2018-04-03 10:17:00	2018-04-03 10:30:00	LIS	2018-04-03 13:11:00	2018-04-03 13:15:00	2018-04-03 13:05:00	J	TP	2018-04-03 10:41:35	2.0	84.0	0	12.0		2.0	6.21		SCT	BKN	M	3500.0	5000.0							16.0	230.0	23.0	6.21	36.0	FEW	BKN	M	1800.0	2800.0						
467589	2018-04-03 00:00:00	363.0	CSTNS	320	AIRBUS A320-211	NB	LHR	2018-04-03 10:20:00	2018-04-03 10:24:00	2018-04-03 10:41:00	LIS	2018-04-03 13:06:00	2018-04-03 13:09:00	2018-04-03 13:05:00	J	TP	2018-04-03 10:58:38	4.0	89.0	0	12.0	210.0	12.0	6.21		BKN	BKN	M	1600.0	2300.0							16.0	230.0	23.0	6.21	36.0	FEW	BKN	M	1800.0	2800.0						
467590	2018-04-03 00:00:00	872.0	CSTMW	320	AIRBUS A320-211	NB	LIS	2018-04-03 10:20:00	2018-04-03 10:54:00	2018-04-03 11:09:00	BLQ	2018-04-03 13:28:00	2018-04-03 13:32:00	2018-04-03 13:00:00	J	TP	2018-04-03 11:20:59	25.0	89.0	0	14.0	220.0	17.0	6.21		FEW	BKN	M	1800.0	3500.0							16.0	20.0	6.0	6.21		BKN	M	M	5000.0							
467591	2018-04-03 00:00:00	1935.0	CSDJC	AT7	ATR 72	WI	OPO	2018-04-03 10:30:00	2018-04-03 11:15:00	2018-04-03 11:22:00	LIS	2018-04-03 12:11:00	2018-04-03 12:13:00	2018-04-03 11:30:00	J	WI	2018-04-03 11:39:42	12.0	84.0	0	13.0	190.0	17.0	6.21		FEW	M	M	2200.0								15.0	220.0	17.0	6.21	29.0	FEW	BKN	FEW	1700.0	2800.0	3000.0					
467592	2018-04-03 00:00:00	686.0	CSTTG	319	AIRBUS A319-111	NB	OPO	2018-04-03 10:35:00	2018-04-03 10:41:00	2018-04-03 10:52:00	LUX	2018-04-03 12:53:00	2018-04-03 12:59:00	2018-04-03 12:55:00	J	TP	2018-04-04 07:54:59	6.0	89.0	0	13.0	190.0	18.0	6.21		FEW	M	M	1500.0								13.0	210.0	10.0	6.21		M	M	M								
467593	2018-04-03 00:00:00	951.0	CSTNI	320	AIRBUS A320-211	NB	GVA	2018-04-03 10:35:00	2018-04-03 10:56:00	2018-04-03 11:10:00	LIS	2018-04-03 13:28:00	2018-04-03 13:33:00	2018-04-03 13:10:00	J	TP	2018-04-03 11:11:47	11.0	81.0	0	15.0		3.0	6.21		M	M	M									16.0	220.0	25.0	6.21		FEW	BKN	M	1800.0	2500.0						
467594	2018-04-03 00:00:00	1122.0	CSDJF	AT7	ATR 72	WI	LIS	2018-04-03 10:35:00	2018-04-03 11:15:00	2018-04-03 11:38:00	ALC	2018-04-03 13:22:00	2018-04-03 13:25:00	2018-04-03 12:50:00	J	WI	2018-04-03 11:38:59	40.0	93.0	M	14.0	220.0	17.0	6.21		FEW	BKN	M	1800.0	3500.0							22.0	180.0	7.0	6.21		M	M	M								
467595	2018-04-03 00:00:00	1035.0	CSTPU	E90	EMBRAER 190	PGA	BCN	2018-04-03 10:40:00	2018-04-03 15:15:00	2018-04-03 15:29:00	LIS	2018-04-03 17:10:00	2018-04-03 17:13:00	2018-04-03 12:40:00	J	NI	2018-04-03 16:03:43	77.0	89.0	A	16.0	210.0	14.0	6.21		FEW	M	M	2000.0								15.0	220.0	20.0	6.21		SCT	FEW	BKN	1200.0	2000.0	2800.0					
467596	2018-04-03 00:00:00	1453.0	CSTTY	E95	EMBRAER 195	PGA	RAK	2018-04-03 10:45:00	2018-04-03 13:37:00	2018-04-03 13:45:00	LIS	2018-04-03 15:14:00	2018-04-03 15:18:00	2018-04-03 12:20:00	J	NI	2018-04-03 14:12:13	38.0	16.0	F	21.0		3.0	6.21		BKN	M	M	2300.0								15.0	220.0	24.0	6.21	34.0	FEW	SCT	BKN	1400.0	1800.0	2200.0					
467597	2018-04-03 00:00:00	483.0	CSTPS	E90	EMBRAER 190	PGA	NCE	2018-04-03 10:55:00	2018-04-03 10:55:00	2018-04-03 11:17:00	LIS	2018-04-03 13:40:00	2018-04-03 13:45:00	2018-04-03 13:35:00	J	NI					15.0	80.0	23.0	6.21		FEW	SCT	BKN	2300.0	10000.0	26000.0						16.0	220.0	25.0	6.21		FEW	BKN	M	1800.0	2500.0						
467598	2018-04-03 00:00:00	331.0	CSTTD	319	AIRBUS A319-111	NB	LGW	2018-04-03 11:00:00	2018-04-03 11:09:00	2018-04-03 11:27:00	OPO	2018-04-03 13:29:00	2018-04-03 13:32:00	2018-04-03 13:20:00	J	TP	2018-04-03 11:30:42	9.0	89.0	0	12.0	200.0	9.0	6.21		BKN	M	M	1400.0								14.0	200.0	16.0	6.21		SCT	SCT	M	1500.0	2000.0						
467599	2018-04-03 00:00:00	1901.0	CSTNJ	320	AIRBUS A320-211	NB	LIS	2018-04-03 11:00:00	2018-04-03 11:16:00	2018-04-03 11:27:00	FAO	2018-04-03 11:57:00	2018-04-03 12:00:00	2018-04-03 11:45:00	J	TP	2018-04-03 11:39:59	12.0	89.0	0	14.0	240.0	16.0	6.21		FEW	SCT	BKN	1200.0	2100.0	3000.0						18.0	240.0	11.0	6.21		FEW	M	M	1100.0							
467600	2018-04-03 00:00:00	1936.0	CSDJA	AT7	ATR 72	WI	LIS	2018-04-03 11:00:00	2018-04-03 11:22:00	2018-04-03 11:35:00	OPO	2018-04-03 12:37:00	2018-04-03 12:42:00	2018-04-03 12:00:00	J	WI	2018-04-03 11:36:59	9.0	89.0	0	14.0	240.0	16.0	6.21		FEW	SCT	BKN	1200.0	2100.0	3000.0						13.0	180.0	20.0	6.21		FEW	SCT	M	1200.0	1700.0						
467601	2018-04-03 00:00:00	354.0	CSTPQ	E90	EMBRAER 190	PGA	OPO	2018-04-03 11:05:00	2018-04-03 11:05:00	2018-04-03 11:17:00	LCY	2018-04-03 13:08:00	2018-04-03 13:15:00	2018-04-03 13:20:00	J	NI					13.0	190.0	17.0	6.21		FEW	M	M	2200.0								14.0	210.0	14.0	6.21	24.0	SCT	BKN	///	2300.0	3500.0						
467602	2018-04-03 00:00:00	541.0	CSTPV	E90	EMBRAER 190	PGA	DUS	2018-04-03 11:05:00	2018-04-03 11:03:00	2018-04-03 11:15:00	LIS	2018-04-03 14:01:00	2018-04-03 14:07:00	2018-04-03 14:10:00	J	NI					14.0	180.0	12.0	6.21		M	M	M									16.0	230.0	24.0	6.21	34.0	FEW	BKN	M	1600.0	2500.0						
467603	2018-04-03 00:00:00	658.0	CSTTR	319	AIRBUS A319-111	NB	OPO	2018-04-03 11:15:00	2018-04-03 11:52:00	2018-04-03 12:01:00	AMS	2018-04-03 13:59:00	2018-04-03 14:06:00	2018-04-03 14:00:00	J	TP	2018-04-03 12:09:53	3.0	19.0	0	13.0	190.0	18.0	6.21		FEW	SCT	M	1200.0	2000.0							17.0	200.0	17.0	6.21		FEW	SCT	M	3000.0	4500.0						
467604	2018-04-03 00:00:00	561.0	CSTTL	319	AIRBUS A319-111	NB	HAM	2018-04-03 11:20:00	2018-04-03 11:14:00	2018-04-03 11:23:00	LIS	2018-04-03 14:46:00	2018-04-03 14:49:00	2018-04-03 14:50:00	J	TP					14.0	220.0	11.0	6.21		SCT	BKN	M	2500.0	7000.0							16.0	220.0	21.0	6.21		FEW	BKN	M	1600.0	2200.0						
467605	2018-04-03 00:00:00	1102.0	CSDJB	AT7	ATR 72	WI	LIS	2018-04-03 11:20:00	2018-04-03 11:51:00	2018-04-03 12:08:00	SVQ	2018-04-03 12:55:00	2018-04-03 12:59:00	2018-04-03 12:35:00	J	WI	2018-04-03 11:57:59	3.0	89.0	0	15.0	220.0	17.0	6.21	29.0	FEW	BKN	FEW	1700.0	2800.0	3000.0						20.0	260.0	13.0	6.21		SCT	M	M	4000.0							
467606	2018-04-03 00:00:00	1140.0	CSDJH	AT7	ATR 72	WI	LIS	2018-04-03 11:20:00	2018-04-03 12:08:00	2018-04-03 12:29:00	VGO	2018-04-03 13:30:00	2018-04-03 13:33:00	2018-04-03 12:40:00	J	WI	2018-04-03 12:55:59	48.0	15.0	A	15.0	220.0	17.0	6.21	29.0	FEW	BKN	FEW	1700.0	2800.0	3000.0						13.0	210.0	18.0	6.21	29.0	SCT	SCT	BKN	2500.0	3000.0	4000.0					
467607	2018-04-03 00:00:00	1271.0	CSTTC	319	AIRBUS A319-111	NB	VIE	2018-04-03 11:20:00	2018-04-03 11:28:00	2018-04-03 11:34:00	LIS	2018-04-03 15:01:00	2018-04-03 15:05:00	2018-04-03 14:55:00	J	TP	2018-04-04 07:54:59	8.0	89.0	0	15.0	120.0	6.0	6.21		M	M	M									16.0	220.0	21.0	6.21		FEW	BKN	M	1600.0	2200.0						
467608	2018-04-03 00:00:00	2615.0	CSTKR	763	BOEING 767-300/300ER		LIS	2018-04-03 11:20:00	2018-04-03 12:48:00	2018-04-03 13:08:00	CUR	2018-04-03 23:18:00	2018-04-03 23:25:00	2018-04-03 19:45:00	J	YU	2018-04-03 17:36:59	10.0	89.0	0	16.0	230.0	23.0	6.21	36.0	FEW	BKN	M	1800.0	2800.0							27.0	80.0	11.0	6.21		FEW	M	M	2000.0							
467609	2018-04-03 00:00:00	573.0	CSTNR	320	AIRBUS A320-211	NB	FRA	2018-04-03 11:25:00	2018-04-03 11:47:00	2018-04-03 11:59:00	LIS	2018-04-03 14:54:00	2018-04-03 14:58:00	2018-04-03 14:35:00	J	TP	2018-04-20 15:33:59	20.0	15.0	A	19.0	220.0	10.0	6.21		M	M	M									16.0	220.0	21.0	6.21		FEW	BKN	M	1600.0	2200.0						
467610	2018-04-03 00:00:00	836.0	CSTNK	320	AIRBUS A320-211	NB	LIS	2018-04-03 11:25:00	2018-04-03 12:59:00	2018-04-03 13:16:00	FCO	2018-04-03 15:39:00	2018-04-03 15:48:00	2018-04-03 14:15:00	J	TP	2018-04-03 13:19:59	29.0	89.0	0	16.0	230.0	23.0	6.21	36.0	FEW	BKN	M	1800.0	2800.0							16.0	140.0	7.0	6.21		M	M	M								
467611	2018-04-03 00:00:00	442.0	CSTTA	319	AIRBUS A319-111	NB	LIS	2018-04-03 11:30:00	2018-04-03 11:49:00	2018-04-03 12:03:00	ORY	2018-04-03 14:02:00	2018-04-03 14:06:00	2018-04-03 13:55:00	J	TP	2018-04-03 12:29:59	9.0	89.0	0	15.0	220.0	17.0	6.21	29.0	FEW	BKN	FEW	1700.0	2800.0	3000.0						14.0	150.0	9.0	6.21		FEW	BKN	BKN	3000.0	3300.0	4300.0					
467612	2018-04-03 00:00:00	931.0	CSTNN	320	AIRBUS A320-211	NB	ZRH	2018-04-03 11:30:00	2018-04-03 11:41:00	2018-04-03 11:57:00	LIS	2018-04-03 14:35:00	2018-04-03 14:39:00	2018-04-03 14:20:00	J	TP	2018-04-03 13:27:55	11.0	93.0	R	17.0		3.0	6.21		M	M	M									16.0	220.0	25.0	6.21	35.0	FEW	BKN	M	1600.0	2200.0						
467613	2018-04-03 00:00:00	1937.0	CSDJD	AT7	ATR 72	WI	OPO	2018-04-03 11:30:00	2018-04-03 12:12:00	2018-04-03 12:25:00	LIS	2018-04-03 13:15:00	2018-04-03 13:18:00	2018-04-03 12:30:00	J	WI	2018-04-03 12:26:42	3.0	89.0	0	13.0	190.0	18.0	6.21		FEW	SCT	M	1200.0	2000.0							16.0	220.0	25.0	6.21		FEW	BKN	M	1800.0	2500.0						
467614	2018-04-03 00:00:00	557.0	CSTNL	320	AIRBUS A320-211	NB	MUC	2018-04-03 11:35:00	2018-04-03 12:17:00	2018-04-03 12:32:00	LIS	2018-04-03 15:43:00	2018-04-03 15:46:00	2018-04-03 14:50:00	J	TP	2018-04-03 12:40:48	7.0	16.0	H	19.0		4.0	6.21		M	M	M									15.0	220.0	22.0	6.21	32.0	SCT	FEW	BKN	1200.0	2000.0	2200.0					
467615	2018-04-03 00:00:00	826.0	CSTQD	320	AIRBUS A320-211	NB	LIS	2018-04-03 11:35:00	2018-04-03 11:48:00	2018-04-03 11:59:00	MXP	2018-04-03 14:02:00	2018-04-03 14:10:00	2018-04-03 14:10:00	J	TP	2018-04-03 12:15:59	2.0	89.0	0	15.0	220.0	17.0	6.21	29.0	FEW	BKN	FEW	1700.0	2800.0	3000.0						12.0	360.0	5.0	6.21		BKN	M	M	5000.0							
467616	2018-04-03 00:00:00	839.0	CSTJF	321	AIRBUS A321-211	NB	FCO	2018-04-03 11:35:00	2018-04-03 12:17:00	2018-04-03 12:34:00	LIS	2018-04-03 15:34:00	2018-04-03 15:41:00	2018-04-03 14:45:00	J	TP	2018-04-03 12:50:46	1.0	89.0	0	20.0	160.0	10.0	6.21		M	M	M									15.0	220.0	24.0	6.21	34.0	FEW	SCT	BKN	1400.0	1800.0	2200.0					
467617	2018-04-03 00:00:00	939.0	CSTTS	319	AIRBUS A319-111	NB	GVA	2018-04-03 11:40:00	2018-04-03 11:42:00	2018-04-03 11:51:00	OPO	2018-04-03 14:00:00	2018-04-03 14:07:00	2018-04-03 13:55:00	J	TP	2018-04-03 12:00:50	2.0	89.0	0	15.0	220.0	10.0	6.21		FEW	BKN	OVC	5500.0	7000.0	27000.0						14.0	200.0	15.0	6.21		FEW	SCT	M	1700.0	2400.0						
467618	2018-04-03 00:00:00	663.0	CSTTE	319	AIRBUS A319-111	NB	AMS	2018-04-03 11:45:00	2018-04-03 13:48:00	2018-04-03 13:58:00	LIS	2018-04-03 16:44:00	2018-04-03 16:46:00	2018-04-03 14:50:00	J	TP	2018-04-20 16:38:59	11.0	15.0	0	17.0	200.0	17.0	6.21		FEW	SCT	M	3000.0	4500.0							15.0	220.0	20.0	6.21		SCT	FEW	BKN	1200.0	2000.0	2800.0					
467619	2018-04-03 00:00:00	692.0	CSTTQ	319	AIRBUS A319-111	NB	LIS	2018-04-03 11:50:00	2018-04-03 13:10:00	2018-04-03 13:22:00	LUX	2018-04-03 15:33:00	2018-04-03 15:39:00	2018-04-03 14:30:00	J	TP	2018-04-10 14:52:59	50.0	42.0	C	16.0	230.0	23.0	6.21	36.0	FEW	BKN	M	1800.0	2800.0							13.0	160.0	5.0	6.21		FEW	BKN	M	4200.0	6000.0						
467620	2018-04-03 00:00:00	201.0	CSTOL	332	AIRBUS A330-200	WB	LIS	2018-04-03 11:55:00	2018-04-03 11:55:00	2018-04-03 12:18:00	EWR	2018-04-03 19:59:00	2018-04-03 20:06:00	2018-04-03 19:50:00	J	TP	2018-04-03 12:22:59	1.0	89.0	0	15.0	220.0	17.0	6.21	29.0	FEW	BKN	FEW	1700.0	2800.0	3000.0							100.0	5.0	2.0		BKN	OVC	M	499.0	999.0						
467621	2018-04-03 00:00:00	342.0	CSTTF	319	AIRBUS A319-111	NB	LIS	2018-04-03 11:55:00	2018-04-03 12:06:00	2018-04-03 12:21:00	LGW	2018-04-03 14:26:00	2018-04-03 14:35:00	2018-04-03 14:35:00	J	TP	2018-04-03 12:23:59	11.0	39.0	C	15.0	220.0	17.0	6.21	29.0	FEW	BKN	FEW	1700.0	2800.0	3000.0						12.0	210.0	12.0	6.21		BKN	M	M	1800.0							
467622	2018-04-03 00:00:00	1938.0	CSDJC	AT7	ATR 72	WI	LIS	2018-04-03 12:00:00	2018-04-03 12:57:00	2018-04-03 13:13:00	OPO	2018-04-03 14:04:00	2018-04-03 14:07:00	2018-04-03 13:00:00	J	WI	2018-04-03 13:24:59	14.0	37.0	A	16.0	230.0	23.0	6.21	36.0	FEW	BKN	M	1800.0	2800.0							14.0	200.0	15.0	6.21		FEW	SCT	M	1700.0	2400.0						
467623	2018-04-03 00:00:00	439.0	CSTTU	319	AIRBUS A319-111	NB	ORY	2018-04-03 12:10:00	2018-04-03 12:20:00	2018-04-03 12:29:00	LIS	2018-04-03 14:49:00	2018-04-03 14:54:00	2018-04-03 14:40:00	J	TP	2018-04-03 12:36:42	5.0	89.0	0	14.0	190.0	9.0	6.21		BKN	M	M	3000.0								16.0	220.0	21.0	6.21		FEW	BKN	M	1600.0	2200.0						
467624	2018-04-03 00:00:00	466.0	CSTPS	E90	EMBRAER 190	PGA	LIS	2018-04-03 12:10:00	2018-04-03 14:54:00	2018-04-03 15:02:00	BOD	2018-04-03 16:37:00	2018-04-03 16:41:00	2018-04-03 13:55:00	J	NI	2018-04-03 15:05:59	29.0	89.0	0	16.0	220.0	21.0	6.21		FEW	BKN	M	1600.0	2200.0							16.0	110.0	6.0	6.21		FEW	BKN	BKN	3600.0	7200.0	10000.0					
467625	2018-04-03 00:00:00	1682.0	CSTTK	319	AIRBUS A319-111	NB	FNC	2018-04-03 12:10:00	2018-04-03 14:56:00	2018-04-03 15:03:00	LIS	2018-04-03 16:19:00	2018-04-03 16:23:00	2018-04-03 13:50:00	J	TP	2018-04-03 15:14:26	21.0	93.0	M	19.0	330.0	7.0	6.21		SCT	SCT	M	1500.0	3000.0							15.0	220.0	20.0	6.21		SCT	FEW	BKN	1600.0	2000.0	2500.0					
467626	2018-04-03 00:00:00	1028.0	CSTTJ	319	AIRBUS A319-111	NB	LIS	2018-04-03 12:20:00	2018-04-03 12:31:00	2018-04-03 12:39:00	MAD	2018-04-03 13:30:00	2018-04-03 13:38:00	2018-04-03 13:35:00	J	TP	2018-04-03 12:44:59	11.0	93.0	J	16.0	220.0	20.0	6.21		FEW	BKN	M	1700.0	2500.0							17.0	200.0	20.0	6.21		FEW	SCT	M	5000.0	6500.0						
467627	2018-04-03 00:00:00	522.0	CSTPW	E90	EMBRAER 190	PGA	LIS	2018-04-03 12:25:00	2018-04-03 12:49:00	2018-04-03 12:59:00	STR	2018-04-03 15:24:00	2018-04-03 15:29:00	2018-04-03 15:15:00	J	NI	2018-04-03 12:59:59	24.0	31.0	A	16.0	230.0	23.0	6.21	36.0	FEW	BKN	M	1800.0	2800.0							21.0	200.0	8.0	6.21		M	M	M								
467628	2018-04-03 00:00:00	764.0	LYPGC	737	BOEING 737 ALL SERIES		LIS	2018-04-03 12:25:00	2018-04-03 14:09:00	2018-04-03 14:19:00	OSL	2018-04-03 17:51:00	2018-04-03 17:58:00	2018-04-03 16:25:00	J	TP	2018-04-03 14:38:59	64.0	89.0	0	16.0	230.0	24.0	6.21	34.0	FEW	BKN	M	1600.0	2500.0							-1.0	30.0	4.0	6.21		NSC	M	M								
467629	2018-04-03 00:00:00	926.0	CSTJH	321	AIRBUS A321-211	NB	LIS	2018-04-03 12:30:00	2018-04-03 13:08:00	2018-04-03 13:25:00	ZRH	2018-04-03 15:31:00	2018-04-03 15:40:00	2018-04-03 15:10:00	J	TP	2018-04-03 13:31:59	38.0	89.0	0	16.0	230.0	23.0	6.21	36.0	FEW	BKN	M	1800.0	2800.0							18.0	230.0	7.0	6.21		FEW	SCT	M	7000.0	11000.0						
467630	2018-04-03 00:00:00	1039.0	CSTNM	320	AIRBUS A320-211	NB	BCN	2018-04-03 12:30:00	2018-04-03 13:17:00	2018-04-03 13:32:00	LIS	2018-04-03 15:23:00	2018-04-03 15:27:00	2018-04-03 14:25:00	J	TP	2018-04-03 13:38:44	42.0	89.0	A	16.0	210.0	15.0	6.21		FEW	M	M	2000.0								15.0	220.0	24.0	6.21	34.0	FEW	SCT	BKN	1400.0	1800.0	2200.0					
467631	2018-04-03 00:00:00	1681.0	CSTTP	319	AIRBUS A319-111	NB	LIS	2018-04-03 12:30:00	2018-04-03 12:45:00	2018-04-03 12:56:00	FNC	2018-04-03 14:28:00	2018-04-03 14:30:00	2018-04-03 14:15:00	J	TP	2018-04-03 13:10:59	15.0	32.0	A	16.0	220.0	20.0	6.21		FEW	BKN	M	1700.0	2500.0							19.0		3.0	6.21		SCT	SCT	M	1500.0	3000.0						
467632	2018-04-03 00:00:00	1906.0	CSTNJ	320	AIRBUS A320-211	NB	FAO	2018-04-03 12:30:00	2018-04-03 12:35:00	2018-04-03 12:43:00	LIS	2018-04-03 13:18:00	2018-04-03 13:21:00	2018-04-03 13:15:00	J	TP	2018-04-03 12:58:41	5.0	93.0	0	18.0	240.0	13.0	6.21		FEW	M	M	1100.0								16.0	220.0	25.0	6.21		FEW	BKN	M	1800.0	2500.0						
467633	2018-04-03 00:00:00	1939.0	CSDJA	AT7	ATR 72	WI	OPO	2018-04-03 12:30:00	2018-04-03 13:09:00	2018-04-03 13:16:00	LIS	2018-04-03 14:05:00	2018-04-03 14:09:00	2018-04-03 13:30:00	J	WI	2018-04-03 13:27:57	39.0	93.0	R	14.0	200.0	19.0	6.21		SCT	SCT	M	1500.0	3000.0							16.0	230.0	24.0	6.21	34.0	FEW	BKN	M	1600.0	2500.0						
467634	2018-04-03 00:00:00	359.0	CSTTN	319	AIRBUS A319-111	NB	LHR	2018-04-03 12:45:00	2018-04-03 13:10:00	2018-04-03 13:21:00	LIS	2018-04-03 15:46:00	2018-04-03 15:50:00	2018-04-03 15:30:00	J	TP	2018-04-03 14:01:06	25.0	89.0	0	13.0	210.0	14.0	6.21		FEW	SCT	///	2300.0	3000.0							15.0	220.0	22.0	6.21	32.0	SCT	FEW	BKN	1200.0	2000.0	2200.0					
467635	2018-04-03 00:00:00	402.0	CSTTX	E95	EMBRAER 195	PGA	LIS	2018-04-03 12:45:00	2018-04-03 13:30:00	2018-04-03 13:42:00	MRS	2018-04-03 15:31:00	2018-04-03 15:35:00	2018-04-03 15:00:00	J	NI	2018-04-09 11:49:59	24.0	89.0	0	16.0	220.0	25.0	6.21		FEW	BKN	M	1800.0	2500.0							18.0	120.0	21.0	6.21		M	M	M								
467636	2018-04-03 00:00:00	924.0	CSTPO	E90	EMBRAER 190	PGA	OPO	2018-04-03 12:45:00	2018-04-03 13:12:00	2018-04-03 13:27:00	ZRH	2018-04-03 15:30:00	2018-04-03 15:37:00	2018-04-03 15:15:00	J	NI	2018-04-03 14:01:06	10.0	89.0	0	14.0	200.0	19.0	6.21		SCT	SCT	M	1500.0	3000.0							18.0	230.0	7.0	6.21		FEW	SCT	M	7000.0	11000.0						
467637	2018-04-03 00:00:00	1119.0	CSTPP	E90	EMBRAER 190	PGA	LPA	2018-04-03 12:45:00	2018-04-03 12:56:00	2018-04-03 13:09:00	LIS	2018-04-03 15:04:00	2018-04-03 15:08:00	2018-04-03 15:00:00	J	NI	2018-04-03 13:24:51	4.0	89.0	0	22.0	30.0	20.0	6.21		FEW	M	M	3500.0								16.0	220.0	21.0	6.21		FEW	BKN	M	1600.0	2200.0						
467638	2018-04-03 00:00:00	783.0	CSTNW	320	AIRBUS A320-211	NB	ARN	2018-04-03 12:50:00	2018-04-03 13:12:00	2018-04-03 13:26:00	LIS	2018-04-03 17:45:00	2018-04-03 17:49:00	2018-04-03 17:15:00	J	TP	2018-04-20 16:41:59	7.0	31.0	B	6.0	80.0	6.0	6.21		M	M	M									15.0	240.0	19.0	6.21		FEW	FEW	BKN	1800.0	2000.0	2400.0					
467639	2018-04-03 00:00:00	1946.0	CSDJE	AT7	ATR 72	WI	LIS	2018-04-03 13:00:00	2018-04-03 13:28:00	2018-04-03 13:39:00	OPO	2018-04-03 14:27:00	2018-04-03 14:30:00	2018-04-03 14:00:00	J	WI	2018-04-03 13:46:59	28.0	32.0	A	16.0	220.0	25.0	6.21		FEW	BKN	M	1800.0	2500.0							14.0	200.0	18.0	6.21	28.0	FEW	SCT	M	1700.0	2400.0						
467640	2018-04-03 00:00:00	1300.0	CSTNY	320	AIRBUS A320-211	NB	LIS	2018-04-03 13:05:00	2018-04-03 13:55:00	2018-04-03 14:11:00	PRG	2018-04-03 16:58:00	2018-04-03 17:05:00	2018-04-03 16:20:00	J	TP	2018-04-03 14:13:59	50.0	89.0	0	16.0	230.0	24.0	6.21	34.0	FEW	BKN	M	1600.0	2500.0							18.0	190.0	6.0	6.21		M	M	M								
467641	2018-04-03 00:00:00	484.0	CSTTY	E95	EMBRAER 195	PGA	LIS	2018-04-03 13:10:00	2018-04-03 16:12:00	2018-04-03 16:25:00	NCE	2018-04-03 18:19:00	2018-04-03 18:23:00	2018-04-03 15:35:00	J	NI	2018-04-03 16:37:59	14.0	89.0	0	15.0	220.0	22.0	6.21	32.0	SCT	FEW	BKN	1200.0	2000.0	2200.0						14.0	90.0	21.0	6.21		BKN	M	M	5300.0							
467642	2018-04-03 00:00:00	948.0	CSTTI	319	AIRBUS A319-111	NB	LIS	2018-04-03 13:10:00	2018-04-03 13:53:00	2018-04-03 14:02:00	GVA	2018-04-03 15:59:00	2018-04-03 16:02:00	2018-04-03 15:30:00	J	TP	2018-04-03 14:05:59	43.0	89.0	0	16.0	230.0	24.0	6.21	34.0	FEW	BKN	M	1600.0	2500.0							14.0	20.0	3.0	6.21		FEW	BKN	BKN	5000.0	9000.0	12000.0					
467643	2018-04-03 00:00:00	1265.0	CSTNG	320	AIRBUS A320-211	NB	WAW	2018-04-03 13:10:00	2018-04-03 14:04:00	2018-04-03 14:12:00	LIS	2018-04-03 18:24:00	2018-04-03 18:29:00	2018-04-03 17:25:00	J	TP	2018-04-09 09:44:59	9.0	89.0	0	14.0	210.0	8.0	6.21		M	M	M									15.0	230.0	18.0	6.21		FEW	FEW	BKN	1800.0	2000.0	2600.0					
467644	2018-04-03 00:00:00	1105.0	CSDJB	AT7	ATR 72	WI	SVQ	2018-04-03 13:15:00	2018-04-03 14:53:00	2018-04-03 15:01:00	LIS	2018-04-03 16:03:00	2018-04-03 16:08:00	2018-04-03 14:25:00	J	WI	2018-04-03 15:46:37	84.0	82.0	0	20.0	220.0	18.0	6.21		SCT	M	M	4500.0								15.0	220.0	22.0	6.21	32.0	SCT	FEW	BKN	1200.0	2000.0	2200.0					
467645	2018-04-03 00:00:00	1434.0	CSTPT	E90	EMBRAER 190	PGA	LIS	2018-04-03 13:15:00	2018-04-03 14:16:00	2018-04-03 14:29:00	CMN	2018-04-03 15:29:00	2018-04-03 15:35:00	2018-04-03 14:55:00	J	NI	2018-04-03 14:44:59	61.0	95.0	A	16.0	220.0	25.0	6.21	35.0	FEW	BKN	M	1600.0	2200.0							19.0	320.0	14.0	6.21		BKN	M	M	1600.0							
467646	2018-04-03 00:00:00	1868.0	CSTNH	320	AIRBUS A320-211	NB	PDL	2018-04-03 13:15:00	2018-04-03 14:00:00	2018-04-03 14:09:00	LIS	2018-04-03 15:58:00	2018-04-03 16:01:00	2018-04-03 15:30:00	J	TP	2018-04-09 09:55:59	4.0	93.0	R	15.0	290.0	19.0	6.21		FEW	M	M	2000.0								15.0	220.0	22.0	6.21	32.0	SCT	FEW	BKN	1200.0	2000.0	2200.0					
467647	2018-04-03 00:00:00	472.0	CSTTZ	E95	EMBRAER 195	PGA	LIS	2018-04-03 13:20:00	2018-04-03 13:48:00	2018-04-03 13:55:00	LYS	2018-04-03 15:44:00	2018-04-03 15:48:00	2018-04-03 15:35:00	J	NI	2018-04-03 14:01:59	28.0	89.0	0	16.0	230.0	24.0	6.21	34.0	FEW	BKN	M	1600.0	2500.0							18.0	210.0	12.0	6.21		M	M	M								
467648	2018-04-03 00:00:00	586.0	CSTPR	E90	EMBRAER 190	PGA	LIS	2018-04-03 13:20:00	2018-04-03 13:51:00	2018-04-03 13:57:00	CGN	2018-04-03 16:11:00	2018-04-03 16:16:00	2018-04-03 16:10:00	J	NI	2018-04-03 14:06:59	31.0	89.0	0	16.0	230.0	24.0	6.21	34.0	FEW	BKN	M	1600.0	2500.0							13.0	190.0	6.0	6.21		NSC	M	M								
467649	2018-04-03 00:00:00	1141.0	CSDJH	AT7	ATR 72	WI	VGO	2018-04-03 13:20:00	2018-04-03 14:03:00	2018-04-03 14:13:00	LIS	2018-04-03 15:31:00	2018-04-03 15:35:00	2018-04-03 14:40:00	J	WI	2018-04-03 15:42:25	43.0	93.0	0	14.0	210.0	22.0	5.59	35.0	SCT	BKN	M	3000.0	4000.0							15.0	220.0	24.0	6.21	34.0	FEW	SCT	BKN	1400.0	1800.0	2200.0					
467650	2018-04-03 00:00:00	324.0	CSTTW	E95	EMBRAER 195	PGA	LIS	2018-04-03 13:25:00	2018-04-03 14:26:00	2018-04-03 14:37:00	MAN	2018-04-03 16:57:00	2018-04-03 17:01:00	2018-04-03 16:15:00	J	NI	2018-04-03 14:42:59	61.0	89.0	0	16.0	220.0	25.0	6.21	35.0	FEW	BKN	M	1600.0	2200.0							11.0	210.0	6.0	6.21		FEW	FEW	M	2500.0	5000.0						
467651	2018-04-03 00:00:00	1274.0	CSTJG	321	AIRBUS A321-211	NB	LIS	2018-04-03 13:25:00	2018-04-03 14:41:00	2018-04-03 14:53:00	VIE	2018-04-03 17:39:00	2018-04-03 17:42:00	2018-04-03 16:45:00	J	TP	2018-04-03 15:03:59	76.0	89.0	0	16.0	220.0	25.0	6.21	35.0	FEW	BKN	M	1600.0	2200.0							15.0	130.0	12.0	6.21		M	M	M								
467652	2018-04-03 00:00:00	643.0	CSTNU	320	AIRBUS A320-211	NB	BRU	2018-04-03 13:30:00	2018-04-03 14:19:00	2018-04-03 14:27:00	LIS	2018-04-03 17:04:00	2018-04-03 17:07:00	2018-04-03 16:20:00	J	TP	2018-04-04 07:16:59	5.0	89.0	0	14.0	190.0	10.0	6.21		BKN	M	M	4600.0								15.0	220.0	20.0	6.21		SCT	FEW	BKN	1200.0	2000.0	2800.0					
467653	2018-04-03 00:00:00	1123.0	CSDJF	AT7	ATR 72	WI	ALC	2018-04-03 13:30:00	2018-04-03 14:23:00	2018-04-03 14:34:00	LIS	2018-04-03 16:53:00	2018-04-03 16:59:00	2018-04-03 16:00:00	J	WI	2018-04-03 14:37:22	18.0	82.0	0	23.0	180.0	7.0	6.21		M	M	M									15.0	220.0	20.0	6.21		SCT	FEW	BKN	1200.0	2000.0	2800.0					
467654	2018-04-03 00:00:00	1947.0	CSDJC	AT7	ATR 72	WI	OPO	2018-04-03 13:30:00	2018-04-03 16:23:00	2018-04-03 16:41:00	LIS	2018-04-03 17:26:00	2018-04-03 17:29:00	2018-04-03 14:30:00	J	WI	2018-04-09 10:04:59	106.0	82.0	0	14.0	200.0	18.0	5.59		SCT	SCT	BKN	2200.0	2500.0	3000.0						15.0	220.0	18.0	6.21		SCT	FEW	BKN	1400.0	2000.0	2800.0					
467655	2018-04-03 00:00:00	687.0	CSTTG	319	AIRBUS A319-111	NB	LUX	2018-04-03 13:40:00	2018-04-03 13:53:00	2018-04-03 14:05:00	OPO	2018-04-03 16:23:00	2018-04-03 16:28:00	2018-04-03 16:10:00	J	TP	2018-04-03 14:18:24	9.0	87.0	0	12.0	220.0	10.0	6.21		FEW	BKN	M	3500.0	6000.0							14.0	200.0	18.0	5.59		SCT	SCT	BKN	2200.0	2500.0	3000.0					
467656	2018-04-03 00:00:00	576.0	CSTOU	333	AIRBUS A330-300	WB	LIS	2018-04-03 13:45:00	2018-04-03 14:28:00	2018-04-03 14:40:00	FRA	2018-04-03 17:05:00	2018-04-03 17:20:00	2018-04-03 16:50:00	J	TP	2018-04-03 14:43:59	43.0	89.0	0	16.0	220.0	25.0	6.21	35.0	FEW	BKN	M	1600.0	2200.0							18.0	180.0	3.0	6.21		FEW	BKN	M	3200.0	6000.0						
467657	2018-04-03 00:00:00	871.0	CSTMW	320	AIRBUS A320-211	NB	BLQ	2018-04-03 13:45:00	2018-04-03 14:18:00	2018-04-03 14:30:00	LIS	2018-04-03 17:20:00	2018-04-03 17:25:00	2018-04-03 16:45:00	J	TP	2018-04-09 09:22:59	23.0	93.0	M	16.0	50.0	5.0	6.21		SCT	M	M	5000.0								15.0	220.0	18.0	6.21		SCT	FEW	BKN	1400.0	2000.0	2800.0					
467658	2018-04-03 00:00:00	353.0	CSTPQ	E90	EMBRAER 190	PGA	LCY	2018-04-03 13:50:00	2018-04-03 14:58:00	2018-04-03 15:09:00	OPO	2018-04-03 17:17:00	2018-04-03 17:22:00	2018-04-03 16:10:00	J	NI	2018-04-03 16:29:45	64.0	82.0	0	14.0	220.0	15.0	6.21		SCT	M	M	3000.0								12.0	210.0	15.0	3.11		SCT	SCT	BKN	1400.0	2000.0	3000.0					
467659	2018-04-03 00:00:00	432.0	CSTNI	320	AIRBUS A320-211	NB	LIS	2018-04-03 13:55:00	2018-04-03 15:05:00	2018-04-03 15:19:00	ORY	2018-04-03 17:10:00	2018-04-03 17:14:00	2018-04-03 16:20:00	J	TP	2018-04-03 15:23:59	47.0	89.0	0	16.0	220.0	21.0	6.21		FEW	BKN	M	1600.0	2200.0							11.0	220.0	8.0	6.21		M	M	M								
467660	2018-04-03 00:00:00	554.0	CSTNS	320	AIRBUS A320-211	NB	LIS	2018-04-03 13:55:00	2018-04-03 16:02:00	2018-04-03 16:15:00	MUC	2018-04-03 18:38:00	2018-04-03 18:46:00	2018-04-03 16:55:00	J	TP	2018-04-03 16:24:59	89.0	89.0	0	15.0	220.0	22.0	6.21	32.0	SCT	FEW	BKN	1200.0	2000.0	2200.0						16.0	160.0	6.0	6.21		M	M	M								
467661	2018-04-03 00:00:00	662.0	CSTJE	321	AIRBUS A321-211	NB	LIS	2018-04-03 13:55:00	2018-04-03 15:08:00	2018-04-03 15:22:00	AMS	2018-04-03 17:40:00	2018-04-03 17:48:00	2018-04-03 16:50:00	J	TP	2018-04-03 15:25:59	53.0	89.0	0	16.0	220.0	21.0	6.21		FEW	BKN	M	1600.0	2200.0							13.0	210.0	10.0	6.21		FEW	SCT	M	2000.0	2500.0						
467662	2018-04-03 00:00:00	1952.0	CSDJD	AT7	ATR 72	WI	LIS	2018-04-03 14:00:00	2018-04-03 14:22:00	2018-04-03 14:32:00	OPO	2018-04-03 15:28:00	2018-04-03 15:33:00	2018-04-03 15:00:00	J	WI	2018-04-03 14:33:59	22.0	89.0	0	16.0	220.0	25.0	6.21	35.0	FEW	BKN	M	1600.0	2200.0							14.0	200.0	19.0	6.21	29.0	SCT	SCT	BKN	1900.0	2200.0	3600.0					
467663	2018-04-03 00:00:00	356.0	CSTNJ	320	AIRBUS A320-211	NB	LIS	2018-04-03 14:05:00	2018-04-03 15:00:00	2018-04-03 15:12:00	LHR	2018-04-03 17:13:00	2018-04-03 17:20:00	2018-04-03 16:45:00	J	TP	2018-04-03 15:25:59	55.0	89.0	0	16.0	220.0	21.0	6.21		FEW	BKN	M	1600.0	2200.0							12.0	210.0	11.0	6.21		FEW	M	M	2600.0							
467664	2018-04-03 00:00:00	1315.0	CSTNX	320	AIRBUS A320-211	NB	BUD	2018-04-03 14:10:00	2018-04-03 14:28:00	2018-04-03 14:37:00	LIS	2018-04-03 18:30:00	2018-04-03 18:35:00	2018-04-03 18:00:00	J	TP	2018-04-09 09:45:59	18.0	93.0	M	19.0	200.0	12.0	6.21		M	M	M									15.0	230.0	18.0	6.21		FEW	FEW	BKN	1800.0	2000.0	2600.0					
467665	2018-04-03 00:00:00	496.0	CSTPV	E90	EMBRAER 190	PGA	LIS	2018-04-03 14:15:00	2018-04-03 15:14:00	2018-04-03 15:24:00	TLS	2018-04-03 16:45:00	2018-04-03 16:50:00	2018-04-03 16:05:00	J	NI	2018-04-03 15:27:59	27.0	89.0	0	16.0	220.0	21.0	6.21		FEW	BKN	M	1600.0	2200.0							16.0	120.0	12.0	6.21		BKN	BKN	M	2100.0	21000.0						
467666	2018-04-03 00:00:00	1027.0	CSTTJ	319	AIRBUS A319-111	NB	MAD	2018-04-03 14:30:00	2018-04-03 14:25:00	2018-04-03 14:40:00	LIS	2018-04-03 15:50:00	2018-04-03 15:54:00	2018-04-03 15:50:00	J	TP					17.0	190.0	19.0	6.21	37.0	FEW	SCT	M	6000.0	7900.0							15.0	220.0	22.0	6.21	32.0	SCT	FEW	BKN	1200.0	2000.0	2200.0					
467667	2018-04-03 00:00:00	1949.0	CSDJE	AT7	ATR 72	WI	OPO	2018-04-03 14:30:00	2018-04-03 16:56:00	2018-04-03 17:03:00	LIS	2018-04-03 17:49:00	2018-04-03 17:57:00	2018-04-03 15:30:00	J	WI	2018-04-04 06:33:20	116.0	82.0	0	13.0	210.0	20.0	2.17	30.0	SCT	SCT	BKN	1600.0	2300.0	3400.0						15.0	240.0	19.0	6.21		FEW	FEW	BKN	1800.0	2000.0	2400.0					
467668	2018-04-03 00:00:00	467.0	CSTPS	E90	EMBRAER 190	PGA	BOD	2018-04-03 14:35:00	2018-04-03 17:50:00	2018-04-03 18:02:00	LIS	2018-04-03 19:44:00	2018-04-03 19:51:00	2018-04-03 16:30:00	J	NI	2018-04-03 18:20:52	29.0	89.0	0	15.0	140.0	6.0	6.21		///	M	M									13.0	230.0	13.0	6.21		FEW	SCT	M	1400.0	2000.0						
467669	2018-04-03 00:00:00	842.0	FHBAL	319	AIRBUS A319-111	NB	LIS	2018-04-03 14:35:00	2018-04-03 15:19:00	2018-04-03 15:27:00	FCO	2018-04-03 17:54:00	2018-04-03 18:06:00	2018-04-03 17:25:00	J	TP	2018-04-03 15:31:59	44.0	89.0	0	15.0	220.0	24.0	6.21	34.0	FEW	SCT	BKN	1400.0	1800.0	2200.0						14.0	150.0	5.0	6.21		M	M	M								
467670	2018-04-03 00:00:00	441.0	CSTTA	319	AIRBUS A319-111	NB	ORY	2018-04-03 14:40:00	2018-04-03 15:10:00	2018-04-03 15:19:00	LIS	2018-04-03 17:37:00	2018-04-03 17:41:00	2018-04-03 17:10:00	J	TP	2018-04-03 15:28:35	18.0	86.0	0	13.0	180.0	9.0	6.21		FEW	BKN	M	3000.0	4600.0							15.0	220.0	18.0	6.21		SCT	FEW	BKN	1400.0	2000.0	2800.0					
467671	2018-04-03 00:00:00	659.0	CSTTR	319	AIRBUS A319-111	NB	AMS	2018-04-03 14:45:00	2018-04-03 16:22:00	2018-04-03 16:33:00	OPO	2018-04-03 18:54:00	2018-04-03 18:57:00	2018-04-03 17:30:00	J	TP	2018-04-20 15:35:59	91.0	82.0	0	15.0	170.0	14.0	6.21		FEW	SCT	M	3400.0	4000.0							12.0	230.0	8.0	4.97		SCT	BKN	BKN	2500.0	3000.0	4700.0					
467672	2018-04-03 00:00:00	213.0	CSTOH	332	AIRBUS A330-200	WB	OPO	2018-04-03 14:55:00	2018-04-03 15:18:00	2018-04-03 15:38:00	EWR	2018-04-03 23:25:00	2018-04-03 23:37:00	2018-04-03 22:45:00	J	TP	2018-04-04 16:46:59	12.0	95.0	B	14.0	200.0	19.0	6.21	29.0	SCT	SCT	BKN	1900.0	2200.0	3600.0							20.0	8.0	2.0		OVC	M	M	300.0							
467673	2018-04-03 00:00:00	644.0	FHBIS	320	AIRBUS A320-211	NB	LIS	2018-04-03 14:55:00	2018-04-03 15:59:00	2018-04-03 16:18:00	BRU	2018-04-03 18:28:00	2018-04-03 18:38:00	2018-04-03 17:35:00	J	TP	2018-04-03 16:24:59	64.0	89.0	0	15.0	220.0	22.0	6.21	32.0	SCT	FEW	BKN	1200.0	2000.0	2200.0						12.0	160.0	10.0	6.21		FEW	M	M	3000.0							
467674	2018-04-03 00:00:00	823.0	CSTQD	320	AIRBUS A320-211	NB	MXP	2018-04-03 15:00:00	2018-04-03 15:04:00	2018-04-03 15:15:00	LIS	2018-04-03 17:55:00	2018-04-03 17:59:00	2018-04-03 17:50:00	J	TP	2018-04-03 15:28:34	4.0	89.0	0	12.0	10.0	6.0	6.21		BKN	M	M	5000.0								15.0	240.0	19.0	6.21		FEW	FEW	BKN	1800.0	2000.0	2400.0					
467675	2018-04-03 00:00:00	1676.0	CSTTP	319	AIRBUS A319-111	NB	FNC	2018-04-03 15:00:00	2018-04-03 15:05:00	2018-04-03 15:12:00	LIS	2018-04-03 16:30:00	2018-04-03 16:35:00	2018-04-03 16:35:00	J	TP	2018-04-03 15:15:28	5.0	93.0	D	19.0	330.0	7.0	6.21		SCT	SCT	M	1500.0	3000.0							15.0	220.0	20.0	6.21		SCT	FEW	BKN	1600.0	2000.0	2500.0					
467676	2018-04-03 00:00:00	1960.0	CSDJA	AT7	ATR 72	WI	LIS	2018-04-03 15:00:00	2018-04-03 15:24:00	2018-04-03 15:36:00	OPO	2018-04-03 16:36:00	2018-04-03 16:38:00	2018-04-03 16:00:00	J	WI	2018-04-03 15:27:59	24.0	89.0	0	15.0	220.0	24.0	6.21	34.0	FEW	SCT	BKN	1400.0	1800.0	2200.0						14.0	200.0	18.0	5.59		SCT	SCT	BKN	2200.0	2500.0	3000.0					
467677	2018-04-03 00:00:00	456.0	CSTTD	319	AIRBUS A319-111	NB	OPO	2018-04-03 15:05:00	2018-04-03 15:15:00	2018-04-03 15:31:00	ORY	2018-04-03 17:14:00	2018-04-03 17:18:00	2018-04-03 17:10:00	J	TP	2018-04-09 08:32:59	10.0	82.0	0	14.0	200.0	19.0	6.21	30.0	SCT	SCT	BKN	2000.0	2500.0	4800.0						11.0	210.0	5.0	6.21		M	M	M								
467678	2018-04-03 00:00:00	833.0	CSTNK	320	AIRBUS A320-211	NB	FCO	2018-04-03 15:05:00	2018-04-03 16:54:00	2018-04-03 17:07:00	LIS	2018-04-03 20:00:00	2018-04-03 20:04:00	2018-04-03 18:10:00	J	TP	2018-04-09 09:20:59	9.0	89.0	0	15.0	150.0	9.0	6.21		M	M	M									13.0	230.0	13.0	6.21		FEW	SCT	M	1400.0	2000.0						
467679	2018-04-03 00:00:00	1066.0	CSDJB	AT7	ATR 72	WI	LIS	2018-04-03 15:05:00	2018-04-03 16:51:00	2018-04-03 16:59:00	BIO	2018-04-03 18:39:00	2018-04-03 18:45:00	2018-04-03 17:10:00	J	WI	2018-04-03 17:09:59	3.0	89.0	0	15.0	220.0	20.0	6.21		SCT	FEW	BKN	1200.0	2000.0	2800.0						17.0	240.0	15.0	6.21	29.0	FEW	SCT	M	4000.0	6500.0						
467680	2018-04-03 00:00:00	1687.0	CSTNN	320	AIRBUS A320-211	NB	LIS	2018-04-03 15:05:00	2018-04-03 15:32:00	2018-04-03 15:45:00	FNC	2018-04-03 17:19:00	2018-04-03 17:23:00	2018-04-03 16:50:00	J	TP	2018-04-03 15:47:59	8.0	89.0	0	15.0	220.0	24.0	6.21	34.0	FEW	SCT	BKN	1400.0	1800.0	2200.0						19.0	350.0	8.0	6.21		FEW	M	M	1500.0							
467681	2018-04-03 00:00:00	364.0	CSTNR	320	AIRBUS A320-211	NB	LIS	2018-04-03 15:10:00	2018-04-03 16:58:00	2018-04-03 17:11:00	LHR	2018-04-03 19:15:00	2018-04-03 19:20:00	2018-04-03 17:50:00	J	TP	2018-04-03 17:12:59	76.0	89.0	0	15.0	220.0	20.0	6.21		SCT	FEW	BKN	1200.0	2000.0	2800.0						10.0	220.0	11.0	6.21		FEW	SCT	M	2200.0	2800.0						
467682	2018-04-03 00:00:00	691.0	CSTTQ	319	AIRBUS A319-111	NB	LUX	2018-04-03 15:15:00	2018-04-03 18:07:00	2018-04-03 18:17:00	LIS	2018-04-03 20:50:00	2018-04-03 20:53:00	2018-04-03 18:05:00	J	TP	2018-04-09 09:12:59	103.0	89.0	A	12.0	140.0	7.0	6.21		M	M	M									13.0	240.0	13.0	6.21		FEW	FEW	SCT	2200.0	2500.0	2800.0					
467683	2018-04-03 00:00:00	942.0	CSTTS	319	AIRBUS A319-111	NB	OPO	2018-04-03 15:15:00	2018-04-03 16:14:00	2018-04-03 16:22:00	GVA	2018-04-03 18:09:00	2018-04-03 18:12:00	2018-04-03 17:20:00	J	TP	2018-04-09 09:28:59	47.0	87.0	F	15.0	200.0	20.0	6.21		SCT	SCT	BKN	2000.0	2500.0	3300.0						11.0	40.0	2.0	6.21		FEW	SCT	BKN	5000.0	9000.0	12000.0					
467684	2018-04-03 00:00:00	1529.0	CSTNT	320	AIRBUS A320-211	NB	ACC	2018-04-03 15:15:00	2018-04-03 15:10:00	2018-04-03 15:21:00	TMS	2018-04-03 16:43:00	2018-04-03 16:50:00	2018-04-03 16:55:00	J	TP					31.0	200.0	17.0	3.11		NSC	M	M									30.0	140.0	8.0	6.21		FEW	SCT	BKN	2300.0	4000.0	11000.0					
467685	2018-04-03 00:00:00	1024.0	CSTJF	321	AIRBUS A321-211	NB	LIS	2018-04-03 15:20:00	2018-04-03 17:24:00	2018-04-03 17:35:00	MAD	2018-04-03 18:27:00	2018-04-03 18:35:00	2018-04-03 16:35:00	J	TP	2018-04-03 17:36:59	124.0	94.0	0	15.0	220.0	18.0	6.21		SCT	FEW	BKN	1400.0	2000.0	2800.0						13.0	240.0	9.0	6.21	19.0	FEW	BKN	M	6000.0	7500.0						
467686	2018-04-03 00:00:00	1092.0	CSDJH	AT7	ATR 72	WI	LIS	2018-04-03 15:20:00	2018-04-03 16:29:00	2018-04-03 16:46:00	VLC	2018-04-03 18:18:00	2018-04-03 18:25:00	2018-04-03 17:25:00	J	WI	2018-04-03 16:51:59	14.0	89.0	0	15.0	220.0	20.0	6.21		SCT	FEW	BKN	1600.0	2000.0	2500.0						22.0	260.0	10.0	6.21		FEW	M	M	3000.0							
467687	2018-04-03 00:00:00	341.0	CSTTF	319	AIRBUS A319-111	NB	LGW	2018-04-03 15:25:00	2018-04-03 15:30:00	2018-04-03 15:42:00	LIS	2018-04-03 18:03:00	2018-04-03 18:07:00	2018-04-03 18:05:00	J	TP	2018-04-03 16:35:47	5.0	82.0	0	12.0	210.0	11.0	6.21		SCT	BKN	M	2200.0	3300.0							15.0	240.0	19.0	6.21		FEW	FEW	BKN	1800.0	2000.0	2400.0					
467688	2018-04-03 00:00:00	1903.0	CSTTU	319	AIRBUS A319-111	NB	LIS	2018-04-03 15:25:00	2018-04-03 15:40:00	2018-04-03 15:49:00	FAO	2018-04-03 16:18:00	2018-04-03 16:22:00	2018-04-03 16:10:00	J	TP	2018-04-03 16:00:59	1.0	89.0	0	15.0	220.0	24.0	6.21	34.0	FEW	SCT	BKN	1400.0	1800.0	2200.0						17.0	250.0	16.0	6.21		FEW	M	M	2000.0							
467689	2018-04-03 00:00:00	1036.0	CSTNM	320	AIRBUS A320-211	NB	LIS	2018-04-03 15:30:00	2018-04-03 16:36:00	2018-04-03 16:54:00	BCN	2018-04-03 18:18:00	2018-04-03 18:22:00	2018-04-03 17:20:00	J	TP	2018-04-03 17:00:59	23.0	89.0	0	15.0	220.0	20.0	6.21		SCT	FEW	BKN	1600.0	2000.0	2500.0						14.0	210.0	10.0	6.21		M	M	M								
467690	2018-04-03 00:00:00	1951.0	CSDJD	AT7	ATR 72	WI	OPO	2018-04-03 15:30:00	2018-04-03 17:13:00	2018-04-03 17:26:00	LIS	2018-04-03 18:11:00	2018-04-03 18:16:00	2018-04-03 16:30:00	J	WI	2018-04-09 10:08:59	70.0	87.0	F	13.0	210.0	20.0	2.17	30.0	SCT	SCT	BKN	1600.0	2300.0	3400.0						15.0	230.0	18.0	6.21		FEW	FEW	BKN	1800.0	2000.0	2600.0					
467691	2018-04-03 00:00:00	1443.0	CSTPT	E90	EMBRAER 190	PGA	CMN	2018-04-03 15:35:00	2018-04-03 16:12:00	2018-04-03 17:03:00	LIS	2018-04-03 18:07:00	2018-04-03 18:10:00	2018-04-03 17:15:00	J	NI	2018-04-09 09:47:59	37.0	93.0	K	19.0	330.0	14.0	6.21		SCT	BKN	M	1600.0	2000.0							15.0	240.0	19.0	6.21		FEW	FEW	BKN	1800.0	2000.0	2400.0					
467692	2018-04-03 00:00:00	346.0	CSTPP	E90	EMBRAER 190	PGA	LIS	2018-04-03 15:40:00	2018-04-03 17:48:00	2018-04-03 18:01:00	LCY	2018-04-03 20:14:00	2018-04-03 20:17:00	2018-04-03 18:20:00	J	NI	2018-04-03 18:02:59	120.0	89.0	0	15.0	240.0	19.0	6.21		FEW	FEW	BKN	1800.0	2000.0	2400.0						11.0	220.0	9.0	6.21		SCT	M	M	1900.0							
467693	2018-04-03 00:00:00	401.0	CSTTX	E95	EMBRAER 195	PGA	MRS	2018-04-03 15:40:00	2018-04-03 16:25:00	2018-04-03 16:38:00	LIS	2018-04-03 18:49:00	2018-04-03 18:55:00	2018-04-03 18:05:00	J	NI	2018-04-09 15:05:59	11.0	93.0	R	17.0	110.0	21.0	6.21		FEW	SCT	BKN	1100.0	13000.0	15000.0						14.0	230.0	19.0	6.21		FEW	FEW	BKN	1800.0	2000.0	2600.0					
467694	2018-04-03 00:00:00	438.0	CSTTL	319	AIRBUS A319-111	NB	LIS	2018-04-03 15:40:00	2018-04-03 16:25:00	2018-04-03 16:39:00	ORY	2018-04-03 18:35:00	2018-04-03 18:41:00	2018-04-03 18:05:00	J	TP	2018-04-03 16:43:59	45.0	89.0	0	15.0	220.0	20.0	6.21		SCT	FEW	BKN	1600.0	2000.0	2500.0						10.0	190.0	7.0	6.21		M	M	M								
467695	2018-04-03 00:00:00	22.0	CSTOV	333	AIRBUS A330-300	WB	LIS	2018-04-03 15:45:00	2018-04-03 15:47:00	2018-04-03 15:59:00	SSA	2018-04-04 00:23:00	2018-04-04 00:30:00	2018-04-04 00:20:00	J	TP	2018-04-03 16:00:59	2.0	89.0	0	15.0	220.0	22.0	6.21	32.0	SCT	FEW	BKN	1200.0	2000.0	2200.0						27.0	70.0	10.0	6.21		FEW	M	M	2000.0							
467696	2018-04-03 00:00:00	523.0	CSTPW	E90	EMBRAER 190	PGA	STR	2018-04-03 15:55:00	2018-04-03 16:12:00	2018-04-03 16:27:00	LIS	2018-04-03 19:18:00	2018-04-03 19:21:00	2018-04-03 19:05:00	J	NI	2018-04-09 14:49:59	3.0	89.0	0	20.0	200.0	7.0	6.21		M	M	M									13.0	230.0	17.0	6.21		FEW	FEW	BKN	1800.0	2000.0	2800.0					
467697	2018-04-03 00:00:00	921.0	CSTPO	E90	EMBRAER 190	PGA	ZRH	2018-04-03 16:00:00	2018-04-03 16:15:00	2018-04-03 16:22:00	OPO	2018-04-03 18:51:00	2018-04-03 18:55:00	2018-04-03 18:35:00	J	NI	2018-04-09 09:23:59	5.0	93.0	R	17.0	230.0	11.0	6.21		M	M	M									12.0	230.0	8.0	4.97		SCT	BKN	BKN	2500.0	3000.0	4700.0					
467698	2018-04-03 00:00:00	927.0	CSTJH	321	AIRBUS A321-211	NB	ZRH	2018-04-03 16:00:00	2018-04-03 16:37:00	2018-04-03 16:50:00	LIS	2018-04-03 19:36:00	2018-04-03 19:41:00	2018-04-03 18:50:00	J	TP	2018-04-03 17:01:36	6.0	82.0	0	17.0	210.0	5.0	6.21		FEW	BKN	M	7500.0	12000.0							13.0	230.0	17.0	6.21		FEW	FEW	BKN	1800.0	2000.0	2800.0					
467699	2018-04-03 00:00:00	1962.0	CSDJC	AT7	ATR 72	WI	LIS	2018-04-03 16:00:00	2018-04-03 18:07:00	2018-04-03 18:29:00	OPO	2018-04-03 19:24:00	2018-04-03 19:30:00	2018-04-03 17:00:00	J	WI	2018-04-03 18:28:59	8.0	89.0	0	15.0	240.0	19.0	6.21		FEW	FEW	BKN	1800.0	2000.0	2400.0						11.0	220.0	8.0	6.21		FEW	FEW	SCT	900.0	2000.0	3800.0					
467700	2018-04-03 00:00:00	11.0	CSTOK	332	AIRBUS A330-200	WB	LIS	2018-04-03 16:05:00	2018-04-03 16:25:00	2018-04-03 16:42:00	REC	2018-04-04 00:14:00	2018-04-04 00:19:00	2018-04-03 23:45:00	J	TP	2018-04-03 16:45:59	10.0	89.0	0	15.0	220.0	20.0	6.21		SCT	FEW	BKN	1600.0	2000.0	2500.0						28.0	110.0	7.0	6.21		BKN	M	M	1900.0							
467701	2018-04-03 00:00:00	35.0	CSTOI	332	AIRBUS A330-200	WB	LIS	2018-04-03 16:05:00	2018-04-03 16:19:00	2018-04-03 16:36:00	FOR	2018-04-03 23:51:00	2018-04-03 23:57:00	2018-04-03 23:40:00	J	TP	2018-04-03 16:37:59	4.0	89.0	0	15.0	220.0	20.0	6.21		SCT	FEW	BKN	1600.0	2000.0	2500.0						28.0	80.0	6.0	6.21		M	M	M								
467702	2018-04-03 00:00:00	47.0	CSTOG	332	AIRBUS A330-200	WB	LIS	2018-04-03 16:05:00	2018-04-03 16:09:00	2018-04-03 16:32:00	BEL	2018-04-04 00:12:00	2018-04-04 00:22:00	2018-04-04 00:10:00	J	TP	2018-04-03 16:33:59	4.0	89.0	0	15.0	220.0	22.0	6.21	32.0	SCT	FEW	BKN	1200.0	2000.0	2200.0						26.0	30.0	2.0	6.21		BKN	BKN	M	1200.0	10000.0						
467703	2018-04-03 00:00:00	209.0	CSTOP	332	AIRBUS A330-200	WB	LIS	2018-04-03 16:10:00	2018-04-03 16:13:00	2018-04-03 16:34:00	JFK	2018-04-04 00:19:00	2018-04-04 00:27:00	2018-04-04 00:00:00	J	TP	2018-04-03 16:35:59	3.0	89.0	0	15.0	220.0	22.0	6.21	32.0	SCT	FEW	BKN	1200.0	2000.0	2200.0							340.0	6.0	2.0		OVC	M	M	300.0							
467704	2018-04-03 00:00:00	477.0	CSTTZ	E95	EMBRAER 195	PGA	LYS	2018-04-03 16:15:00	2018-04-03 16:33:00	2018-04-03 16:47:00	LIS	2018-04-03 18:57:00	2018-04-03 19:00:00	2018-04-03 18:45:00	J	NI	2018-04-09 14:49:59	5.0	89.0	0	18.0	200.0	14.0	6.21		M	M	M									14.0	230.0	19.0	6.21		FEW	FEW	BKN	1800.0	2000.0	2600.0					
467705	2018-04-03 00:00:00	487.0	CSTTY	E95	EMBRAER 195	PGA	NCE	2018-04-03 16:15:00	2018-04-03 19:11:00	2018-04-03 19:23:00	LIS	2018-04-03 21:49:00	2018-04-03 21:52:00	2018-04-03 18:50:00	J	NI	2018-04-09 08:38:59	14.0	93.0	M	14.0	70.0	19.0	6.21		SCT	BKN	M	3200.0	5300.0							13.0	240.0	13.0	6.21		FEW	M	M	2000.0							
467706	2018-04-03 00:00:00	947.0	CSTTI	319	AIRBUS A319-111	NB	GVA	2018-04-03 16:20:00	2018-04-03 17:44:00	2018-04-03 17:53:00	LIS	2018-04-03 20:14:00	2018-04-03 20:20:00	2018-04-03 18:55:00	J	TP	2018-04-03 17:53:45	57.0	81.0	0	12.0	30.0	1.0	6.21		FEW	SCT	BKN	5000.0	9000.0	12000.0						13.0	240.0	12.0	6.21		SCT	M	M	2400.0							
467707	2018-04-03 00:00:00	9326.0	GPOWM	320	AIRBUS A320-211	NB	LGW	2018-04-03 16:20:00	2018-04-03 17:40:00	2018-04-03 17:56:00	LIS	2018-04-03 20:19:00	2018-04-03 20:22:00	2018-04-03 19:15:00	P	ZT					11.0	210.0	9.0	6.21		SCT	BKN	M	1800.0	2700.0							13.0	240.0	12.0	6.21		SCT	M	M	2400.0							
467708	2018-04-03 00:00:00	1689.0	CSTTC	319	AIRBUS A319-111	NB	LIS	2018-04-03 16:30:00	2018-04-03 16:30:00	2018-04-03 16:49:00	FNC	2018-04-03 18:24:00	2018-04-03 18:28:00	2018-04-03 18:15:00	J	TP	2018-04-03 16:52:59	1.0	89.0	0	15.0	220.0	20.0	6.21		SCT	FEW	BKN	1600.0	2000.0	2500.0						18.0	350.0	10.0	6.21		FEW	M	M	1600.0							
467709	2018-04-03 00:00:00	1953.0	CSDJA	AT7	ATR 72	WI	OPO	2018-04-03 16:30:00	2018-04-03 17:21:00	2018-04-03 17:31:00	LIS	2018-04-03 18:17:00	2018-04-03 18:20:00	2018-04-03 17:30:00	J	WI	2018-04-04 06:31:17	13.0	89.0	0	12.0	210.0	15.0	3.11		SCT	SCT	BKN	1400.0	2000.0	3000.0						15.0	230.0	18.0	6.21		FEW	FEW	BKN	1800.0	2000.0	2600.0					
467710	2018-04-03 00:00:00	1112.0	CSDJF	AT7	ATR 72	WI	LIS	2018-04-03 16:40:00	2018-04-03 17:34:00	2018-04-03 17:45:00	OVD	2018-04-03 19:05:00	2018-04-03 19:12:00	2018-04-03 18:30:00	J	WI	2018-04-03 17:48:59	54.0	93.0	M	15.0	220.0	18.0	6.21		SCT	FEW	BKN	1400.0	2000.0	2800.0						11.0	280.0	10.0	6.21		FEW	BKN	M	3500.0	5500.0						
467711	2018-04-03 00:00:00	493.0	CSTPV	E90	EMBRAER 190	PGA	TLS	2018-04-03 16:45:00	2018-04-03 17:32:00	2018-04-03 17:42:00	LIS	2018-04-03 19:25:00	2018-04-03 19:29:00	2018-04-03 18:45:00	J	NI	2018-04-09 08:39:59	2.0	89.0	0	15.0	130.0	17.0	6.21		BKN	M	M	2000.0								13.0	230.0	17.0	6.21		FEW	FEW	BKN	1800.0	2000.0	2800.0					
467712	2018-04-03 00:00:00	338.0	CSTPQ	E90	EMBRAER 190	PGA	OPO	2018-04-03 16:50:00	2018-04-03 18:07:00	2018-04-03 18:23:00	LGW	2018-04-03 20:04:00	2018-04-03 20:13:00	2018-04-03 19:05:00	J	NI	2018-04-09 12:03:59	5.0	41.0	B	10.0	260.0	10.0	3.11		SCT	SCT	BKN	1000.0	1500.0	4800.0						9.0	200.0	7.0	6.21		FEW	M	M	2100.0							
467713	2018-04-03 00:00:00	589.0	CSTPR	E90	EMBRAER 190	PGA	CGN	2018-04-03 16:50:00	2018-04-03 16:53:00	2018-04-03 17:11:00	LIS	2018-04-03 20:03:00	2018-04-03 20:08:00	2018-04-03 20:00:00	J	NI	2018-04-09 08:52:59	3.0	93.0	M	13.0	170.0	3.0	6.21		NSC	M	M									13.0	230.0	13.0	6.21		FEW	SCT	M	1400.0	2000.0						
467714	2018-04-03 00:00:00	816.0	CSTTG	319	AIRBUS A319-111	NB	OPO	2018-04-03 16:55:00	2018-04-03 17:26:00	2018-04-03 17:37:00	MXP	2018-04-03 19:33:00	2018-04-03 19:39:00	2018-04-03 19:30:00	J	TP	2018-04-03 17:54:47	4.0	89.0	0	12.0	210.0	15.0	3.11		SCT	SCT	BKN	1400.0	2000.0	3000.0						9.0	20.0	7.0	6.21		BKN	M	M	4000.0							
467715	2018-04-03 00:00:00	1904.0	CSTTU	319	AIRBUS A319-111	NB	FAO	2018-04-03 16:55:00	2018-04-03 16:56:00	2018-04-03 17:06:00	LIS	2018-04-03 17:43:00	2018-04-03 17:47:00	2018-04-03 17:40:00	J	TP	2018-04-03 17:16:43	1.0	93.0	0	17.0	250.0	15.0	6.21		FEW	M	M	2000.0								15.0	240.0	19.0	6.21		FEW	FEW	BKN	1800.0	2000.0	2400.0					
467716	2018-04-03 00:00:00	321.0	CSTTW	E95	EMBRAER 195	PGA	MAN	2018-04-03 17:00:00	2018-04-03 17:48:00	2018-04-03 18:04:00	LIS	2018-04-03 20:36:00	2018-04-03 20:40:00	2018-04-03 19:45:00	J	NI	2018-04-03 18:56:52	2.0	89.0	0	10.0	200.0	6.0	6.21		NCD	M	M									13.0	240.0	12.0	6.21		SCT	M	M	2400.0							
467717	2018-04-03 00:00:00	566.0	CSTTJ	319	AIRBUS A319-111	NB	LIS	2018-04-03 17:00:00	2018-04-03 17:55:00	2018-04-03 18:08:00	HAM	2018-04-03 20:49:00	2018-04-03 20:53:00	2018-04-03 20:15:00	J	TP	2018-04-03 18:37:59	55.0	89.0	0	15.0	240.0	19.0	6.21		FEW	FEW	BKN	1800.0	2000.0	2400.0						14.0	160.0	7.0	6.21		M	M	M								
467718	2018-04-03 00:00:00	431.0	CSTNI	320	AIRBUS A320-211	NB	ORY	2018-04-03 17:05:00	2018-04-03 18:32:00	2018-04-03 18:41:00	LIS	2018-04-03 20:44:00	2018-04-03 20:48:00	2018-04-03 19:35:00	J	TP	2018-04-09 08:24:59	33.0	81.0	0	10.0	190.0	7.0	6.21		M	M	M									13.0	240.0	13.0	6.21		FEW	FEW	SCT	2200.0	2500.0	2800.0					
467719	2018-04-03 00:00:00	532.0	CSTTK	319	AIRBUS A319-111	NB	LIS	2018-04-03 17:05:00	2018-04-03 18:36:00	2018-04-03 18:54:00	SXF	2018-04-03 21:40:00	2018-04-03 21:47:00	2018-04-03 20:30:00	J	TP	2018-04-03 20:19:59	91.0	89.0	0	15.0	230.0	18.0	6.21		FEW	FEW	BKN	1800.0	2000.0	2600.0						14.0	160.0	4.0	6.21		M	M	M								
467720	2018-04-03 00:00:00	1305.0	CSTNY	320	AIRBUS A320-211	NB	PRG	2018-04-03 17:05:00	2018-04-03 17:57:00	2018-04-03 18:09:00	LIS	2018-04-03 21:38:00	2018-04-03 21:42:00	2018-04-03 20:35:00	J	TP	2018-04-03 18:10:52	7.0	89.0	0	17.0	200.0	5.0	6.21		M	M	M									13.0	240.0	13.0	6.21		FEW	M	M	2000.0							
467721	2018-04-03 00:00:00	448.0	CSTTN	319	AIRBUS A319-111	NB	LIS	2018-04-03 17:10:00	2018-04-03 17:17:00	2018-04-03 17:29:00	ORY	2018-04-03 19:23:00	2018-04-03 19:28:00	2018-04-03 19:35:00	J	TP	2018-04-03 17:33:59	7.0	89.0	0	15.0	220.0	18.0	6.21		SCT	FEW	BKN	1400.0	2000.0	2800.0						9.0	190.0	5.0	6.21		M	M	M								
467722	2018-04-03 00:00:00	763.0	LYPGC	737	BOEING 737 ALL SERIES		OSL	2018-04-03 17:10:00	2018-04-03 19:09:00	2018-04-03 19:22:00	LIS	2018-04-03 23:28:00	2018-04-03 23:32:00	2018-04-03 21:15:00	J	TP	2018-04-03 19:30:58	26.0	55.0	0	1.0	140.0	4.0	6.21		BKN	M	M	4600.0								13.0	240.0	11.0	6.21		FEW	M	M	2000.0							
467723	2018-04-03 00:00:00	572.0	CSTTP	319	AIRBUS A319-111	NB	LIS	2018-04-03 17:20:00	2018-04-03 18:34:00	2018-04-03 18:51:00	FRA	2018-04-03 21:14:00	2018-04-03 21:21:00	2018-04-03 20:20:00	J	TP	2018-04-03 19:03:59	27.0	89.0	0	15.0	230.0	18.0	6.21		FEW	FEW	BKN	1800.0	2000.0	2600.0						14.0	220.0	2.0	6.21		M	M	M								
467724	2018-04-03 00:00:00	752.0	CSTTE	319	AIRBUS A319-111	NB	LIS	2018-04-03 17:20:00	2018-04-03 18:18:00	2018-04-03 18:39:00	CPH	2018-04-03 21:34:00	2018-04-03 21:45:00	2018-04-03 20:50:00	J	TP	2018-04-03 18:41:59	47.0	89.0	0	15.0	230.0	18.0	6.21		FEW	FEW	BKN	1800.0	2000.0	2600.0						5.0	140.0	14.0	0.37		VV 	M	M	200.0							
467725	2018-04-03 00:00:00	1029.0	CSTJF	321	AIRBUS A321-211	NB	MAD	2018-04-03 17:20:00	2018-04-03 19:22:00	2018-04-03 19:33:00	LIS	2018-04-03 20:32:00	2018-04-03 20:35:00	2018-04-03 18:40:00	J	TP	2018-04-03 19:36:04	122.0	93.0	0	13.0	200.0	9.0	6.21		FEW	SCT	M	6000.0	8000.0							13.0	240.0	12.0	6.21		SCT	M	M	2400.0							
467726	2018-04-03 00:00:00	1955.0	CSDJC	AT7	ATR 72	WI	OPO	2018-04-03 17:30:00	2018-04-03 20:09:00	2018-04-03 20:20:00	LIS	2018-04-03 21:06:00	2018-04-03 21:11:00	2018-04-03 18:30:00	J	WI	2018-04-03 20:32:06	9.0	71.0	0	11.0	220.0	11.0	6.21		FEW	SCT	BKN	1100.0	3000.0	4900.0						13.0	240.0	13.0	6.21		FEW	FEW	SCT	2200.0	2500.0	2800.0					
467727	2018-04-03 00:00:00	579.0	CSTOU	333	AIRBUS A330-300	WB	FRA	2018-04-03 17:35:00	2018-04-03 18:30:00	2018-04-03 18:43:00	LIS	2018-04-03 21:33:00	2018-04-03 21:36:00	2018-04-03 20:45:00	J	TP	2018-04-20 15:35:59	10.0	81.0	0	17.0	190.0	4.0	6.21		M	M	M									13.0	240.0	13.0	6.21		FEW	M	M	2000.0							
467728	2018-04-03 00:00:00	668.0	CSTMW	320	AIRBUS A320-211	NB	LIS	2018-04-03 17:35:00	2018-04-03 18:34:00	2018-04-03 18:48:00	AMS	2018-04-03 21:12:00	2018-04-03 21:24:00	2018-04-03 20:30:00	J	TP	2018-04-03 18:54:59	9.0	89.0	0	15.0	230.0	18.0	6.21		FEW	FEW	BKN	1800.0	2000.0	2600.0						10.0	260.0	3.0	4.35		FEW	FEW	OVC	400.0	1800.0	2200.0					
467729	2018-04-03 00:00:00	1686.0	CSTNN	320	AIRBUS A320-211	NB	FNC	2018-04-03 17:35:00	2018-04-03 17:58:00	2018-04-03 18:06:00	LIS	2018-04-03 19:27:00	2018-04-03 19:32:00	2018-04-03 19:10:00	J	TP	2018-04-03 18:07:45	8.0	93.0	M	19.0	350.0	11.0	6.21		FEW	M	M	1500.0								13.0	230.0	17.0	6.21		FEW	FEW	BKN	1800.0	2000.0	2800.0					
467730	2018-04-03 00:00:00	551.0	CSTNS	320	AIRBUS A320-211	NB	MUC	2018-04-03 17:40:00	2018-04-03 19:52:00	2018-04-03 20:03:00	LIS	2018-04-03 22:59:00	2018-04-03 23:04:00	2018-04-03 20:55:00	J	TP	2018-04-09 08:45:59	22.0	93.0	K	16.0	190.0	7.0	6.21		M	M	M									14.0	240.0	13.0	6.21		SCT	M	M	2000.0							
467731	2018-04-03 00:00:00	661.0	CSTJE	321	AIRBUS A321-211	NB	AMS	2018-04-03 17:40:00	2018-04-03 18:49:00	2018-04-03 18:58:00	LIS	2018-04-03 21:43:00	2018-04-03 21:47:00	2018-04-03 20:45:00	J	TP	2018-04-20 15:36:59	11.0	89.0	0	11.0	210.0	9.0	5.59		FEW	SCT	M	2500.0	4800.0							13.0	240.0	13.0	6.21		FEW	M	M	2000.0							
467732	2018-04-03 00:00:00	369.0	CSTNJ	320	AIRBUS A320-211	NB	LHR	2018-04-03 17:45:00	2018-04-03 18:15:00	2018-04-03 18:29:00	LIS	2018-04-03 20:40:00	2018-04-03 20:40:00	2018-04-03 20:25:00	J	TP	2018-04-16 10:44:59	7.0	16.0	0	11.0	210.0	14.0	6.21		FEW	///	M	2500.0								13.0	240.0	12.0	6.21		SCT	M	M	2400.0							
467733	2018-04-03 00:00:00	1273.0	CSTJG	321	AIRBUS A321-211	NB	VIE	2018-04-03 17:45:00	2018-04-03 19:00:00	2018-04-03 19:18:00	LIS	2018-04-03 22:52:00	2018-04-03 22:56:00	2018-04-03 21:20:00	J	TP	2018-04-03 19:23:49	6.0	89.0	0	14.0	140.0	13.0	6.21		M	M	M									14.0	240.0	13.0	6.21		SCT	M	M	2000.0							
467734	2018-04-03 00:00:00	1067.0	CSDJB	AT7	ATR 72	WI	BIO	2018-04-03 17:50:00	2018-04-03 19:20:00	2018-04-03 19:27:00	LIS	2018-04-03 21:27:00	2018-04-03 21:34:00	2018-04-03 20:00:00	J	WI	2018-04-03 19:28:54	90.0	93.0	0	16.0		9.0	6.21	19.0	FEW	SCT	M	4000.0	6500.0							13.0	240.0	13.0	6.21		FEW	M	M	2000.0							
467735	2018-04-03 00:00:00	457.0	CSTTD	319	AIRBUS A319-111	NB	ORY	2018-04-03 17:55:00	2018-04-03 18:24:00	2018-04-03 18:33:00	OPO	2018-04-03 20:29:00	2018-04-03 20:32:00	2018-04-03 20:00:00	J	TP	2018-04-03 18:56:53	21.0	81.0	0	10.0	190.0	7.0	6.21		M	M	M									12.0	220.0	9.0	6.21		FEW	SCT	BKN	2500.0	4500.0	5000.0					
467736	2018-04-03 00:00:00	524.0	CSTPT	E90	EMBRAER 190	PGA	LIS	2018-04-03 18:00:00	2018-04-03 19:07:00	2018-04-03 19:26:00	STR	2018-04-03 21:43:00	2018-04-03 21:47:00	2018-04-03 20:50:00	J	NI	2018-04-03 19:28:59	17.0	89.0	0	14.0	230.0	19.0	6.21		FEW	FEW	BKN	1800.0	2000.0	2600.0						12.0		2.0	6.21		M	M	M								
467737	2018-04-03 00:00:00	928.0	CSTTA	319	AIRBUS A319-111	NB	LIS	2018-04-03 18:00:00	2018-04-03 18:45:00	2018-04-03 19:00:00	ZRH	2018-04-03 21:09:00	2018-04-03 21:13:00	2018-04-03 20:40:00	J	TP	2018-04-03 19:05:59	19.0	89.0	0	15.0	230.0	18.0	6.21		FEW	FEW	BKN	1800.0	2000.0	2600.0						12.0		3.0	6.21		M	M	M								
467738	2018-04-03 00:00:00	1018.0	CSTNL	320	AIRBUS A320-211	NB	LIS	2018-04-03 18:00:00	2018-04-03 18:03:00	2018-04-03 18:17:00	MAD	2018-04-03 19:10:00	2018-04-03 19:19:00	2018-04-03 19:20:00	J	TP	2018-04-03 18:38:59	3.0	89.0	0	15.0	240.0	19.0	6.21		FEW	FEW	BKN	1800.0	2000.0	2400.0						13.0	200.0	9.0	6.21		FEW	SCT	M	6000.0	8000.0						
467739	2018-04-03 00:00:00	1046.0	CSTNH	320	AIRBUS A320-211	NB	LIS	2018-04-03 18:00:00	2018-04-03 18:32:00	2018-04-03 18:46:00	BCN	2018-04-03 20:03:00	2018-04-03 20:08:00	2018-04-03 19:50:00	J	TP	2018-04-03 18:46:59	27.0	89.0	0	15.0	230.0	18.0	6.21		FEW	FEW	BKN	1800.0	2000.0	2600.0						13.0	220.0	5.0	6.21		FEW	M	M	3500.0							
467740	2018-04-03 00:00:00	1966.0	CSDJA	AT7	ATR 72	WI	LIS	2018-04-03 18:00:00	2018-04-03 19:02:00	2018-04-03 19:17:00	OPO	2018-04-03 20:05:00	2018-04-03 20:08:00	2018-04-03 19:00:00	J	WI	2018-04-03 19:20:59	12.0	89.0	0	14.0	230.0	19.0	6.21		FEW	FEW	BKN	1800.0	2000.0	2600.0						11.0	220.0	11.0	6.21		FEW	SCT	BKN	1100.0	3000.0	4900.0					
467741	2018-04-03 00:00:00	358.0	CSTNU	320	AIRBUS A320-211	NB	LIS	2018-04-03 18:05:00	2018-04-03 18:51:00	2018-04-03 19:03:00	LHR	2018-04-03 21:04:00	2018-04-03 21:08:00	2018-04-03 20:45:00	J	TP	2018-04-03 19:06:59	10.0	89.0	0	14.0	230.0	19.0	6.21		FEW	FEW	BKN	1800.0	2000.0	2600.0						9.0	190.0	8.0	6.21		BKN	M	M	4400.0							
467742	2018-04-03 00:00:00	937.0	CSTTS	319	AIRBUS A319-111	NB	GVA	2018-04-03 18:05:00	2018-04-03 18:58:00	2018-04-03 19:11:00	OPO	2018-04-03 21:17:00	2018-04-03 21:20:00	2018-04-03 20:20:00	J	TP	2018-04-09 09:30:59	4.0	93.0	Q	10.0	350.0	2.0	6.21		FEW	SCT	BKN	9000.0	12000.0	25000.0						12.0	220.0	9.0	6.21		FEW	BKN	M	2300.0	3300.0						
467743	2018-04-03 00:00:00	1045.0	CSTNM	320	AIRBUS A320-211	NB	BCN	2018-04-03 18:05:00	2018-04-03 19:07:00	2018-04-03 19:20:00	LIS	2018-04-03 20:59:00	2018-04-03 21:03:00	2018-04-03 20:00:00	J	TP	2018-04-04 11:34:59	62.0	93.0	R	14.0	230.0	9.0	6.21		M	M	M									13.0	240.0	13.0	6.21		FEW	FEW	SCT	2200.0	2500.0	2800.0					
467744	2018-04-03 00:00:00	1093.0	CSDJH	AT7	ATR 72	WI	VLC	2018-04-03 18:05:00	2018-04-03 19:05:00	2018-04-03 19:19:00	LIS	2018-04-03 21:24:00	2018-04-03 21:28:00	2018-04-03 20:20:00	J	WI	2018-04-03 19:24:49	60.0	93.0	0	21.0	250.0	9.0	6.21		FEW	M	M	3000.0								13.0	240.0	13.0	6.21		FEW	M	M	2000.0							
467745	2018-04-03 00:00:00	843.0	FHBAL	319	AIRBUS A319-111	NB	FCO	2018-04-03 18:15:00	2018-04-03 18:55:00	2018-04-03 19:10:00	LIS	2018-04-03 22:06:00	2018-04-03 22:11:00	2018-04-03 21:20:00	J	TP	2018-04-03 19:15:52	4.0	89.0	0	14.0	140.0	5.0	6.21		M	M	M									13.0	240.0	13.0	6.21		FEW	M	M	2000.0							
467746	2018-04-03 00:00:00	649.0	FHBIS	320	AIRBUS A320-211	NB	BRU	2018-04-03 18:25:00	2018-04-03 19:28:00	2018-04-03 19:42:00	LIS	2018-04-03 22:23:00	2018-04-03 22:30:00	2018-04-03 21:15:00	J	TP	2018-04-09 08:59:59	3.0	81.0	0	11.0	170.0	11.0	6.21		FEW	M	M	3000.0								13.0	240.0	13.0	6.21		FEW	SCT	M	2000.0	3000.0						
467747	2018-04-03 00:00:00	1677.0	CSTNG	320	AIRBUS A320-211	NB	LIS	2018-04-03 18:25:00	2018-04-03 19:35:00	2018-04-03 19:51:00	FNC	2018-04-03 21:20:00	2018-04-03 21:24:00	2018-04-03 20:10:00	J	TP	2018-04-03 20:07:59	21.0	89.0	0	13.0	230.0	17.0	6.21		FEW	FEW	BKN	1800.0	2000.0	2800.0						17.0	340.0	10.0	6.21		FEW	M	M	1600.0							
467748	2018-04-03 00:00:00	82.0	CSTOA	343	AIRBUS A340-312	WB	GRU	2018-04-03 18:30:00	2018-04-03 18:21:00	2018-04-03 18:41:00	LIS	2018-04-04 04:00:00	2018-04-04 04:06:00	2018-04-04 04:20:00	J	TP					26.0	320.0	8.0	6.21		BKN	FEW	BKN	3600.0	5000.0	10000.0						13.0	260.0	12.0	6.21	22.0	FEW	M	M	2000.0							
467749	2018-04-03 00:00:00	1479.0	CSTTU	319	AIRBUS A319-111	NB	LIS	2018-04-03 18:30:00	2018-04-03 18:52:00	2018-04-03 19:05:00	OXB	2018-04-03 23:06:00	2018-04-03 23:12:00	2018-04-03 22:50:00	J	TP	2018-04-03 19:09:59	10.0	89.0	0	14.0	230.0	19.0	6.21		FEW	FEW	BKN	1800.0	2000.0	2600.0						22.0	320.0	8.0	6.21		M	M	M								
467750	2018-04-03 00:00:00	1034.0	CSTTR	319	AIRBUS A319-111	NB	OPO	2018-04-03 18:35:00	2018-04-03 20:26:00	2018-04-03 20:38:00	BCN	2018-04-03 21:59:00	2018-04-03 22:07:00	2018-04-03 20:20:00	J	TP	2018-04-03 20:44:07	44.0	94.0	0	12.0	220.0	9.0	6.21		FEW	SCT	BKN	2500.0	4500.0	5000.0						14.0	100.0	2.0	5.59		BKN	M	M	600.0							
467751	2018-04-03 00:00:00	74.0	CSTOQ	332	AIRBUS A330-200	WB	GIG	2018-04-03 18:40:00	2018-04-03 18:45:00	2018-04-03 19:15:00	LIS	2018-04-04 04:08:00	2018-04-04 04:13:00	2018-04-04 04:20:00	J	TP	2018-04-03 19:27:53	5.0	41.0	B	30.0	190.0	11.0	6.21		BKN	M	M	4700.0								13.0	260.0	12.0	6.21	22.0	FEW	M	M	2000.0							
467752	2018-04-03 00:00:00	446.0	CSTQD	320	AIRBUS A320-211	NB	LIS	2018-04-03 18:40:00	2018-04-03 18:59:00	2018-04-03 19:12:00	ORY	2018-04-03 21:07:00	2018-04-03 21:13:00	2018-04-03 21:05:00	J	TP	2018-04-03 19:17:59	15.0	89.0	0	14.0	230.0	19.0	6.21		FEW	FEW	BKN	1800.0	2000.0	2600.0						8.0	170.0	5.0	6.21		M	M	M								
467753	2018-04-03 00:00:00	838.0	CSTNW	320	AIRBUS A320-211	NB	LIS	2018-04-03 18:45:00	2018-04-03 19:03:00	2018-04-03 19:19:00	FCO	2018-04-03 21:40:00	2018-04-03 21:47:00	2018-04-03 21:35:00	J	TP	2018-04-03 19:21:59	8.0	89.0	0	14.0	230.0	19.0	6.21		FEW	FEW	BKN	1800.0	2000.0	2600.0						12.0	160.0	4.0	6.21		M	M	M								
467754	2018-04-03 00:00:00	347.0	CSTPP	E90	EMBRAER 190	PGA	LCY	2018-04-03 18:50:00	2018-04-03 20:52:00	2018-04-03 20:58:00	LIS	2018-04-03 23:23:00	2018-04-03 23:27:00	2018-04-03 21:25:00	J	NI	2018-04-03 21:22:12	5.0	89.0	0	11.0	210.0	10.0	6.21		SCT	M	M	1800.0								13.0	240.0	11.0	6.21		FEW	M	M	2000.0							
467755	2018-04-03 00:00:00	367.0	CSTNR	320	AIRBUS A320-211	NB	LHR	2018-04-03 18:50:00	2018-04-03 20:20:00	2018-04-03 20:35:00	LIS	2018-04-03 22:47:00	2018-04-03 22:53:00	2018-04-03 21:30:00	J	TP	2018-04-03 20:46:09	10.0	89.0	0	10.0	210.0	11.0	6.21		FEW	M	M	1900.0								14.0	240.0	13.0	6.21		SCT	M	M	2000.0							
467756	2018-04-03 00:00:00	458.0	CSTTO	319	AIRBUS A319-111	NB	OPO	2018-04-03 18:50:00	2018-04-03 18:55:00	2018-04-03 19:16:00	ORY	2018-04-03 20:56:00	2018-04-03 21:01:00	2018-04-03 20:55:00	J	TP	2018-04-03 19:35:02	5.0	71.0	0	12.0	230.0	8.0	4.97		SCT	BKN	BKN	2500.0	3000.0	4700.0						8.0	170.0	5.0	6.21		M	M	M								
467757	2018-04-03 00:00:00	449.0	CSTTL	319	AIRBUS A319-111	NB	ORY	2018-04-03 18:55:00	2018-04-03 19:32:00	2018-04-03 19:39:00	LIS	2018-04-03 21:46:00	2018-04-03 21:50:00	2018-04-03 21:20:00	J	TP	2018-04-09 08:31:59	6.0	81.0	0	9.0	190.0	5.0	6.21		M	M	M									13.0	240.0	13.0	6.21		FEW	M	M	2000.0							
467758	2018-04-03 00:00:00	584.0	CSTTX	E95	EMBRAER 195	PGA	LIS	2018-04-03 19:00:00	2018-04-03 19:56:00	2018-04-03 20:14:00	CGN	2018-04-03 22:47:00	2018-04-03 22:57:00	2018-04-03 21:50:00	J	NI	2018-04-03 20:19:59	21.0	81.0	0	13.0	230.0	13.0	6.21		FEW	SCT	M	1400.0	2000.0							14.0	190.0	10.0	6.21		FEW	BKN	M	4200.0	11000.0						
467759	2018-04-03 00:00:00	1714.0	CSTTC	319	AIRBUS A319-111	NB	FNC	2018-04-03 19:00:00	2018-04-03 18:59:00	2018-04-03 19:07:00	OPO	2018-04-03 20:41:00	2018-04-03 20:43:00	2018-04-03 20:50:00	J	TP					18.0	340.0	9.0	6.21		FEW	M	M	1600.0								12.0	220.0	9.0	6.21		FEW	SCT	BKN	2500.0	4500.0	5000.0					
467760	2018-04-03 00:00:00	1970.0	CSDJC	AT7	ATR 72	WI	LIS	2018-04-03 19:00:00	2018-04-03 21:57:00	2018-04-03 22:13:00	OPO	2018-04-03 23:05:00	2018-04-03 23:08:00	2018-04-03 20:00:00	J	WI	2018-04-03 22:12:59	16.0	41.0	A	13.0	240.0	13.0	6.21		FEW	M	M	2000.0								12.0	220.0	11.0	6.21		FEW	BKN	M	1500.0	2200.0						
467761	2018-04-03 00:00:00	1060.0	CSDJE	AT7	ATR 72	WI	LIS	2018-04-03 19:05:00	2018-04-03 19:22:00	2018-04-03 19:38:00	BIO	2018-04-03 21:28:00	2018-04-03 21:30:00	2018-04-03 21:10:00	J	WI	2018-04-03 19:22:59	17.0	89.0	0	13.0	230.0	17.0	6.21		FEW	FEW	BKN	1800.0	2000.0	2800.0						16.0	240.0	10.0	6.21		FEW	SCT	M	4000.0	6500.0						
467762	2018-04-03 00:00:00	1113.0	CSDJF	AT7	ATR 72	WI	OVD	2018-04-03 19:10:00	2018-04-03 19:44:00	2018-04-03 19:53:00	LIS	2018-04-03 21:31:00	2018-04-03 21:37:00	2018-04-03 20:55:00	J	WI	2018-04-09 09:33:59	34.0	93.0	M	11.0	240.0	14.0	6.21		FEW	SCT	BKN	4000.0	5500.0	8000.0						13.0	240.0	13.0	6.21		FEW	M	M	2000.0							
467763	2018-04-03 00:00:00	1006.0	CSTPO	E90	EMBRAER 190	PGA	OPO	2018-04-03 19:15:00	2018-04-03 19:53:00	2018-04-03 20:02:00	MAD	2018-04-03 20:53:00	2018-04-03 21:04:00	2018-04-03 20:25:00	J	NI	2018-04-03 20:13:00	18.0	81.0	0	11.0	220.0	11.0	6.21		FEW	SCT	BKN	1100.0	3000.0	4900.0						13.0	220.0	12.0	6.21		FEW	SCT	M	6000.0	8000.0						
467764	2018-04-03 00:00:00	362.0	CSTTF	319	AIRBUS A319-111	NB	LIS	2018-04-03 19:20:00	2018-04-03 19:32:00	2018-04-03 19:49:00	LHR	2018-04-03 21:55:00	2018-04-03 22:01:00	2018-04-03 21:55:00	J	TP	2018-04-03 19:51:59	12.0	81.0	0	13.0	230.0	17.0	6.21		FEW	FEW	BKN	1800.0	2000.0	2800.0						9.0	190.0	7.0	6.21		NCD	M	M								
467765	2018-04-03 00:00:00	1959.0	CSDJA	AT7	ATR 72	WI	OPO	2018-04-03 19:30:00	2018-04-03 20:56:00	2018-04-03 21:14:00	LIS	2018-04-03 21:59:00	2018-04-03 22:03:00	2018-04-03 20:30:00	J	WI	2018-04-03 22:10:06	10.0	89.0	0	12.0	210.0	9.0	6.21		FEW	BKN	M	2500.0	4500.0							13.0	240.0	13.0	6.21		FEW	M	M	2000.0							
467766	2018-04-03 00:00:00	1528.0	CSTNT	320	AIRBUS A320-211	NB	TMS	2018-04-03 19:35:00	2018-04-03 19:35:00	2018-04-03 19:43:00	ACC	2018-04-03 21:06:00	2018-04-03 21:10:00	2018-04-03 21:15:00	J	TP					29.0	210.0	2.0	6.21		FEW	SCT	M	2300.0	11000.0							28.0	180.0	9.0	4.97		BKN	BKN	M	1300.0	1900.0						
467767	2018-04-03 00:00:00	1485.0	CSTJH	321	AIRBUS A321-211	NB	LIS	2018-04-03 19:50:00	2018-04-03 21:23:00	2018-04-03 21:40:00	DSS	2018-04-04 01:35:00	2018-04-04 01:38:00	2018-04-03 23:50:00	J	TP	2018-04-03 23:19:59	40.0	44.0	B	13.0	240.0	13.0	6.21		FEW	M	M	2000.0								18.0	350.0	16.0	6.21		SCT	M	M	300.0							
467768	2018-04-03 00:00:00	828.0	CSTNP	320	AIRBUS A320-211	NB	LIS	2018-04-03 19:55:00	2018-04-03 21:22:00	2018-04-03 21:42:00	MXP	2018-04-03 23:48:00	2018-04-03 23:56:00	2018-04-03 22:30:00	J	TP	2018-04-03 21:51:59	2.0	89.0	0	13.0	240.0	13.0	6.21		FEW	M	M	2000.0								8.0	360.0	6.0	4.35		BKN	BKN	M	1000.0	4000.0						
467769	2018-04-03 00:00:00	58.0	CSTOX	333	AIRBUS A330-300	WB	BSB	2018-04-03 20:00:00	2018-04-03 20:22:00	2018-04-03 20:38:00	LIS	2018-04-04 05:27:00	2018-04-04 05:33:00	2018-04-04 05:00:00	J	TP	2018-04-03 21:00:08	22.0	93.0	M	25.0		2.0	6.21		SCT	FEW	SCT	3500.0	4000.0	8000.0						12.0	230.0	7.0	6.21		SCT	FEW	M	1800.0	2500.0						
467770	2018-04-03 00:00:00	1533.0	CSTTI	319	AIRBUS A319-111	NB	LIS	2018-04-03 20:00:00	2018-04-03 21:35:00	2018-04-03 21:53:00	RAI	2018-04-04 02:04:00	2018-04-04 02:10:00	2018-04-04 00:15:00	J	TP	2018-04-09 09:50:59	10.0	15.0	D	13.0	240.0	13.0	6.21		FEW	M	M	2000.0								20.0	20.0	14.0	6.21		FEW	M	M	2000.0							
467771	2018-04-03 00:00:00	1021.0	CSTNL	320	AIRBUS A320-211	NB	MAD	2018-04-03 20:05:00	2018-04-03 20:07:00	2018-04-03 20:22:00	LIS	2018-04-03 21:27:00	2018-04-03 21:32:00	2018-04-03 21:25:00	J	TP	2018-04-03 20:26:00	2.0	89.0	0	13.0	210.0	11.0	6.21		FEW	SCT	M	6000.0	8000.0							13.0	240.0	13.0	6.21		FEW	M	M	2000.0							
467772	2018-04-03 00:00:00	337.0	CSTPQ	E90	EMBRAER 190	PGA	LGW	2018-04-03 20:10:00	2018-04-03 21:06:00	2018-04-03 21:21:00	OPO	2018-04-03 23:14:00	2018-04-03 23:17:00	2018-04-03 22:30:00	J	NI	2018-04-03 21:46:10	8.0	89.0	0	9.0		3.0	6.21		SCT	M	M	3400.0								12.0	220.0	11.0	6.21		FEW	BKN	M	1200.0	4500.0						
467773	2018-04-03 00:00:00	1090.0	CSDJD	AT7	ATR 72	WI	LIS	2018-04-03 20:10:00	2018-04-03 20:06:00	2018-04-03 20:22:00	VLC	2018-04-03 21:50:00	2018-04-03 21:52:00	2018-04-03 22:15:00	J	WI					13.0	230.0	13.0	6.21		FEW	SCT	M	1400.0	2000.0							18.0	160.0	5.0	6.21		FEW	M	M	3000.0							
467774	2018-04-03 00:00:00	224.0	CSTOW	333	AIRBUS A330-300	WB	MIA	2018-04-03 20:15:00	2018-04-03 21:10:00	2018-04-03 21:26:00	LIS	2018-04-04 04:54:00	2018-04-04 04:58:00	2018-04-04 04:20:00	J	TP	2018-04-09 08:01:59	2.0	93.0	M		150.0	7.0	10.0		SCT	M	M	3999.0								12.0	230.0	6.0	6.21		FEW	M	M	3000.0							
467775	2018-04-03 00:00:00	1968.0	CSTPV	E90	EMBRAER 190	PGA	LIS	2018-04-03 20:15:00	2018-04-03 21:44:00	2018-04-03 21:59:00	OPO	2018-04-03 22:38:00	2018-04-03 22:42:00	2018-04-03 21:10:00	J	NI	2018-04-03 22:05:59	89.0	94.0	0	13.0	240.0	13.0	6.21		FEW	M	M	2000.0								13.0	210.0	11.0	6.21		FEW	BKN	M	1500.0	2200.0						
467776	2018-04-03 00:00:00	817.0	CSTTG	319	AIRBUS A319-111	NB	MXP	2018-04-03 20:20:00	2018-04-03 20:21:00	2018-04-03 20:31:00	OPO	2018-04-03 22:53:00	2018-04-03 22:57:00	2018-04-03 23:05:00	J	TP	2018-04-03 20:38:58	1.0	93.0	R	9.0	10.0	9.0	6.21		BKN	M	M	4000.0								12.0	220.0	11.0	6.21		FEW	BKN	M	1500.0	2200.0						
467777	2018-04-03 00:00:00	1048.0	CSTNI	320	AIRBUS A320-211	NB	LIS	2018-04-03 20:30:00	2018-04-03 22:04:00	2018-04-03 22:15:00	BCN	2018-04-03 23:40:00	2018-04-03 23:50:00	2018-04-03 22:20:00	J	TP	2018-04-03 22:18:59	31.0	87.0	E	13.0	240.0	13.0	6.21		FEW	M	M	2000.0								14.0	200.0	4.0	3.73		FEW	BKN	M	300.0	400.0						
467778	2018-04-03 00:00:00	1971.0	CSDJC	AT7	ATR 72	WI	OPO	2018-04-03 20:30:00	2018-04-03 23:46:00	2018-04-03 23:56:00	LIS	2018-04-04 00:38:00	2018-04-04 00:42:00	2018-04-03 21:30:00	J	WI	2018-04-03 23:58:19	8.0	71.0	0	12.0	220.0	11.0	6.21		FEW	BKN	M	1200.0	4500.0							13.0	240.0	11.0	6.21		FEW	SCT	M	1200.0	1800.0						
467779	2018-04-03 00:00:00	1022.0	CSTTQ	319	AIRBUS A319-111	NB	LIS	2018-04-03 20:35:00	2018-04-03 21:46:00	2018-04-03 22:04:00	MAD	2018-04-03 22:57:00	2018-04-03 23:12:00	2018-04-03 21:50:00	J	TP	2018-04-03 22:08:59	8.0	19.0	B	13.0	240.0	13.0	6.21		FEW	M	M	2000.0								11.0	240.0	18.0	6.21	28.0	SCT	SCT	M	6000.0	8000.0						
467780	2018-04-03 00:00:00	1047.0	CSTNH	320	AIRBUS A320-211	NB	BCN	2018-04-03 20:35:00	2018-04-03 20:47:00	2018-04-03 21:02:00	LIS	2018-04-03 22:38:00	2018-04-03 22:42:00	2018-04-03 22:30:00	J	TP	2018-04-03 21:07:01	12.0	93.0	0	14.0		2.0	6.21		BKN	M	M	700.0								13.0	240.0	13.0	6.21		FEW	SCT	M	2000.0	3000.0						
467781	2018-04-03 00:00:00	478.0	CSTPS	E90	EMBRAER 190	PGA	LIS	2018-04-03 20:40:00	2018-04-03 20:34:00	2018-04-03 20:46:00	LYS	2018-04-03 22:34:00	2018-04-03 22:38:00	2018-04-03 22:55:00	J	NI					13.0	240.0	12.0	6.21		SCT	M	M	2400.0								14.0	170.0	8.0	6.21		M	M	M								
467782	2018-04-03 00:00:00	1136.0	CSDJB	AT7	ATR 72	WI	LIS	2018-04-03 20:40:00	2018-04-03 22:15:00	2018-04-03 22:22:00	AGP	2018-04-03 23:25:00	2018-04-03 23:29:00	2018-04-03 22:10:00	J	WI	2018-04-03 22:22:59	95.0	93.0	M	13.0	240.0	13.0	6.21		FEW	M	M	2000.0								14.0	290.0	7.0	6.21		M	M	M								
467783	2018-04-03 00:00:00	1691.0	CSTNM	320	AIRBUS A320-211	NB	LIS	2018-04-03 20:50:00	2018-04-03 21:59:00	2018-04-03 22:11:00	FNC	2018-04-03 23:43:00	2018-04-03 23:47:00	2018-04-03 22:35:00	J	TP	2018-04-03 22:16:59	11.0	85.0	C	13.0	240.0	13.0	6.21		FEW	M	M	2000.0								16.0	300.0	6.0	6.21		FEW	M	M	1600.0							
467784	2018-04-03 00:00:00	1688.0	CSTNG	320	AIRBUS A320-211	NB	FNC	2018-04-03 20:55:00	2018-04-03 22:06:00	2018-04-03 22:14:00	LIS	2018-04-03 23:33:00	2018-04-03 23:38:00	2018-04-03 22:30:00	J	TP	2018-04-03 22:16:14	21.0	93.0	M	17.0	320.0	6.0	6.21		FEW	M	M	1600.0								13.0	240.0	11.0	6.21		FEW	M	M	2000.0							
467785	2018-04-03 00:00:00	1009.0	CSTPO	E90	EMBRAER 190	PGA	MAD	2018-04-03 21:05:00	2018-04-03 21:37:00	2018-04-03 21:56:00	OPO	2018-04-03 22:50:00	2018-04-03 22:54:00	2018-04-03 22:20:00	J	NI	2018-04-03 22:00:11	32.0	93.0	0	13.0	220.0	14.0	6.21		FEW	SCT	M	6000.0	8000.0							12.0	220.0	11.0	6.21		FEW	BKN	M	1500.0	2200.0						
467786	2018-04-03 00:00:00	1031.0	CSTTR	319	AIRBUS A319-111	NB	BCN	2018-04-03 21:05:00	2018-04-03 22:47:00	2018-04-03 23:08:00	OPO	2018-04-04 00:39:00	2018-04-04 00:42:00	2018-04-03 22:55:00	J	TP	2018-04-03 23:15:10	102.0	93.0	0	14.0		1.0	4.35		FEW	BKN	M	300.0	400.0							13.0	220.0	12.0	6.21		SCT	BKN	M	2000.0	3500.0						
467787	2018-04-03 00:00:00	1104.0	CSDJA	AT7	ATR 72	WI	LIS	2018-04-03 21:05:00	2018-04-03 22:41:00	2018-04-03 22:58:00	SVQ	2018-04-03 23:50:00	2018-04-03 23:53:00	2018-04-03 22:15:00	J	WI	2018-04-03 22:59:59	96.0	93.0	M	13.0	240.0	13.0	6.21		FEW	SCT	M	2000.0	3000.0							15.0	230.0	11.0	6.21		M	M	M								
467788	2018-04-03 00:00:00	1823.0	CSTNN	320	AIRBUS A320-211	NB	LIS	2018-04-03 21:10:00	2018-04-03 21:09:00	2018-04-03 21:17:00	TER	2018-04-03 23:45:00	2018-04-03 23:48:00	2018-04-03 23:40:00	J	TP					13.0	240.0	13.0	6.21		FEW	FEW	SCT	2200.0	2500.0	2800.0						16.0			6.21		SCT	M	M	3000.0							
467789	2018-04-03 00:00:00	1865.0	CSTNQ	320	AIRBUS A320-211	NB	LIS	2018-04-03 21:30:00	2018-04-03 21:40:00	2018-04-03 21:56:00	PDL	2018-04-04 00:08:00	2018-04-04 00:11:00	2018-04-03 23:55:00	J	TP	2018-04-03 22:00:59	5.0	89.0	0	13.0	240.0	13.0	6.21		FEW	M	M	2000.0								14.0		1.0	6.21		FEW	SCT	M	2000.0	4000.0						
467790	2018-04-03 00:00:00	1958.0	CSTNJ	320	AIRBUS A320-211	NB	LIS	2018-04-03 21:30:00	2018-04-03 21:39:00	2018-04-03 21:51:00	OPO	2018-04-03 22:24:00	2018-04-03 22:27:00	2018-04-03 22:25:00	J	TP	2018-04-03 21:57:59	9.0	95.0	B	13.0	240.0	13.0	6.21		FEW	M	M	2000.0								13.0	210.0	11.0	6.21		FEW	BKN	M	1500.0	2200.0						
467791	2018-04-03 00:00:00	202.0	CSTOL	332	AIRBUS A330-200	WB	EWR	2018-04-03 21:45:00	2018-04-03 22:09:00	2018-04-03 22:44:00	LIS	2018-04-04 04:44:00	2018-04-04 04:48:00	2018-04-04 04:35:00	J	TP	2018-04-04 11:00:59	13.0	89.0	0		20.0	7.0	1.0		OVC	M	M	300.0								12.0	230.0	6.0	6.21		FEW	M	M	3000.0							
467792	2018-04-03 00:00:00	1232.0	CSTNY	320	AIRBUS A320-211	NB	LIS	2018-04-03 22:10:00	2018-04-03 22:37:00	2018-04-03 22:51:00	DME	2018-04-04 03:33:00	2018-04-04 03:39:00	2018-04-04 03:25:00	J	TP	2018-04-10 14:54:59	4.0	43.0	D	13.0	240.0	13.0	6.21		FEW	SCT	M	2000.0	3000.0							-3.0	210.0	3.89	6.21		M	M	M								
467793	2018-04-03 00:00:00	1693.0	FHBAL	319	AIRBUS A319-111	NB	LIS	2018-04-03 22:10:00	2018-04-03 23:01:00	2018-04-03 23:10:00	FNC	2018-04-04 00:43:00	2018-04-04 00:46:00	2018-04-03 23:55:00	J	TP	2018-04-03 23:17:59	5.0	91.0	0	14.0	240.0	13.0	6.21		SCT	M	M	2000.0								16.0	310.0	5.0	6.21		FEW	M	M	1600.0							
467794	2018-04-03 00:00:00	1528.0	CSTNT	320	AIRBUS A320-211	NB	ACC	2018-04-03 22:15:00	2018-04-03 22:05:00	2018-04-03 22:14:00	LIS	2018-04-04 03:36:00	2018-04-04 03:40:00	2018-04-04 03:45:00	J	TP					28.0	190.0	11.0	6.21		BKN	BKN	M	1300.0	2000.0							13.0	240.0	12.0	6.21		FEW	FEW	M	1600.0	2000.0						
467795	2018-04-03 00:00:00	1928.0	CSTNR	320	AIRBUS A320-211	NB	LIS	2018-04-03 22:15:00	2018-04-04 00:00:00	2018-04-04 00:08:00	OPO	2018-04-04 00:41:00	2018-04-04 00:44:00	2018-04-03 23:10:00	J	TP	2018-04-04 00:12:59	22.0	91.0	0	13.0	240.0	11.0	6.21		FEW	M	M	1500.0								13.0	220.0	12.0	6.21		SCT	BKN	M	2000.0	3500.0						
467796	2018-04-03 00:00:00	87.0	CSTOC	343	AIRBUS A340-312	WB	LIS	2018-04-03 22:20:00	2018-04-03 22:45:00	2018-04-03 23:01:00	GRU	2018-04-04 08:50:00	2018-04-04 09:00:00	2018-04-04 08:20:00	J	TP	2018-04-04 00:22:10	25.0	91.0	0	13.0	240.0	13.0	6.21		FEW	SCT	M	2000.0	3000.0							18.0	130.0	2.0	6.21		SCT	M	M	1300.0							
467797	2018-04-03 00:00:00	75.0	CSTOE	332	AIRBUS A330-200	WB	LIS	2018-04-03 22:25:00	2018-04-03 22:51:00	2018-04-03 23:07:00	GIG	2018-04-04 08:46:00	2018-04-04 08:55:00	2018-04-04 08:20:00	J	TP	2018-04-03 23:15:59	26.0	91.0	0	14.0	240.0	13.0	6.21		SCT	M	M	2000.0								23.0	350.0	6.0	6.21		FEW	BKN	M	800.0	4000.0						
467798	2018-04-03 00:00:00	792.0	CSTNL	320	AIRBUS A320-211	NB	LIS	2018-04-03 22:25:00	2018-04-03 22:39:00	2018-04-03 22:54:00	HEL	2018-04-04 02:48:00	2018-04-04 02:56:00	2018-04-04 03:00:00	J	TP	2018-04-03 22:58:59	9.0	15.0	D	13.0	240.0	13.0	6.21		FEW	SCT	M	2000.0	3000.0							-10.0	50.0	3.0	6.21		M	M	M								
467799	2018-04-03 00:00:00	289.0	CSTOB	343	AIRBUS A340-312	WB	LIS	2018-04-03 22:35:00	2018-04-03 23:05:00	2018-04-03 23:18:00	LAD	2018-04-04 06:23:00	2018-04-04 06:29:00	2018-04-04 06:05:00	J	TP	2018-04-03 23:28:59	10.0	89.0	0	14.0	240.0	13.0	6.21		SCT	M	M	2000.0										2.0	6.21		SCT	FEW	BKN	2000.0	2300.0	8000.0					
467800	2018-04-03 00:00:00	13.0	CSTON	332	AIRBUS A330-200	WB	LIS	2018-04-03 22:40:00	2018-04-03 22:58:00	2018-04-03 23:12:00	REC	2018-04-04 06:42:00	2018-04-04 06:46:00	2018-04-04 06:20:00	J	TP	2018-04-03 23:16:59	18.0	91.0	0	14.0	240.0	13.0	6.21		SCT	M	M	2000.0								27.0	120.0	5.0	6.21		FEW	M	M	2000.0							
467801	2018-04-03 00:00:00	218.0	CSTOO	332	AIRBUS A330-200	WB	BOS	2018-04-03 22:40:00	2018-04-03 22:41:00	2018-04-03 22:53:00	LIS	2018-04-04 04:26:00	2018-04-04 04:29:00	2018-04-04 05:05:00	J	TP	2018-04-04 16:44:59	1.0	89.0	0		140.0	10.0	3.0		BKN	OVC	M	700.0	1600.0							12.0	250.0	10.0	6.21		FEW	M	M	2000.0							
467802	2018-04-03 00:00:00	118.0	CSTOM	332	AIRBUS A330-200	WB	POA	2018-04-03 22:45:00	2018-04-03 23:40:00	2018-04-03 23:52:00	LIS	2018-04-04 10:06:00	2018-04-04 10:11:00	2018-04-04 09:30:00	J	TP	2018-04-04 00:04:11	23.0	3.0	0	22.0	110.0	4.0	6.21		FEW	M	M	3500.0								15.0	260.0	12.0	6.21		FEW	BKN	M	2000.0	2800.0						
467803	2018-04-03 00:00:00	1476.0	CSTTU	319	AIRBUS A319-111	NB	OXB	2018-04-03 23:50:00	2018-04-04 02:10:00	2018-04-04 02:16:00	LIS	2018-04-04 05:54:00	2018-04-04 05:57:00	2018-04-04 04:00:00	J	TP	2018-04-04 02:24:23	118.0	36.0	A	21.0	340.0	5.0	6.21		M	M	M									12.0	230.0	7.0	6.21		FEW	M	M	1800.0							
467804	2018-04-04 00:00:00	214.0	CSTOH	332	AIRBUS A330-200	WB	EWR	2018-04-04 00:15:00	2018-04-04 01:07:00	2018-04-04 01:44:00	OPO	2018-04-04 07:48:00	2018-04-04 07:51:00	2018-04-04 07:00:00	J	TP	2018-04-05 10:10:59	52.0	93.0	0		10.0	6.0	2.0		OVC	M	M	300.0								13.0	240.0	8.0	4.97		SCT	BKN	BKN	1400.0	1700.0	4800.0					
467805	2018-04-04 00:00:00	2614.0	CSTKR	763	BOEING 767-300/300ER		CUR	2018-04-04 00:30:00	2018-04-04 00:25:00	2018-04-04 00:39:00	CCS	2018-04-04 01:15:00	2018-04-04 01:25:00	2018-04-04 01:30:00	J	YU					26.0	80.0	10.0	6.21		FEW	M	M	2000.0								26.0	90.0	3.0	6.21		M	M	M								
467806	2018-04-04 00:00:00	88.0	CSTOF	332	AIRBUS A330-200	WB	GRU	2018-04-04 00:40:00	2018-04-04 00:29:00	2018-04-04 00:50:00	LIS	2018-04-04 10:11:00	2018-04-04 10:14:00	2018-04-04 10:30:00	J	TP					20.0	160.0	4.0	1.86		BKN	BKN	M	700.0	2000.0							15.0	260.0	12.0	6.21		FEW	BKN	M	2000.0	2800.0						
467807	2018-04-04 00:00:00	1484.0	CSTJH	321	AIRBUS A321-211	NB	DSS	2018-04-04 00:50:00	2018-04-04 02:45:00	2018-04-04 02:56:00	LIS	2018-04-04 06:27:00	2018-04-04 06:32:00	2018-04-04 04:45:00	J	TP	2018-04-04 09:38:59	7.0	85.0	0	18.0	360.0	14.0	6.21		SCT	M	M	300.0								12.0	250.0	8.0	6.21		FEW	FEW	M	1800.0	2500.0						
467808	2018-04-04 00:00:00	1532.0	CSTTI	319	AIRBUS A319-111	NB	RAI	2018-04-04 01:05:00	2018-04-04 02:55:00	2018-04-04 03:05:00	LIS	2018-04-04 06:56:00	2018-04-04 07:00:00	2018-04-04 05:05:00	J	TP	2018-04-05 02:46:59	110.0	93.0	M	20.0	20.0	14.0	6.21		FEW	M	M	2000.0								12.0	250.0	6.0	6.21		FEW	FEW	SCT	1600.0	2500.0	3200.0					
467809	2018-04-04 00:00:00	48.0	CSTOG	332	AIRBUS A330-200	WB	BEL	2018-04-04 01:40:00	2018-04-04 01:52:00	2018-04-04 02:03:00	LIS	2018-04-04 09:13:00	2018-04-04 09:16:00	2018-04-04 09:10:00	J	TP	2018-04-04 02:17:13	12.0	93.0	O	25.0	0.0	0.0	6.21		SCT	BKN	M	1200.0	2000.0							15.0	260.0	9.0	6.21		FEW	BKN	M	1800.0	2400.0						
467810	2018-04-04 00:00:00	36.0	CSTOI	332	AIRBUS A330-200	WB	FOR	2018-04-04 02:05:00	2018-04-04 01:57:00	2018-04-04 02:07:00	LIS	2018-04-04 08:52:00	2018-04-04 08:55:00	2018-04-04 09:10:00	J	TP					27.0	100.0	6.0	6.21		SCT	M	M	2000.0								14.0	250.0	9.0	6.21		FEW	BKN	M	1600.0	2200.0						
467811	2018-04-04 00:00:00	12.0	CSTOK	332	AIRBUS A330-200	WB	REC	2018-04-04 02:10:00	2018-04-04 02:09:00	2018-04-04 02:20:00	LIS	2018-04-04 09:16:00	2018-04-04 09:20:00	2018-04-04 09:35:00	J	TP					27.0	100.0	5.0	6.21		FEW	M	M	2000.0								15.0	260.0	9.0	6.21		FEW	BKN	M	1800.0	2400.0						
467812	2018-04-04 00:00:00	21.0	CSTOV	333	AIRBUS A330-300	WB	SSA	2018-04-04 02:20:00	2018-04-04 02:12:00	2018-04-04 02:21:00	LIS	2018-04-04 10:00:00	2018-04-04 10:05:00	2018-04-04 10:25:00	J	TP					26.0	70.0	7.0	6.21		FEW	M	M	2000.0								15.0	260.0	12.0	6.21		FEW	BKN	M	2000.0	2800.0						
467813	2018-04-04 00:00:00	208.0	CSTOP	332	AIRBUS A330-200	WB	JFK	2018-04-04 03:25:00	2018-04-04 03:24:00	2018-04-04 03:59:00	LIS	2018-04-04 10:03:00	2018-04-04 10:08:00	2018-04-04 10:15:00	J	TP						30.0	4.0	5.0		OVC	M	M	300.0								15.0	260.0	12.0	6.21		FEW	BKN	M	2000.0	2800.0						
467814	2018-04-04 00:00:00	473.0	CSTPS	E90	EMBRAER 190	PGA	LYS	2018-04-04 04:00:00	2018-04-04 04:04:00	2018-04-04 04:14:00	LIS	2018-04-04 06:22:00	2018-04-04 06:29:00	2018-04-04 06:30:00	J	NI	2018-04-04 08:34:59	4.0	89.0	0	14.0	170.0	10.0	6.21		SCT	BKN	M	5100.0	11000.0							12.0	250.0	8.0	6.21		FEW	FEW	M	1800.0	2500.0						
467815	2018-04-04 00:00:00	527.0	CSTPT	E90	EMBRAER 190	PGA	STR	2018-04-04 04:00:00	2018-04-04 04:00:00	2018-04-04 04:15:00	LIS	2018-04-04 07:07:00	2018-04-04 07:11:00	2018-04-04 07:10:00	J	NI					10.0		2.0	6.21		M	M	M									12.0	250.0	6.0	6.21		FEW	FEW	SCT	1600.0	2500.0	3200.0					
467816	2018-04-04 00:00:00	531.0	CSTTK	319	AIRBUS A319-111	NB	TXL	2018-04-04 04:00:00	2018-04-04 06:08:00	2018-04-04 06:20:00	LIS	2018-04-04 09:33:00	2018-04-04 09:35:00	2018-04-04 07:40:00	J	TP	2018-04-05 10:11:59	1.0	89.0	0	14.0	230.0	3.0	6.21		M	M	M									15.0	260.0	9.0	6.21		FEW	BKN	M	1800.0	2400.0						
467817	2018-04-04 00:00:00	567.0	CSTTJ	319	AIRBUS A319-111	NB	HAM	2018-04-04 04:00:00	2018-04-04 04:08:00	2018-04-04 04:16:00	LIS	2018-04-04 07:18:00	2018-04-04 07:22:00	2018-04-04 07:30:00	J	TP	2018-04-04 04:33:22	8.0	62.0	0	12.0	230.0	17.0	6.21		FEW	BKN	M	3300.0	4300.0							12.0	270.0	7.0	6.21		FEW	FEW	SCT	1000.0	2000.0	3400.0					
467818	2018-04-04 00:00:00	753.0	CSTTE	319	AIRBUS A319-111	NB	CPH	2018-04-04 04:00:00	2018-04-04 03:59:00	2018-04-04 04:10:00	LIS	2018-04-04 07:32:00	2018-04-04 07:36:00	2018-04-04 07:45:00	J	TP					6.0	140.0	14.0	2.49		NSC	M	M									12.0	270.0	7.0	6.21		FEW	FEW	SCT	1000.0	2000.0	3400.0					
467819	2018-04-04 00:00:00	791.0	CSTNL	320	AIRBUS A320-211	NB	HEL	2018-04-04 04:00:00	2018-04-04 04:00:00	2018-04-04 04:17:00	LIS	2018-04-04 08:59:00	2018-04-04 09:04:00	2018-04-04 08:55:00	J	TP					-11.0	60.0	3.0	6.21		M	M	M									14.0	250.0	9.0	6.21		FEW	BKN	M	1600.0	2200.0						
467820	2018-04-04 00:00:00	9330.0	CSTTK	319	AIRBUS A319-111	NB	SXF	2018-04-04 04:00:00	2018-04-04 04:59:00	2018-04-04 05:04:00	TXL	2018-04-04 05:19:00	2018-04-04 05:22:00	2018-04-04 04:30:00	P	TP	2018-04-05 02:48:59	59.0	31.0	E	10.0	200.0	3.0	6.21		M	M	M									12.0	180.0	4.0	6.21		M	M	M								
467821	2018-04-04 00:00:00	821.0	CSTNP	320	AIRBUS A320-211	NB	MXP	2018-04-04 04:05:00	2018-04-04 04:04:00	2018-04-04 04:17:00	LIS	2018-04-04 06:51:00	2018-04-04 06:55:00	2018-04-04 07:00:00	J	TP					8.0	350.0	6.0	3.73		BKN	BKN	M	1500.0	3500.0							12.0	250.0	6.0	6.21		FEW	FEW	SCT	1600.0	2500.0	3200.0					
467822	2018-04-04 00:00:00	571.0	CSTTP	319	AIRBUS A319-111	NB	FRA	2018-04-04 04:15:00	2018-04-04 04:12:00	2018-04-04 04:25:00	LIS	2018-04-04 07:14:00	2018-04-04 07:18:00	2018-04-04 07:25:00	J	TP					9.0		3.0	6.21		M	M	M									12.0	270.0	7.0	6.21		FEW	FEW	SCT	1000.0	2000.0	3400.0					
467823	2018-04-04 00:00:00	837.0	CSTNW	320	AIRBUS A320-211	NB	FCO	2018-04-04 04:15:00	2018-04-04 04:23:00	2018-04-04 04:35:00	LIS	2018-04-04 07:27:00	2018-04-04 07:30:00	2018-04-04 07:20:00	J	TP	2018-04-04 04:47:21	3.0	89.0	0	12.0	130.0	7.0	6.21		FEW	M	M	5000.0								12.0	270.0	7.0	6.21		FEW	FEW	SCT	1000.0	2000.0	3400.0					
467824	2018-04-04 00:00:00	1235.0	CSTNY	320	AIRBUS A320-211	NB	DME	2018-04-04 04:15:00	2018-04-04 04:42:00	2018-04-04 04:59:00	LIS	2018-04-04 10:40:00	2018-04-04 10:49:00	2018-04-04 10:10:00	J	TP	2018-04-09 12:07:59	8.0	41.0	B	-2.0	230.0	3.89	6.21		M	M	M									16.0	270.0	11.0	6.21		FEW	BKN	M	1500.0	2600.0						
467825	2018-04-04 00:00:00	1943.0	CSTPO	E90	EMBRAER 190	PGA	OPO	2018-04-04 04:15:00	2018-04-04 04:24:00	2018-04-04 04:35:00	LIS	2018-04-04 05:08:00	2018-04-04 05:13:00	2018-04-04 05:10:00	J	NI	2018-04-04 04:38:13	4.0	16.0	H	13.0	240.0	11.0	5.59		FEW	BKN	M	1500.0	2300.0							12.0	230.0	6.0	6.21		FEW	M	M	3000.0							
467826	2018-04-04 00:00:00	929.0	CSTTA	319	AIRBUS A319-111	NB	ZRH	2018-04-04 04:20:00	2018-04-04 04:23:00	2018-04-04 04:41:00	LIS	2018-04-04 07:16:00	2018-04-04 07:19:00	2018-04-04 07:10:00	J	TP	2018-04-04 04:43:18	3.0	89.0	A	4.0	0.0	0.0	6.21		M	M	M									12.0	270.0	7.0	6.21		FEW	FEW	SCT	1000.0	2000.0	3400.0					
467827	2018-04-04 00:00:00	1095.0	CSDJD	AT7	ATR 72	WI	VLC	2018-04-04 04:20:00	2018-04-04 04:20:00	2018-04-04 04:29:00	LIS	2018-04-04 06:25:00	2018-04-04 06:30:00	2018-04-04 06:35:00	J	WI					15.0	240.0	12.0	6.21		FEW	M	M	3000.0								12.0	250.0	8.0	6.21		FEW	FEW	M	1800.0	2500.0						
467828	2018-04-04 00:00:00	587.0	CSTTX	E95	EMBRAER 195	PGA	CGN	2018-04-04 04:25:00	2018-04-04 04:30:00	2018-04-04 04:40:00	LIS	2018-04-04 07:21:00	2018-04-04 07:25:00	2018-04-04 07:35:00	J	NI	2018-04-04 04:53:13	5.0	32.0	A	10.0	130.0	6.0	6.21		M	M	M									12.0	270.0	7.0	6.21		FEW	FEW	SCT	1000.0	2000.0	3400.0					
467829	2018-04-04 00:00:00	447.0	CSTQD	320	AIRBUS A320-211	NB	ORY	2018-04-04 04:30:00	2018-04-04 04:29:00	2018-04-04 04:39:00	LIS	2018-04-04 06:47:00	2018-04-04 06:50:00	2018-04-04 07:00:00	J	TP					9.0	140.0	5.0	6.21		SCT	BKN	M	2600.0	8300.0							12.0	250.0	6.0	6.21		FEW	FEW	SCT	1600.0	2500.0	3200.0					
467830	2018-04-04 00:00:00	1049.0	CSTNI	320	AIRBUS A320-211	NB	BCN	2018-04-04 04:40:00	2018-04-04 04:42:00	2018-04-04 04:54:00	LIS	2018-04-04 06:30:00	2018-04-04 06:33:00	2018-04-04 06:35:00	J	TP	2018-04-04 04:59:20	2.0	89.0	0	14.0	230.0	6.0	3.11		SCT	BKN	M	500.0	1000.0							12.0	250.0	8.0	6.21		FEW	FEW	M	1800.0	2500.0						
467831	2018-04-04 00:00:00	1137.0	CSDJB	AT7	ATR 72	WI	AGP	2018-04-04 04:40:00	2018-04-04 04:40:00	2018-04-04 04:45:00	LIS	2018-04-04 06:02:00	2018-04-04 06:05:00	2018-04-04 06:15:00	J	WI					10.0	290.0	3.0	6.21		FEW	M	M	6000.0								12.0	230.0	7.0	6.21		FEW	M	M	1800.0							
467832	2018-04-04 00:00:00	361.0	CSTTF	319	AIRBUS A319-111	NB	LHR	2018-04-04 05:00:00	2018-04-04 04:59:00	2018-04-04 05:09:00	LIS	2018-04-04 07:24:00	2018-04-04 07:29:00	2018-04-04 07:35:00	J	TP					9.0	140.0	10.0	6.21		BKN	BKN	M	1500.0	2100.0							12.0	270.0	7.0	6.21		FEW	FEW	SCT	1000.0	2000.0	3400.0					
467833	2018-04-04 00:00:00	459.0	CSTTO	319	AIRBUS A319-111	NB	ORY	2018-04-04 05:00:00	2018-04-04 04:59:00	2018-04-04 05:10:00	OPO	2018-04-04 07:00:00	2018-04-04 07:03:00	2018-04-04 07:05:00	J	TP					9.0	150.0	5.0	6.21		SCT	SCT	BKN	2500.0	6600.0	9300.0						13.0	240.0	8.0	6.21		FEW	BKN	M	1200.0	2000.0						
467834	2018-04-04 00:00:00	669.0	CSTMW	320	AIRBUS A320-211	NB	AMS	2018-04-04 05:00:00	2018-04-04 05:21:00	2018-04-04 05:28:00	LIS	2018-04-04 08:06:00	2018-04-04 08:08:00	2018-04-04 08:00:00	J	TP	2018-04-04 11:19:59	18.0	89.0	0	8.0	160.0	7.0	6.21		M	M	M									12.0	250.0	7.0	6.21		FEW	FEW	M	1400.0	2000.0						
467835	2018-04-04 00:00:00	1101.0	CSDJA	AT7	ATR 72	WI	SVQ	2018-04-04 05:00:00	2018-04-04 04:58:00	2018-04-04 05:06:00	LIS	2018-04-04 06:11:00	2018-04-04 06:18:00	2018-04-04 06:10:00	J	WI					12.0	210.0	4.0	4.97		NSC	M	M									12.0	250.0	8.0	6.21		FEW	FEW	M	1800.0	2500.0						
467836	2018-04-04 00:00:00	1670.0	CSTNM	320	AIRBUS A320-211	NB	FNC	2018-04-04 05:00:00	2018-04-04 05:02:00	2018-04-04 05:14:00	LIS	2018-04-04 06:40:00	2018-04-04 06:46:00	2018-04-04 06:35:00	J	TP	2018-04-04 05:16:25	2.0	16.0	0	15.0	310.0	3.0	6.21		FEW	M	M	1600.0								12.0	250.0	6.0	6.21		FEW	FEW	SCT	1600.0	2500.0	3200.0					
467837	2018-04-04 00:00:00	1711.0	CSTNR	320	AIRBUS A320-211	NB	OPO	2018-04-04 05:05:00	2018-04-04 05:10:00	2018-04-04 05:21:00	FNC	2018-04-04 07:02:00	2018-04-04 07:05:00	2018-04-04 07:00:00	J	TP	2018-04-04 05:31:27	5.0	89.0	0	12.0	240.0	9.0	4.97		FEW	BKN	M	1500.0	2200.0							15.0	340.0	5.0	6.21		FEW	M	M	1600.0							
467838	2018-04-04 00:00:00	1065.0	CSDJE	AT7	ATR 72	WI	BIO	2018-04-04 05:10:00	2018-04-04 05:07:00	2018-04-04 05:15:00	LIS	2018-04-04 07:10:00	2018-04-04 07:13:00	2018-04-04 07:20:00	J	WI					14.0	220.0	10.0	6.21		FEW	M	M	5000.0								12.0	250.0	6.0	6.21		FEW	FEW	SCT	1600.0	2500.0	3200.0					
467839	2018-04-04 00:00:00	1921.0	CSTNJ	320	AIRBUS A320-211	NB	OPO	2018-04-04 05:15:00	2018-04-04 05:15:00	2018-04-04 05:25:00	LIS	2018-04-04 05:57:00	2018-04-04 05:58:00	2018-04-04 06:15:00	J	TP	2018-04-04 05:33:14	1.0	89.0	0	12.0	240.0	9.0	4.97		FEW	BKN	M	1500.0	2200.0							12.0	230.0	7.0	6.21		FEW	M	M	1800.0							
467840	2018-04-04 00:00:00	1023.0	CSTTQ	319	AIRBUS A319-111	NB	MAD	2018-04-04 05:25:00	2018-04-04 05:33:00	2018-04-04 05:48:00	LIS	2018-04-04 06:44:00	2018-04-04 06:47:00	2018-04-04 06:45:00	J	TP	2018-04-04 08:34:59	8.0	89.0	0	9.0	200.0	12.0	6.21		FEW	SCT	M	3000.0	5000.0							12.0	250.0	6.0	6.21		FEW	FEW	SCT	1600.0	2500.0	3200.0					
467841	2018-04-04 00:00:00	436.0	CSTJE	321	AIRBUS A321-211	NB	LIS	2018-04-04 05:30:00	2018-04-04 05:34:00	2018-04-04 05:49:00	ORY	2018-04-04 07:49:00	2018-04-04 07:53:00	2018-04-04 07:55:00	J	TP	2018-04-04 05:50:59	4.0	32.0	A	12.0	230.0	7.0	6.21		SCT	FEW	M	1800.0	2500.0							10.0	180.0	7.0	6.21		BKN	M	M	1100.0							
467842	2018-04-04 00:00:00	452.0	CSTTS	319	AIRBUS A319-111	NB	OPO	2018-04-04 05:30:00	2018-04-04 06:13:00	2018-04-04 06:22:00	ORY	2018-04-04 08:09:00	2018-04-04 08:21:00	2018-04-04 07:35:00	J	TP	2018-04-04 08:32:59	43.0	67.0	0	13.0	230.0	10.0	6.21		SCT	BKN	M	1500.0	2500.0							11.0	190.0	7.0	6.21		SCT	SCT	BKN	1400.0	5300.0	7000.0					
467843	2018-04-04 00:00:00	818.0	CSTTG	319	AIRBUS A319-111	NB	OPO	2018-04-04 05:30:00	2018-04-04 05:31:00	2018-04-04 05:38:00	MXP	2018-04-04 07:33:00	2018-04-04 07:39:00	2018-04-04 08:05:00	J	TP	2018-04-04 05:44:23	1.0	89.0	0	12.0	250.0	8.0	6.21		FEW	BKN	M	1500.0	2000.0							8.0	360.0	6.0	1.86		SCT	OVC	M	300.0	1000.0						
467844	2018-04-04 00:00:00	1030.0	CSTTC	319	AIRBUS A319-111	NB	OPO	2018-04-04 05:30:00	2018-04-04 05:35:00	2018-04-04 05:44:00	BCN	2018-04-04 07:16:00	2018-04-04 07:21:00	2018-04-04 07:15:00	J	TP	2018-04-04 05:49:12	5.0	16.0	H	12.0	250.0	8.0	6.21		FEW	BKN	M	1500.0	2000.0							14.0	210.0	3.0	6.21		M	M	M								
467845	2018-04-04 00:00:00	1044.0	FHBIS	320	AIRBUS A320-211	NB	LIS	2018-04-04 05:45:00	2018-04-04 05:55:00	2018-04-04 06:06:00	BCN	2018-04-04 07:30:00	2018-04-04 07:35:00	2018-04-04 07:35:00	J	TP	2018-04-04 06:32:59	10.0	35.0	A	12.0	230.0	7.0	6.21		FEW	M	M	1800.0								14.0	210.0	3.0	6.21		M	M	M								
467846	2018-04-04 00:00:00	443.0	CSTTN	319	AIRBUS A319-111	NB	ORY	2018-04-04 05:50:00	2018-04-04 05:54:00	2018-04-04 06:03:00	LIS	2018-04-04 08:12:00	2018-04-04 08:17:00	2018-04-04 08:20:00	J	TP	2018-04-04 06:18:14	4.0	89.0	0	9.0	170.0	4.0	6.21		SCT	BKN	BKN	1500.0	6600.0	10000.0						13.0	250.0	7.0	6.21		SCT	M	M	1500.0							
467847	2018-04-04 00:00:00	578.0	CSTJG	321	AIRBUS A321-211	NB	LIS	2018-04-04 05:50:00	2018-04-04 06:33:00	2018-04-04 06:46:00	FRA	2018-04-04 09:20:00	2018-04-04 09:33:00	2018-04-04 08:55:00	J	TP	2018-04-04 06:56:59	13.0	34.0	A	12.0	250.0	8.0	6.21		FEW	FEW	M	1800.0	2500.0							13.0	180.0	8.0	6.21		FEW	BKN	BKN	2200.0	5500.0	9000.0					
467848	2018-04-04 00:00:00	864.0	LYPGC	737	BOEING 737 ALL SERIES		LIS	2018-04-04 05:55:00	2018-04-04 06:06:00	2018-04-04 06:18:00	VCE	2018-04-04 08:36:00	2018-04-04 08:45:00	2018-04-04 08:45:00	J	TP	2018-04-04 06:44:59	6.0	89.0	0	12.0	230.0	7.0	6.21		FEW	M	M	1800.0								11.0	40.0	6.0	6.21		BKN	M	M	4000.0							
467849	2018-04-04 00:00:00	344.0	CSTPR	E90	EMBRAER 190	PGA	LIS	2018-04-04 06:00:00	2018-04-04 06:04:00	2018-04-04 06:12:00	LCY	2018-04-04 08:40:00	2018-04-04 08:44:00	2018-04-04 08:40:00	J	NI	2018-04-04 06:35:59	4.0	81.0	0	12.0	230.0	7.0	6.21		FEW	M	M	1800.0								12.0	180.0	15.0	6.21	25.0	SCT	BKN	M	2500.0	2900.0						
467850	2018-04-04 00:00:00	646.0	CSTNH	320	AIRBUS A320-211	NB	LIS	2018-04-04 06:00:00	2018-04-04 06:30:00	2018-04-04 06:39:00	BRU	2018-04-04 08:52:00	2018-04-04 09:00:00	2018-04-04 08:40:00	J	TP	2018-04-04 07:42:59	30.0	85.0	E	12.0	250.0	8.0	6.21		FEW	FEW	M	1800.0	2500.0							12.0	180.0	14.0	6.21		FEW	BKN	M	2000.0	4800.0						
467851	2018-04-04 00:00:00	922.0	CSTPQ	E90	EMBRAER 190	PGA	OPO	2018-04-04 06:00:00	2018-04-04 05:57:00	2018-04-04 06:08:00	ZRH	2018-04-04 08:19:00	2018-04-04 08:26:00	2018-04-04 08:30:00	J	NI					13.0	230.0	10.0	6.21		SCT	BKN	M	1500.0	2500.0							10.0		1.0	6.21		M	M	M								
467852	2018-04-04 00:00:00	1926.0	CSDJC	AT7	ATR 72	WI	LIS	2018-04-04 06:00:00	2018-04-04 05:59:00	2018-04-04 06:10:00	OPO	2018-04-04 06:55:00	2018-04-04 07:00:00	2018-04-04 07:00:00	J	WI					12.0	230.0	7.0	6.21		FEW	M	M	1800.0								13.0	240.0	8.0	6.21		FEW	BKN	M	1200.0	2000.0						
467853	2018-04-04 00:00:00	336.0	CSTTY	E95	EMBRAER 195	PGA	LIS	2018-04-04 06:05:00	2018-04-04 06:13:00	2018-04-04 06:34:00	LGW	2018-04-04 08:54:00	2018-04-04 09:02:00	2018-04-04 08:45:00	J	NI	2018-04-04 06:50:59	8.0	82.0	0	12.0	230.0	7.0	6.21		FEW	M	M	1800.0								11.0	180.0	14.0	6.21	25.0	FEW	SCT	M	1900.0	4000.0						
467854	2018-04-04 00:00:00	1672.0	FHBAL	319	AIRBUS A319-111	NB	FNC	2018-04-04 06:05:00	2018-04-04 06:01:00	2018-04-04 06:08:00	LIS	2018-04-04 07:35:00	2018-04-04 07:38:00	2018-04-04 07:45:00	J	TP					15.0	330.0	5.0	6.21		FEW	M	M	1600.0								12.0	270.0	7.0	6.21		FEW	FEW	SCT	1000.0	2000.0	3400.0					
467855	2018-04-04 00:00:00	322.0	CSTPW	E90	EMBRAER 190	PGA	LIS	2018-04-04 06:10:00	2018-04-04 06:14:00	2018-04-04 06:26:00	MAN	2018-04-04 08:47:00	2018-04-04 08:51:00	2018-04-04 09:00:00	J	NI	2018-04-04 06:55:59	4.0	37.0	A	12.0	230.0	7.0	6.21		FEW	M	M	1800.0								10.0	160.0	7.0	6.21		SCT	SCT	M	1500.0	3900.0						
467856	2018-04-04 00:00:00	1933.0	CSTTR	319	AIRBUS A319-111	NB	OPO	2018-04-04 06:20:00	2018-04-04 06:22:00	2018-04-04 06:34:00	LIS	2018-04-04 07:11:00	2018-04-04 07:15:00	2018-04-04 07:20:00	J	TP	2018-04-04 06:42:23	2.0	89.0	0	13.0	230.0	9.0	6.21		SCT	BKN	M	1500.0	2200.0							12.0	250.0	6.0	6.21		FEW	FEW	SCT	1600.0	2500.0	3200.0					
467857	2018-04-04 00:00:00	1008.0	CSTPV	E90	EMBRAER 190	PGA	OPO	2018-04-04 06:30:00	2018-04-04 06:30:00	2018-04-04 06:45:00	MAD	2018-04-04 07:33:00	2018-04-04 07:42:00	2018-04-04 07:40:00	J	NI	2018-04-04 06:48:17	5.0	16.0	E	13.0	230.0	9.0	6.21		SCT	BKN	M	1500.0	2200.0							9.0	210.0	16.0	6.21		SCT	BKN	M	3000.0	5000.0						
467858	2018-04-04 00:00:00	1679.0	CSTJF	321	AIRBUS A321-211	NB	LIS	2018-04-04 06:30:00	2018-04-04 07:18:00	2018-04-04 07:37:00	FNC	2018-04-04 09:06:00	2018-04-04 09:11:00	2018-04-04 08:15:00	J	TP	2018-04-04 08:57:59	8.0	89.0	0	12.0	270.0	7.0	6.21		FEW	FEW	SCT	1000.0	2000.0	3400.0						17.0	360.0	5.0	6.21		FEW	SCT	M	1600.0	3000.0						
467859	2018-04-04 00:00:00	374.0	CSTTU	319	AIRBUS A319-111	NB	LIS	2018-04-04 06:35:00	2018-04-04 08:31:00	2018-04-04 08:45:00	LHR	2018-04-04 11:02:00	2018-04-04 11:20:00	2018-04-04 09:20:00	J	TP	2018-04-04 08:48:59	41.0	84.0	0	13.0	250.0	7.0	6.21		SCT	M	M	1500.0								11.0	190.0	20.0	6.21	34.0	BKN	OVC	///	2400.0	2900.0						
467860	2018-04-04 00:00:00	1082.0	CSDJH	AT7	ATR 72	WI	LIS	2018-04-04 06:45:00	2018-04-04 06:39:00	2018-04-04 06:51:00	LCG	2018-04-04 08:10:00	2018-04-04 08:14:00	2018-04-04 08:20:00	J	WI					12.0	250.0	8.0	6.21		FEW	FEW	M	1800.0	2500.0							11.0	260.0	8.0	4.97		SCT	SCT	BKN	2300.0	3500.0	4700.0					
467861	2018-04-04 00:00:00	822.0	CSTJH	321	AIRBUS A321-211	NB	LIS	2018-04-04 06:50:00	2018-04-04 07:31:00	2018-04-04 07:48:00	MXP	2018-04-04 09:55:00	2018-04-04 10:01:00	2018-04-04 09:25:00	J	TP	2018-04-04 08:07:59	11.0	89.0	0	12.0	270.0	7.0	6.21		FEW	FEW	SCT	1000.0	2000.0	3400.0						9.0	350.0	6.0	2.49		BKN	OVC	M	400.0	1000.0						
467862	2018-04-04 00:00:00	1106.0	CSDJF	AT7	ATR 72	WI	LIS	2018-04-04 06:50:00	2018-04-04 06:48:00	2018-04-04 06:55:00	SVQ	2018-04-04 07:43:00	2018-04-04 07:47:00	2018-04-04 08:05:00	J	WI					12.0	250.0	6.0	6.21		FEW	FEW	SCT	1600.0	2500.0	3200.0						14.0	220.0	3.0	5.59		NSC	M	M								
467863	2018-04-04 00:00:00	1134.0	CSDJA	AT7	ATR 72	WI	LIS	2018-04-04 06:50:00	2018-04-04 06:50:00	2018-04-04 07:06:00	AGP	2018-04-04 08:20:00	2018-04-04 08:25:00	2018-04-04 08:20:00	J	WI					12.0	250.0	6.0	6.21		FEW	FEW	SCT	1600.0	2500.0	3200.0						16.0	280.0	7.0	6.21		FEW	M	M	4000.0							
467864	2018-04-04 00:00:00	492.0	CSTPU	E90	EMBRAER 190	PGA	LIS	2018-04-04 06:55:00	2018-04-04 06:59:00	2018-04-04 07:23:00	TLS	2018-04-04 08:50:00	2018-04-04 08:55:00	2018-04-04 08:45:00	J	NI	2018-04-04 07:26:59	4.0	89.0	0	12.0	250.0	6.0	6.21		FEW	FEW	SCT	1600.0	2500.0	3200.0						16.0	160.0	5.0	6.21		M	M	M								
467865	2018-04-04 00:00:00	404.0	CSTTZ	E95	EMBRAER 195	PGA	LIS	2018-04-04 07:00:00	2018-04-04 07:10:00	2018-04-04 07:28:00	MRS	2018-04-04 09:17:00	2018-04-04 09:21:00	2018-04-04 09:15:00	J	NI	2018-04-04 07:30:59	10.0	89.0	0	12.0	250.0	6.0	6.21		FEW	FEW	SCT	1600.0	2500.0	3200.0						17.0	130.0	19.0	6.21	30.0	SCT	BKN	BKN	2300.0	3900.0	4600.0					
467866	2018-04-04 00:00:00	434.0	CSTNT	320	AIRBUS A320-211	NB	LIS	2018-04-04 07:00:00	2018-04-04 07:04:00	2018-04-04 07:26:00	ORY	2018-04-04 09:25:00	2018-04-04 09:33:00	2018-04-04 09:25:00	J	TP	2018-04-04 07:31:59	4.0	89.0	0	12.0	250.0	6.0	6.21		FEW	FEW	SCT	1600.0	2500.0	3200.0						12.0	210.0	12.0	6.21		BKN	BKN	BKN	2300.0	8000.0	23000.0					
467867	2018-04-04 00:00:00	1272.0	CSTNK	320	AIRBUS A320-211	NB	LIS	2018-04-04 07:00:00	2018-04-04 07:27:00	2018-04-04 07:39:00	VIE	2018-04-04 10:30:00	2018-04-04 10:37:00	2018-04-04 10:20:00	J	TP	2018-04-04 08:04:59	7.0	89.0	0	12.0	270.0	7.0	6.21		FEW	FEW	SCT	1000.0	2000.0	3400.0						15.0	270.0	4.0	6.21		M	M	M								
467868	2018-04-04 00:00:00	1828.0	CSTNN	320	AIRBUS A320-211	NB	TER	2018-04-04 07:00:00	2018-04-04 07:18:00	2018-04-04 07:21:00	LIS	2018-04-04 09:19:00	2018-04-04 09:22:00	2018-04-04 09:15:00	J	TP	2018-04-04 07:34:29	5.0	15.0	A	15.0			6.21		SCT	M	M	3000.0								15.0	260.0	9.0	6.21		FEW	BKN	M	1800.0	2400.0						
467869	2018-04-04 00:00:00	1864.0	CSTNQ	320	AIRBUS A320-211	NB	PDL	2018-04-04 07:00:00	2018-04-04 07:21:00	2018-04-04 07:33:00	LIS	2018-04-04 09:24:00	2018-04-04 09:31:00	2018-04-04 09:10:00	J	TP	2018-04-04 07:39:24	21.0	16.0	0	15.0	210.0	15.0	6.21		FEW	SCT	M	1800.0	3500.0							15.0	260.0	9.0	6.21		FEW	BKN	M	1800.0	2400.0						
467870	2018-04-04 00:00:00	1924.0	CSDJB	AT7	ATR 72	WI	LIS	2018-04-04 07:00:00	2018-04-04 07:00:00	2018-04-04 07:13:00	OPO	2018-04-04 08:00:00	2018-04-04 08:06:00	2018-04-04 08:00:00	J	WI					12.0	250.0	6.0	6.21		FEW	FEW	SCT	1600.0	2500.0	3200.0						13.0	240.0	8.0	4.97		SCT	BKN	BKN	1400.0	1700.0	4800.0					
467871	2018-04-04 00:00:00	371.0	CSTNU	320	AIRBUS A320-211	NB	LHR	2018-04-04 07:10:00	2018-04-04 07:09:00	2018-04-04 07:23:00	LIS	2018-04-04 09:36:00	2018-04-04 09:40:00	2018-04-04 09:50:00	J	TP					10.0	170.0	13.0	6.21		BKN	M	M	3900.0								15.0	260.0	9.0	6.21		FEW	BKN	M	1800.0	2400.0						
467872	2018-04-04 00:00:00	412.0	CSTPS	E90	EMBRAER 190	PGA	LIS	2018-04-04 07:15:00	2018-04-04 07:15:00	2018-04-04 07:34:00	NTE	2018-04-04 09:11:00	2018-04-04 09:15:00	2018-04-04 09:15:00	J	NI					12.0	250.0	6.0	6.21		FEW	FEW	SCT	1600.0	2500.0	3200.0						12.0	200.0	18.0	6.21		BKN	BKN	OVC	2500.0	3300.0	4200.0					
467873	2018-04-04 00:00:00	1098.0	CSDJD	AT7	ATR 72	WI	LIS	2018-04-04 07:15:00	2018-04-04 07:27:00	2018-04-04 07:41:00	VLC	2018-04-04 09:23:00	2018-04-04 09:28:00	2018-04-04 09:20:00	J	WI	2018-04-04 07:50:59	12.0	89.0	0	12.0	270.0	7.0	6.21		FEW	FEW	SCT	1000.0	2000.0	3400.0						18.0	270.0	14.0	6.21	24.0	FEW	M	M	3000.0							
467874	2018-04-04 00:00:00	542.0	CSTPO	E90	EMBRAER 190	PGA	LIS	2018-04-04 07:30:00	2018-04-04 07:37:00	2018-04-04 07:49:00	DUS	2018-04-04 10:14:00	2018-04-04 10:18:00	2018-04-04 10:25:00	J	NI	2018-04-04 07:51:59	7.0	89.0	0	12.0	270.0	7.0	6.21		FEW	FEW	SCT	1000.0	2000.0	3400.0						14.0	150.0	14.0	6.21		FEW	SCT	BKN	2000.0	6000.0	10000.0					
467875	2018-04-04 00:00:00	574.0	CSTTB	319	AIRBUS A319-111	NB	LIS	2018-04-04 07:30:00	2018-04-04 07:44:00	2018-04-04 07:57:00	FRA	2018-04-04 10:28:00	2018-04-04 10:41:00	2018-04-04 10:35:00	J	TP	2018-04-04 08:04:59	7.0	89.0	0	12.0	270.0	7.0	6.21		FEW	FEW	SCT	1000.0	2000.0	3400.0						16.0	170.0	9.0	6.21		FEW	SCT	BKN	2500.0	5000.0	10000.0					
467876	2018-04-04 00:00:00	952.0	CSTNM	320	AIRBUS A320-211	NB	LIS	2018-04-04 07:30:00	2018-04-04 07:42:00	2018-04-04 07:52:00	GVA	2018-04-04 09:55:00	2018-04-04 09:58:00	2018-04-04 09:50:00	J	TP	2018-04-04 07:53:59	12.0	89.0	0	12.0	270.0	7.0	6.21		FEW	FEW	SCT	1000.0	2000.0	3400.0						16.0	230.0	7.0	6.21		BKN	M	M	9000.0							
467877	2018-04-04 00:00:00	1941.0	CSDJC	AT7	ATR 72	WI	OPO	2018-04-04 07:30:00	2018-04-04 07:33:00	2018-04-04 07:45:00	LIS	2018-04-04 08:27:00	2018-04-04 08:30:00	2018-04-04 08:30:00	J	WI	2018-04-04 07:55:30	3.0	89.0	0	13.0	230.0	9.0	4.97		SCT	SCT	BKN	1600.0	1800.0	2600.0						13.0	250.0	7.0	6.21		SCT	M	M	1500.0							
467878	2018-04-04 00:00:00	694.0	CSTNI	320	AIRBUS A320-211	NB	LIS	2018-04-04 07:35:00	2018-04-04 07:47:00	2018-04-04 08:02:00	LUX	2018-04-04 10:20:00	2018-04-04 10:26:00	2018-04-04 10:15:00	J	TP	2018-04-04 08:09:59	12.0	41.0	A	12.0	250.0	7.0	6.21		FEW	FEW	M	1400.0	2000.0							9.0	170.0	12.0	4.35		BKN	M	M	400.0							
467879	2018-04-04 00:00:00	288.0	CSTOB	343	AIRBUS A340-312	WB	LAD	2018-04-04 07:40:00	2018-04-04 07:59:00	2018-04-04 08:00:00	LIS	2018-04-04 15:34:00	2018-04-04 15:39:00	2018-04-04 15:30:00	J	TP	2018-04-04 08:14:29	19.0	93.0	0	27.0	220.0	7.0	4.35		BKN	FEW	M	1800.0	2300.0							16.0	280.0	8.0	6.21		SCT	SCT	M	2600.0	4000.0						
467880	2018-04-04 00:00:00	784.0	CSTNP	320	AIRBUS A320-211	NB	LIS	2018-04-04 07:45:00	2018-04-04 07:58:00	2018-04-04 08:14:00	ARN	2018-04-04 11:49:00	2018-04-04 11:58:00	2018-04-04 12:00:00	J	TP	2018-04-04 09:34:59	13.0	66.0	B	12.0	250.0	7.0	6.21		FEW	FEW	M	1400.0	2000.0							3.0	150.0	11.0	2.8		OVC	M	M	400.0							
467881	2018-04-04 00:00:00	1680.0	CSTNR	320	AIRBUS A320-211	NB	FNC	2018-04-04 07:45:00	2018-04-04 07:50:00	2018-04-04 07:58:00	LIS	2018-04-04 09:21:00	2018-04-04 09:26:00	2018-04-04 09:20:00	J	TP	2018-04-05 02:49:59	5.0	93.0	O	16.0	340.0	4.0	6.21		SCT	M	M	1600.0								15.0	260.0	9.0	6.21		FEW	BKN	M	1800.0	2400.0						
467882	2018-04-04 00:00:00	558.0	CSTTA	319	AIRBUS A319-111	NB	LIS	2018-04-04 07:50:00	2018-04-04 08:10:00	2018-04-04 08:22:00	MUC	2018-04-04 11:04:00	2018-04-04 11:10:00	2018-04-04 10:50:00	J	TP	2018-04-04 08:28:59	6.0	89.0	0	12.0	250.0	7.0	6.21		FEW	FEW	M	1400.0	2000.0							20.0	140.0	8.0	6.21		M	M	M								
467883	2018-04-04 00:00:00	334.0	CSTTO	319	AIRBUS A319-111	NB	OPO	2018-04-04 07:55:00	2018-04-04 07:58:00	2018-04-04 08:09:00	LGW	2018-04-04 10:00:00	2018-04-04 10:06:00	2018-04-04 10:05:00	J	TP	2018-04-04 08:23:30	3.0	89.0	0	13.0	240.0	8.0	4.97		SCT	BKN	BKN	1400.0	1700.0	4800.0						11.0	180.0	15.0	6.21		FEW	BKN	M	2200.0	3400.0						
467884	2018-04-04 00:00:00	488.0	CSTPP	E90	EMBRAER 190	PGA	LIS	2018-04-04 07:55:00	2018-04-04 07:57:00	2018-04-04 08:07:00	NCE	2018-04-04 10:01:00	2018-04-04 10:03:00	2018-04-04 10:15:00	J	NI	2018-04-04 08:08:59	2.0	15.0	D	12.0	250.0	7.0	6.21		FEW	FEW	M	1400.0	2000.0							14.0	100.0	14.0	6.21		SCT	BKN	M	1100.0	2000.0						
467885	2018-04-04 00:00:00	832.0	CSTFM	772	BOEING 777-200		LIS	2018-04-04 07:55:00	2018-04-04 08:40:00	2018-04-04 09:01:00	FCO	2018-04-04 11:20:00	2018-04-04 11:35:00	2018-04-04 10:50:00	J	TP	2018-04-04 09:15:59	5.0	89.0	0	13.0	250.0	7.0	6.21		SCT	M	M	1500.0								16.0	150.0	13.0	6.21		SCT	BKN	M	1500.0	5000.0						
467886	2018-04-04 00:00:00	932.0	CSTNX	320	AIRBUS A320-211	NB	LIS	2018-04-04 08:00:00	2018-04-04 08:11:00	2018-04-04 08:28:00	ZRH	2018-04-04 10:44:00	2018-04-04 10:50:00	2018-04-04 10:40:00	J	TP	2018-04-04 08:33:59	11.0	32.0	A	12.0	250.0	7.0	6.21		FEW	FEW	M	1400.0	2000.0							20.0		2.0	6.21		M	M	M								
467887	2018-04-04 00:00:00	1033.0	CSTTC	319	AIRBUS A319-111	NB	BCN	2018-04-04 08:00:00	2018-04-04 08:09:00	2018-04-04 08:23:00	OPO	2018-04-04 09:57:00	2018-04-04 10:01:00	2018-04-04 09:50:00	J	TP	2018-04-04 08:31:34	3.0	34.0	0	15.0	220.0	7.0	6.21		M	M	M									13.0	270.0	6.0	6.21		SCT	FEW	BKN	1500.0	2000.0	3500.0					
467888	2018-04-04 00:00:00	1930.0	CSDJE	AT7	ATR 72	WI	LIS	2018-04-04 08:00:00	2018-04-04 08:02:00	2018-04-04 08:16:00	OPO	2018-04-04 09:04:00	2018-04-04 09:07:00	2018-04-04 09:00:00	J	WI	2018-04-04 08:16:59	2.0	89.0	0	12.0	250.0	7.0	6.21		FEW	FEW	M	1400.0	2000.0							13.0	270.0	7.0	6.21		SCT	FEW	SCT	1300.0	1700.0	4500.0					
467889	2018-04-04 00:00:00	664.0	CSTTQ	319	AIRBUS A319-111	NB	LIS	2018-04-04 08:05:00	2018-04-04 08:07:00	2018-04-04 08:20:00	AMS	2018-04-04 10:43:00	2018-04-04 10:50:00	2018-04-04 11:00:00	J	TP	2018-04-04 08:23:59	2.0	89.0	0	12.0	250.0	7.0	6.21		FEW	FEW	M	1400.0	2000.0							12.0	180.0	10.0	6.21		FEW	BKN	M	1600.0	2200.0						
467890	2018-04-04 00:00:00	1040.0	CSTTW	E95	EMBRAER 195	PGA	LIS	2018-04-04 08:05:00	2018-04-04 08:15:00	2018-04-04 08:25:00	BCN	2018-04-04 09:50:00	2018-04-04 09:59:00	2018-04-04 09:55:00	J	NI	2018-04-04 08:29:59	5.0	89.0	0	12.0	250.0	7.0	6.21		FEW	FEW	M	1400.0	2000.0							17.0	230.0	19.0	6.21		FEW	M	M	2500.0							
467891	2018-04-04 00:00:00	538.0	CSTTP	319	AIRBUS A319-111	NB	LIS	2018-04-04 08:15:00	2018-04-04 08:12:00	2018-04-04 08:30:00	TXL	2018-04-04 11:28:00	2018-04-04 11:34:00	2018-04-04 11:40:00	J	TP					12.0	250.0	7.0	6.21		FEW	FEW	M	1400.0	2000.0							19.0	230.0	7.0	6.21		M	M	M								
467892	2018-04-04 00:00:00	453.0	CSTTS	319	AIRBUS A319-111	NB	ORY	2018-04-04 08:20:00	2018-04-04 08:58:00	2018-04-04 09:05:00	OPO	2018-04-04 10:57:00	2018-04-04 11:01:00	2018-04-04 10:25:00	J	TP	2018-04-04 09:26:40	38.0	93.0	0	12.0	200.0	12.0	6.21		SCT	BKN	M	1600.0	8000.0							14.0	260.0	9.0	6.21		SCT	FEW	BKN	1700.0	2200.0	4800.0					
467893	2018-04-04 00:00:00	1005.0	CSTPV	E90	EMBRAER 190	PGA	MAD	2018-04-04 08:20:00	2018-04-04 08:16:00	2018-04-04 08:28:00	OPO	2018-04-04 09:18:00	2018-04-04 09:21:00	2018-04-04 09:30:00	J	NI					10.0	210.0	14.0	6.21		SCT	BKN	M	3000.0	5000.0							14.0	250.0	8.0	6.21		SCT	FEW	SCT	2000.0	2500.0	4500.0					
467894	2018-04-04 00:00:00	1553.0	GPOWM	320	AIRBUS A320-211	NB	LIS	2018-04-04 08:20:00	2018-04-04 08:46:00	2018-04-04 09:06:00	VXE	2018-04-04 13:02:00	2018-04-04 13:06:00	2018-04-04 12:40:00	J	TP	2018-04-04 09:18:59	26.0	16.0	0	14.0	250.0	9.0	6.21		FEW	BKN	M	1600.0	2200.0							25.0	40.0	18.0	6.21		FEW	M	M	2200.0							
467895	2018-04-04 00:00:00	14.0	CSTON	332	AIRBUS A330-200	WB	REC	2018-04-04 08:25:00	2018-04-04 08:18:00	2018-04-04 08:28:00	LIS	2018-04-04 15:29:00	2018-04-04 15:33:00	2018-04-04 15:50:00	J	TP					27.0	110.0	4.0	6.21		SCT	M	M	2000.0								16.0	280.0	8.0	6.21		SCT	SCT	M	2600.0	4000.0						
467896	2018-04-04 00:00:00	1041.0	FHBIS	320	AIRBUS A320-211	NB	BCN	2018-04-04 08:25:00	2018-04-04 08:42:00	2018-04-04 08:57:00	LIS	2018-04-04 10:37:00	2018-04-04 10:41:00	2018-04-04 10:20:00	J	TP	2018-04-04 09:01:32	17.0	83.0	0	15.0	230.0	9.0	6.21		M	M	M									16.0	270.0	10.0	6.21		FEW	SCT	M	1200.0	2500.0						
467897	2018-04-04 00:00:00	1454.0	CSTTX	E95	EMBRAER 195	PGA	LIS	2018-04-04 08:25:00	2018-04-04 08:24:00	2018-04-04 08:34:00	RAK	2018-04-04 09:46:00	2018-04-04 09:49:00	2018-04-04 10:00:00	J	NI					13.0	250.0	7.0	6.21		SCT	M	M	1500.0								16.0	80.0	8.0	6.21		OVC	M	M	2300.0							
467898	2018-04-04 00:00:00	1907.0	CSTTF	319	AIRBUS A319-111	NB	LIS	2018-04-04 08:30:00	2018-04-04 08:28:00	2018-04-04 08:37:00	FAO	2018-04-04 09:03:00	2018-04-04 09:07:00	2018-04-04 09:15:00	J	TP					13.0	250.0	7.0	6.21		SCT	M	M	1500.0								15.0	250.0	9.0	4.97		FEW	M	M	1800.0							
467899	2018-04-04 00:00:00	1927.0	CSDJB	AT7	ATR 72	WI	OPO	2018-04-04 08:30:00	2018-04-04 08:50:00	2018-04-04 08:57:00	LIS	2018-04-04 09:40:00	2018-04-04 09:44:00	2018-04-04 09:30:00	J	WI	2018-04-04 09:09:30	20.0	95.0	0	13.0	270.0	7.0	6.21		SCT	FEW	SCT	1300.0	1700.0	4500.0						15.0	260.0	9.0	6.21		FEW	BKN	M	1800.0	2400.0						
467900	2018-04-04 00:00:00	1262.0	CSTTJ	319	AIRBUS A319-111	NB	LIS	2018-04-04 08:35:00	2018-04-04 08:41:00	2018-04-04 08:58:00	WAW	2018-04-04 12:19:00	2018-04-04 12:23:00	2018-04-04 12:25:00	J	TP	2018-04-04 09:03:59	6.0	81.0	0	13.0	250.0	7.0	6.21		SCT	M	M	1500.0								22.0	130.0	13.0	6.21		M	M	M								
467901	2018-04-04 00:00:00	437.0	CSTJE	321	AIRBUS A321-211	NB	ORY	2018-04-04 08:45:00	2018-04-04 08:55:00	2018-04-04 09:03:00	LIS	2018-04-04 11:09:00	2018-04-04 11:12:00	2018-04-04 11:15:00	J	TP	2018-04-04 09:20:28	10.0	87.0	C	12.0	200.0	12.0	6.21		SCT	BKN	M	1600.0	8000.0							16.0	270.0	11.0	6.21		FEW	BKN	M	1500.0	2600.0						
467902	2018-04-04 00:00:00	1107.0	CSDJF	AT7	ATR 72	WI	SVQ	2018-04-04 08:45:00	2018-04-04 09:08:00	2018-04-04 09:15:00	LIS	2018-04-04 10:23:00	2018-04-04 10:28:00	2018-04-04 09:55:00	J	WI	2018-04-04 09:29:32	23.0	83.0	0	16.0	280.0	8.0	6.21		SCT	M	M	2400.0								16.0	270.0	10.0	6.21		FEW	SCT	M	1200.0	2500.0						
467903	2018-04-04 00:00:00	819.0	CSTTG	319	AIRBUS A319-111	NB	MXP	2018-04-04 08:50:00	2018-04-04 08:41:00	2018-04-04 08:51:00	OPO	2018-04-04 11:05:00	2018-04-04 11:09:00	2018-04-04 11:35:00	J	TP					9.0	350.0	6.0	2.49		BKN	OVC	M	300.0	1000.0							14.0	260.0	9.0	6.21		SCT	FEW	BKN	1700.0	2200.0	4800.0					
467904	2018-04-04 00:00:00	938.0	CSTTD	319	AIRBUS A319-111	NB	OPO	2018-04-04 08:50:00	2018-04-04 08:53:00	2018-04-04 09:03:00	GVA	2018-04-04 10:54:00	2018-04-04 10:57:00	2018-04-04 10:55:00	J	TP	2018-04-04 09:06:41	3.0	89.0	0	13.0	270.0	7.0	6.21		SCT	FEW	SCT	1300.0	1700.0	4500.0						15.0	260.0	11.0	6.21		FEW	FEW	BKN	2500.0	4000.0	8000.0					
467905	2018-04-04 00:00:00	440.0	CSTQD	320	AIRBUS A320-211	NB	LIS	2018-04-04 08:55:00	2018-04-04 11:01:00	2018-04-04 11:14:00	ORY	2018-04-04 13:18:00	2018-04-04 13:24:00	2018-04-04 11:20:00	J	TP	2018-04-04 11:14:59	126.0	64.0	0	16.0	270.0	11.0	6.21		FEW	BKN	M	1500.0	2600.0							14.0	230.0	12.0	6.21		SCT	BKN	M	4000.0	5000.0						
467906	2018-04-04 00:00:00	59.0	CSTOW	333	AIRBUS A330-300	WB	LIS	2018-04-04 09:00:00	2018-04-04 09:04:00	2018-04-04 09:26:00	BSB	2018-04-04 18:38:00	2018-04-04 18:43:00	2018-04-04 18:30:00	J	TP	2018-04-04 09:33:59	4.0	86.0	D	14.0	250.0	9.0	6.21		FEW	BKN	M	1600.0	2200.0							22.0	0.0	0.0	6.21		FEW	FEW	SCT	3300.0	4000.0	10000.0					
467907	2018-04-04 00:00:00	103.0	CSTOU	333	AIRBUS A330-300	WB	LIS	2018-04-04 09:00:00	2018-04-04 09:00:00	2018-04-04 09:18:00	CNF	2018-04-04 18:22:00	2018-04-04 18:28:00	2018-04-04 18:30:00	J	TP	2018-04-04 09:18:59	1.0	89.0	0	14.0	250.0	9.0	6.21		FEW	BKN	M	1600.0	2200.0							28.0	250.0	2.0	6.21		SCT	M	M	3900.0							
467908	2018-04-04 00:00:00	1085.0	CSDJH	AT7	ATR 72	WI	LCG	2018-04-04 09:00:00	2018-04-04 09:05:00	2018-04-04 09:10:00	LIS	2018-04-04 10:20:00	2018-04-04 10:25:00	2018-04-04 10:40:00	J	WI	2018-04-04 09:54:01	5.0	83.0	0	12.0	250.0	4.0	6.21		SCT	BKN	BKN	1900.0	2400.0	3200.0						16.0	270.0	10.0	6.21		FEW	SCT	M	1200.0	2500.0						
467909	2018-04-04 00:00:00	1133.0	CSDJA	AT7	ATR 72	WI	AGP	2018-04-04 09:00:00	2018-04-04 09:16:00	2018-04-04 09:30:00	LIS	2018-04-04 10:59:00	2018-04-04 11:06:00	2018-04-04 10:40:00	J	WI	2018-04-04 09:32:38	10.0	81.0	0	18.0	310.0	8.0	6.21		FEW	M	M	4000.0								16.0	270.0	11.0	6.21		FEW	BKN	M	1500.0	2600.0						
467910	2018-04-04 00:00:00	1674.0	CSTJF	321	AIRBUS A321-211	NB	FNC	2018-04-04 09:00:00	2018-04-04 09:53:00	2018-04-04 09:59:00	LIS	2018-04-04 11:25:00	2018-04-04 11:29:00	2018-04-04 10:35:00	J	TP	2018-04-04 10:03:34	5.0	89.0	0	18.0	10.0	7.0	6.21		FEW	SCT	M	1600.0	3000.0							15.0	260.0	11.0	6.21		FEW	BKN	M	1800.0	2600.0						
467911	2018-04-04 00:00:00	1944.0	CSDJC	AT7	ATR 72	WI	LIS	2018-04-04 09:00:00	2018-04-04 09:01:00	2018-04-04 09:21:00	OPO	2018-04-04 10:09:00	2018-04-04 10:13:00	2018-04-04 10:00:00	J	WI	2018-04-04 09:29:59	1.0	89.0	0	14.0	250.0	9.0	6.21		FEW	BKN	M	1600.0	2200.0							13.0	270.0	6.0	6.21		SCT	FEW	BKN	1500.0	2000.0	3500.0					
467912	2018-04-04 00:00:00	366.0	CSTTN	319	AIRBUS A319-111	NB	LIS	2018-04-04 09:05:00	2018-04-04 09:28:00	2018-04-04 09:38:00	LHR	2018-04-04 12:04:00	2018-04-04 12:14:00	2018-04-04 11:45:00	J	TP	2018-04-04 09:39:59	23.0	84.0	0	15.0	260.0	9.0	6.21		FEW	BKN	M	1800.0	2400.0							11.0	200.0	18.0	6.21	28.0	BKN	OVC	///	1900.0	3300.0						
467913	2018-04-04 00:00:00	349.0	CSTPR	E90	EMBRAER 190	PGA	LCY	2018-04-04 09:10:00	2018-04-04 10:03:00	2018-04-04 10:12:00	LIS	2018-04-04 12:32:00	2018-04-04 12:36:00	2018-04-04 11:45:00	J	NI	2018-04-04 10:25:38	49.0	32.0	0	13.0	180.0	16.0	6.21	31.0	SCT	BKN	BKN	2900.0	3400.0	4400.0						16.0	280.0	8.0	6.21		SCT	SCT	M	2800.0	4500.0						
467914	2018-04-04 00:00:00	923.0	CSTPQ	E90	EMBRAER 190	PGA	ZRH	2018-04-04 09:15:00	2018-04-04 09:13:00	2018-04-04 09:25:00	OPO	2018-04-04 11:46:00	2018-04-04 11:51:00	2018-04-04 11:50:00	J	NI					15.0	0.0	0.0	6.21		M	M	M									14.0	260.0	8.0	6.21		SCT	SCT	BKN	1500.0	2000.0	4300.0					
467915	2018-04-04 00:00:00	491.0	CSTPU	E90	EMBRAER 190	PGA	TLS	2018-04-04 09:25:00	2018-04-04 09:35:00	2018-04-04 09:46:00	LIS	2018-04-04 11:23:00	2018-04-04 11:27:00	2018-04-04 11:25:00	J	NI	2018-04-05 02:52:59	4.0	93.0	O	17.0		3.0	6.21		FEW	M	M	800.0								15.0	260.0	11.0	6.21		FEW	BKN	M	1800.0	2600.0						
467916	2018-04-04 00:00:00	647.0	CSTNH	320	AIRBUS A320-211	NB	BRU	2018-04-04 09:30:00	2018-04-04 09:52:00	2018-04-04 10:01:00	LIS	2018-04-04 12:34:00	2018-04-04 12:38:00	2018-04-04 12:20:00	J	TP	2018-04-05 10:15:59	7.0	83.0	0	12.0	190.0	11.0	6.21		BKN	M	M	1900.0								16.0	280.0	8.0	6.21		SCT	SCT	M	2800.0	4500.0						
467917	2018-04-04 00:00:00	1931.0	CSDJE	AT7	ATR 72	WI	OPO	2018-04-04 09:30:00	2018-04-04 09:44:00	2018-04-04 09:53:00	LIS	2018-04-04 10:34:00	2018-04-04 10:37:00	2018-04-04 10:30:00	J	WI	2018-04-04 10:00:44	2.0	89.0	0	14.0	250.0	8.0	6.21		SCT	FEW	SCT	2000.0	2500.0	4500.0						16.0	270.0	10.0	6.21		FEW	SCT	M	1200.0	2500.0						
467918	2018-04-04 00:00:00	223.0	CSTOX	333	AIRBUS A330-300	WB	LIS	2018-04-04 09:35:00	2018-04-04 09:37:00	2018-04-04 09:52:00	MIA	2018-04-04 19:16:00	2018-04-04 19:20:00	2018-04-04 18:30:00	J	TP	2018-04-04 10:17:59	2.0	85.0	0	15.0	260.0	9.0	6.21		FEW	BKN	M	1800.0	2400.0								120.0	10.0	10.0		SCT	SCT	BKN	1900.0	3600.0	6500.0					
467919	2018-04-04 00:00:00	339.0	CSTTY	E95	EMBRAER 195	PGA	LGW	2018-04-04 09:35:00	2018-04-04 09:46:00	2018-04-04 10:11:00	LIS	2018-04-04 12:24:00	2018-04-04 12:27:00	2018-04-04 12:15:00	J	NI	2018-04-05 10:15:59	11.0	93.0	0	11.0	180.0	16.0	6.21	26.0	FEW	BKN	M	2100.0	4100.0							16.0	280.0	8.0	6.21		SCT	SCT	M	2800.0	4500.0						
467920	2018-04-04 00:00:00	863.0	LYPGC	737	BOEING 737 ALL SERIES		VCE	2018-04-04 09:35:00	2018-04-04 09:35:00	2018-04-04 09:55:00	LIS	2018-04-04 12:53:00	2018-04-04 12:56:00	2018-04-04 12:45:00	J	TP					12.0	60.0	7.0	6.21		SCT	BKN	M	900.0	4200.0							17.0	270.0	10.0	6.21		FEW	BKN	M	2500.0	3200.0						
467921	2018-04-04 00:00:00	581.0	CSTJG	321	AIRBUS A321-211	NB	FRA	2018-04-04 09:40:00	2018-04-04 10:32:00	2018-04-04 10:47:00	LIS	2018-04-04 13:31:00	2018-04-04 13:37:00	2018-04-04 12:50:00	J	TP	2018-04-05 02:54:59	42.0	93.0	R	15.0	190.0	8.0	6.21		FEW	SCT	BKN	2500.0	12000.0	25000.0						16.0	300.0	10.0	6.21		FEW	SCT	M	2500.0	3000.0						
467922	2018-04-04 00:00:00	1116.0	CSTPT	E90	EMBRAER 190	PGA	LIS	2018-04-04 09:40:00	2018-04-04 09:40:00	2018-04-04 09:55:00	LPA	2018-04-04 11:57:00	2018-04-04 12:00:00	2018-04-04 12:00:00	J	NI					15.0	260.0	9.0	6.21		FEW	BKN	M	1800.0	2400.0							20.0	40.0	19.0	6.21		FEW	BKN	M	2000.0	4500.0						
467923	2018-04-04 00:00:00	1671.0	CSTTE	319	AIRBUS A319-111	NB	LIS	2018-04-04 09:40:00	2018-04-04 10:53:00	2018-04-04 11:03:00	FNC	2018-04-04 12:31:00	2018-04-04 12:34:00	2018-04-04 11:25:00	J	TP	2018-04-04 12:08:59	73.0	64.0	0	16.0	270.0	11.0	6.21		FEW	BKN	M	1500.0	2600.0							18.0	40.0	11.0	6.21		FEW	SCT	M	1800.0	3000.0						
467924	2018-04-04 00:00:00	323.0	CSTPW	E90	EMBRAER 190	PGA	MAN	2018-04-04 09:45:00	2018-04-04 09:51:00	2018-04-04 10:08:00	LIS	2018-04-04 12:27:00	2018-04-04 12:30:00	2018-04-04 12:40:00	J	NI	2018-04-04 10:27:39	6.0	83.0	0	10.0	170.0	5.0	6.21		SCT	SCT	BKN	1700.0	2500.0	4300.0						16.0	280.0	8.0	6.21		SCT	SCT	M	2800.0	4500.0						
467925	2018-04-04 00:00:00	9328.0	ECHDS	757	757		BCN	2018-04-04 09:45:00	2018-04-04 10:13:00	2018-04-04 10:35:00	LIS	2018-04-04 12:10:00	2018-04-04 12:13:00	2018-04-04 11:35:00	P	P6	2018-04-04 10:54:42	28.0	83.0	0	17.0	230.0	19.0	6.21		FEW	M	M	2500.0								16.0	280.0	9.0	6.21		FEW	BKN	M	2000.0	2800.0						
467926	2018-04-04 00:00:00	217.0	CSTOQ	332	AIRBUS A330-200	WB	LIS	2018-04-04 09:55:00	2018-04-04 10:00:00	2018-04-04 10:13:00	BOS	2018-04-04 17:15:00	2018-04-04 17:29:00	2018-04-04 17:20:00	J	TP	2018-04-04 12:10:59	5.0	87.0	A	15.0	260.0	12.0	6.21		FEW	BKN	M	2000.0	2800.0								200.0	13.0	10.0		OVC	M	M	800.0							
467927	2018-04-04 00:00:00	413.0	CSTPS	E90	EMBRAER 190	PGA	NTE	2018-04-04 09:55:00	2018-04-04 10:10:00	2018-04-04 10:17:00	LIS	2018-04-04 11:53:00	2018-04-04 11:55:00	2018-04-04 11:55:00	J	NI	2018-04-05 02:55:59	15.0	81.0	0	8.0	190.0	12.0	6.21		FEW	BKN	BKN	1400.0	4100.0	5000.0						16.0	280.0	9.0	6.21		FEW	BKN	M	2000.0	2800.0						
467928	2018-04-04 00:00:00	1312.0	CSTNJ	320	AIRBUS A320-211	NB	LIS	2018-04-04 09:55:00	2018-04-04 09:54:00	2018-04-04 10:04:00	BUD	2018-04-04 13:08:00	2018-04-04 13:11:00	2018-04-04 13:25:00	J	TP					15.0	260.0	12.0	6.21		FEW	BKN	M	2000.0	2800.0							20.0	200.0	18.0	6.21		M	M	M								
467929	2018-04-04 00:00:00	403.0	CSTTZ	E95	EMBRAER 195	PGA	MRS	2018-04-04 10:00:00	2018-04-04 10:24:00	2018-04-04 10:39:00	LIS	2018-04-04 12:45:00	2018-04-04 12:50:00	2018-04-04 12:20:00	J	NI	2018-04-05 10:16:59	24.0	81.0	0	18.0	130.0	21.0	6.21		FEW	SCT	M	2600.0	11000.0							17.0	270.0	10.0	6.21		FEW	BKN	M	2500.0	3200.0						
467930	2018-04-04 00:00:00	1097.0	CSDJD	AT7	ATR 72	WI	VLC	2018-04-04 10:00:00	2018-04-04 10:08:00	2018-04-04 10:17:00	LIS	2018-04-04 12:15:00	2018-04-04 12:19:00	2018-04-04 12:20:00	J	WI	2018-04-04 10:19:42	8.0	93.0	0	19.0	270.0	17.0	6.21	30.0	FEW	M	M	3000.0								16.0	280.0	8.0	6.21		SCT	SCT	M	2800.0	4500.0						
467931	2018-04-04 00:00:00	1867.0	CSTNL	320	AIRBUS A320-211	NB	LIS	2018-04-04 10:00:00	2018-04-04 10:00:00	2018-04-04 10:10:00	PDL	2018-04-04 12:19:00	2018-04-04 12:21:00	2018-04-04 12:25:00	J	TP					15.0	260.0	12.0	6.21		FEW	BKN	M	2000.0	2800.0							16.0	200.0	17.0	6.21		FEW	SCT	M	2200.0	3500.0						
467932	2018-04-04 00:00:00	1902.0	CSTTF	319	AIRBUS A319-111	NB	FAO	2018-04-04 10:00:00	2018-04-04 10:10:00	2018-04-04 10:19:00	LIS	2018-04-04 10:55:00	2018-04-04 10:58:00	2018-04-04 10:50:00	J	TP	2018-04-09 11:37:59	10.0	12.0	0	16.0	250.0	9.0	5.59		FEW	M	M	1800.0								16.0	270.0	11.0	6.21		FEW	BKN	M	1500.0	2600.0						
467933	2018-04-04 00:00:00	1934.0	CSDJB	AT7	ATR 72	WI	LIS	2018-04-04 10:00:00	2018-04-04 10:14:00	2018-04-04 10:24:00	OPO	2018-04-04 11:17:00	2018-04-04 11:19:00	2018-04-04 11:00:00	J	WI	2018-04-04 10:23:59	14.0	93.0	K	15.0	260.0	12.0	6.21		FEW	BKN	M	2000.0	2800.0							15.0	270.0	9.0	6.21		FEW	FEW	SCT	1400.0	2000.0	3800.0					
467934	2018-04-04 00:00:00	89.0	CSTOO	332	AIRBUS A330-200	WB	LIS	2018-04-04 10:15:00	2018-04-04 10:30:00	2018-04-04 10:46:00	GRU	2018-04-04 20:28:00	2018-04-04 20:41:00	2018-04-04 20:30:00	J	TP	2018-04-04 10:57:59	15.0	33.0	0	16.0	270.0	10.0	6.21		FEW	SCT	M	1200.0	2500.0							22.0	160.0	6.0	5.59		FEW	SCT	BKN	1700.0	3500.0	7000.0					
467935	2018-04-04 00:00:00	433.0	CSTNT	320	AIRBUS A320-211	NB	ORY	2018-04-04 10:15:00	2018-04-04 10:32:00	2018-04-04 10:40:00	LIS	2018-04-04 12:50:00	2018-04-04 12:53:00	2018-04-04 12:45:00	J	TP	2018-04-04 11:05:38	12.0	83.0	0	13.0	210.0	16.0	6.21		SCT	M	M	3600.0								17.0	270.0	10.0	6.21		FEW	BKN	M	2500.0	3200.0						
467936	2018-04-04 00:00:00	827.0	CSTJH	321	AIRBUS A321-211	NB	MXP	2018-04-04 10:15:00	2018-04-04 11:10:00	2018-04-04 11:21:00	LIS	2018-04-04 13:49:00	2018-04-04 13:54:00	2018-04-04 13:05:00	J	TP	2018-04-04 11:50:06	9.0	83.0	0	9.0	70.0	6.0	2.49		BKN	BKN	M	400.0	1000.0							16.0	270.0	9.0	6.21		FEW	SCT	M	2600.0	3200.0						
467937	2018-04-04 00:00:00	363.0	CSTTU	319	AIRBUS A319-111	NB	LHR	2018-04-04 10:20:00	2018-04-04 12:07:00	2018-04-04 12:24:00	LIS	2018-04-04 14:41:00	2018-04-04 14:46:00	2018-04-04 13:05:00	J	TP	2018-04-04 12:29:55	107.0	93.0	0	11.0	200.0	18.0	6.21	28.0	BKN	OVC	///	1900.0	3300.0							16.0	270.0	9.0	6.21		SCT	SCT	M	2600.0	3500.0						
467938	2018-04-04 00:00:00	872.0	CSTNU	320	AIRBUS A320-211	NB	LIS	2018-04-04 10:20:00	2018-04-04 10:23:00	2018-04-04 10:36:00	BLQ	2018-04-04 12:51:00	2018-04-04 12:54:00	2018-04-04 13:00:00	J	TP	2018-04-04 10:36:59	3.0	93.0	R	16.0	270.0	10.0	6.21		FEW	SCT	M	1200.0	2500.0							16.0	90.0	7.0	6.21		FEW	BKN	M	1400.0	7500.0						
467939	2018-04-04 00:00:00	81.0	CSTOH	332	AIRBUS A330-200	WB	OPO	2018-04-04 10:30:00	2018-04-04 10:33:00	2018-04-04 10:42:00	GRU	2018-04-04 20:57:00	2018-04-04 21:03:00	2018-04-04 21:10:00	J	TP	2018-04-04 11:00:33	3.0	89.0	0	15.0	260.0	8.0	6.21		SCT	FEW	M	1700.0	2000.0							22.0	160.0	6.0	5.59		FEW	SCT	BKN	1700.0	3500.0	7000.0					
467940	2018-04-04 00:00:00	1935.0	CSDJC	AT7	ATR 72	WI	OPO	2018-04-04 10:30:00	2018-04-04 10:51:00	2018-04-04 11:00:00	LIS	2018-04-04 11:43:00	2018-04-04 11:46:00	2018-04-04 11:30:00	J	WI	2018-04-04 11:06:43	8.0	83.0	0	14.0	260.0	9.0	6.21		SCT	FEW	BKN	1700.0	2200.0	4800.0						16.0	280.0	9.0	6.21		FEW	BKN	M	2000.0	2800.0						
467941	2018-04-04 00:00:00	686.0	CSTTC	319	AIRBUS A319-111	NB	OPO	2018-04-04 10:35:00	2018-04-04 10:50:00	2018-04-04 10:58:00	LUX	2018-04-04 13:02:00	2018-04-04 13:08:00	2018-04-04 12:55:00	J	TP	2018-04-04 11:03:44	4.0	89.0	0	14.0	260.0	9.0	6.21		SCT	FEW	BKN	1700.0	2200.0	4800.0						9.0	170.0	16.0	6.21		FEW	BKN	M	500.0	700.0						
467942	2018-04-04 00:00:00	951.0	CSTNM	320	AIRBUS A320-211	NB	GVA	2018-04-04 10:35:00	2018-04-04 11:11:00	2018-04-04 11:26:00	LIS	2018-04-04 13:40:00	2018-04-04 13:45:00	2018-04-04 13:10:00	J	TP	2018-04-04 11:26:55	16.0	81.0	0	15.0	240.0	12.0	6.21		FEW	FEW	BKN	3000.0	4500.0	7000.0						16.0	300.0	10.0	6.21		FEW	SCT	M	2500.0	3000.0						
467943	2018-04-04 00:00:00	1122.0	CSDJF	AT7	ATR 72	WI	LIS	2018-04-04 10:35:00	2018-04-04 11:10:00	2018-04-04 11:17:00	ALC	2018-04-04 13:06:00	2018-04-04 13:12:00	2018-04-04 12:50:00	J	WI	2018-04-04 11:28:59	2.0	89.0	0	16.0	270.0	11.0	6.21		FEW	BKN	M	1500.0	2600.0							23.0	270.0	20.0	6.21		FEW	M	M	3500.0							
467944	2018-04-04 00:00:00	1035.0	CSTTW	E95	EMBRAER 195	PGA	BCN	2018-04-04 10:40:00	2018-04-04 10:54:00	2018-04-04 11:08:00	LIS	2018-04-04 12:47:00	2018-04-04 12:53:00	2018-04-04 12:40:00	J	NI	2018-04-04 11:50:36	10.0	83.0	0	18.0	230.0	21.0	6.21		FEW	M	M	2500.0								17.0	270.0	10.0	6.21		FEW	BKN	M	2500.0	3200.0						
467945	2018-04-04 00:00:00	1453.0	CSTTX	E95	EMBRAER 195	PGA	RAK	2018-04-04 10:45:00	2018-04-04 10:55:00	2018-04-04 11:05:00	LIS	2018-04-04 12:30:00	2018-04-04 12:34:00	2018-04-04 12:20:00	J	NI	2018-04-05 10:17:59	10.0	81.0	0	17.0	80.0	8.0	6.21		BKN	M	M	2000.0								16.0	280.0	8.0	6.21		SCT	SCT	M	2800.0	4500.0						
467946	2018-04-04 00:00:00	331.0	CSTTO	319	AIRBUS A319-111	NB	LGW	2018-04-04 10:50:00	2018-04-04 10:51:00	2018-04-04 11:01:00	OPO	2018-04-04 12:49:00	2018-04-04 12:53:00	2018-04-04 13:10:00	J	TP	2018-04-04 11:06:41	1.0	89.0	0	11.0	180.0	14.0	6.21		FEW	BKN	M	2200.0	2900.0							15.0	250.0	9.0	6.21		FEW	M	M	1900.0							
467947	2018-04-04 00:00:00	483.0	CSTPP	E90	EMBRAER 190	PGA	NCE	2018-04-04 10:55:00	2018-04-04 10:47:00	2018-04-04 11:00:00	LIS	2018-04-04 13:18:00	2018-04-04 13:22:00	2018-04-04 13:35:00	J	NI					14.0	90.0	14.0	6.21		FEW	BKN	M	1100.0	1900.0							16.0	300.0	10.0	6.21		FEW	SCT	M	2500.0	3000.0						
467948	2018-04-04 00:00:00	693.0	CSTNI	320	AIRBUS A320-211	NB	LUX	2018-04-04 11:00:00	2018-04-04 11:26:00	2018-04-04 11:39:00	LIS	2018-04-04 14:05:00	2018-04-04 14:10:00	2018-04-04 13:50:00	J	TP	2018-04-09 08:28:59	15.0	83.0	0	9.0	170.0	11.0	6.21		FEW	BKN	M	300.0	600.0							16.0	270.0	9.0	6.21		FEW	SCT	M	2600.0	3200.0						
467949	2018-04-04 00:00:00	1901.0	CSTNN	320	AIRBUS A320-211	NB	LIS	2018-04-04 11:00:00	2018-04-04 11:04:00	2018-04-04 11:15:00	FAO	2018-04-04 11:44:00	2018-04-04 11:48:00	2018-04-04 11:45:00	J	TP	2018-04-04 11:18:59	4.0	89.0	0	16.0	270.0	11.0	6.21		FEW	BKN	M	1500.0	2600.0							17.0	240.0	14.0	6.21		FEW	M	M	2000.0							
467950	2018-04-04 00:00:00	1936.0	CSDJE	AT7	ATR 72	WI	LIS	2018-04-04 11:00:00	2018-04-04 11:13:00	2018-04-04 11:22:00	OPO	2018-04-04 12:08:00	2018-04-04 12:11:00	2018-04-04 12:00:00	J	WI	2018-04-04 11:37:59	6.0	89.0	0	16.0	270.0	11.0	6.21		FEW	BKN	M	1500.0	2600.0							14.0	260.0	8.0	6.21		SCT	SCT	BKN	1500.0	2000.0	4300.0					
467951	2018-04-04 00:00:00	354.0	CSTPV	E90	EMBRAER 190	PGA	OPO	2018-04-04 11:05:00	2018-04-04 11:14:00	2018-04-04 11:25:00	LCY	2018-04-04 13:20:00	2018-04-04 13:22:00	2018-04-04 13:20:00	J	NI	2018-04-04 11:37:54	9.0	3.0	C	14.0	260.0	9.0	6.21		SCT	FEW	BKN	1700.0	2200.0	4800.0						12.0	200.0	19.0	6.21	31.0	BKN	BKN	OVC	2700.0	3300.0	4100.0					
467952	2018-04-04 00:00:00	541.0	CSTPO	E90	EMBRAER 190	PGA	DUS	2018-04-04 11:05:00	2018-04-04 11:03:00	2018-04-04 11:16:00	LIS	2018-04-04 13:51:00	2018-04-04 13:57:00	2018-04-04 14:10:00	J	NI					13.0	150.0	12.0	6.21		FEW	SCT	BKN	2500.0	6000.0	14000.0						16.0	270.0	9.0	6.21		FEW	SCT	M	2600.0	3200.0						
467953	2018-04-04 00:00:00	658.0	CSTTS	319	AIRBUS A319-111	NB	OPO	2018-04-04 11:15:00	2018-04-04 11:47:00	2018-04-04 11:54:00	AMS	2018-04-04 14:02:00	2018-04-04 14:11:00	2018-04-04 13:55:00	J	TP	2018-04-04 12:03:58	1.0	89.0	0	14.0	260.0	8.0	6.21		SCT	SCT	BKN	1500.0	2000.0	4300.0						13.0	200.0	11.0	6.21		SCT	SCT	M	2000.0	3000.0						
467954	2018-04-04 00:00:00	1102.0	CSDJH	AT7	ATR 72	WI	LIS	2018-04-04 11:20:00	2018-04-04 11:28:00	2018-04-04 11:35:00	SVQ	2018-04-04 12:29:00	2018-04-04 12:34:00	2018-04-04 12:35:00	J	WI	2018-04-04 11:41:59	8.0	37.0	A	15.0	260.0	11.0	6.21		FEW	BKN	M	1800.0	2600.0							20.0	250.0	9.0	6.21		SCT	M	M	4500.0							
467955	2018-04-04 00:00:00	1140.0	CSDJA	AT7	ATR 72	WI	LIS	2018-04-04 11:20:00	2018-04-04 12:05:00	2018-04-04 12:16:00	VGO	2018-04-04 13:25:00	2018-04-04 13:29:00	2018-04-04 12:40:00	J	WI	2018-04-04 12:23:59	19.0	89.0	0	16.0	280.0	9.0	6.21		FEW	BKN	M	2000.0	2800.0							12.0	240.0	14.0	6.21	26.0	SCT	SCT	M	900.0	1500.0						
467956	2018-04-04 00:00:00	1271.0	CSTNK	320	AIRBUS A320-211	NB	VIE	2018-04-04 11:20:00	2018-04-04 11:28:00	2018-04-04 11:37:00	LIS	2018-04-04 14:59:00	2018-04-04 15:03:00	2018-04-04 14:55:00	J	TP	2018-04-05 10:18:59	6.0	16.0	0	16.0	260.0	4.0	6.21		M	M	M									16.0	270.0	9.0	6.21		SCT	SCT	M	2600.0	3500.0						
467957	2018-04-04 00:00:00	573.0	CSTTB	319	AIRBUS A319-111	NB	FRA	2018-04-04 11:25:00	2018-04-04 11:38:00	2018-04-04 11:50:00	LIS	2018-04-04 14:32:00	2018-04-04 14:35:00	2018-04-04 14:35:00	J	TP	2018-04-05 02:56:59	11.0	89.0	0	16.0	230.0	12.0	6.21		FEW	FEW	SCT	2000.0	3000.0	6500.0						16.0	260.0	12.0	6.21		FEW	SCT	M	2600.0	3800.0						
467958	2018-04-04 00:00:00	836.0	CSTTI	319	AIRBUS A319-111	NB	LIS	2018-04-04 11:25:00	2018-04-04 11:32:00	2018-04-04 11:46:00	FCO	2018-04-04 14:07:00	2018-04-04 14:16:00	2018-04-04 14:15:00	J	TP	2018-04-04 11:48:59	7.0	19.0	A	15.0	260.0	11.0	6.21		FEW	BKN	M	1800.0	2600.0							17.0	170.0	12.0	6.21		M	M	M								
467959	2018-04-04 00:00:00	442.0	CSTNW	320	AIRBUS A320-211	NB	LIS	2018-04-04 11:30:00	2018-04-04 11:38:00	2018-04-04 11:49:00	ORY	2018-04-04 13:55:00	2018-04-04 14:00:00	2018-04-04 13:55:00	J	TP	2018-04-04 11:49:59	8.0	85.0	C	15.0	260.0	11.0	6.21		FEW	BKN	M	1800.0	2600.0							13.0	220.0	13.0	6.21		SCT	BKN	M	4000.0	5000.0						
467960	2018-04-04 00:00:00	931.0	CSTNX	320	AIRBUS A320-211	NB	ZRH	2018-04-04 11:30:00	2018-04-04 11:59:00	2018-04-04 12:07:00	LIS	2018-04-04 14:43:00	2018-04-04 14:48:00	2018-04-04 14:20:00	J	TP	2018-04-04 12:12:47	19.0	85.0	C	21.0	230.0	8.0	6.21		M	M	M									16.0	270.0	9.0	6.21		SCT	SCT	M	2600.0	3500.0						
467961	2018-04-04 00:00:00	1937.0	CSDJB	AT7	ATR 72	WI	OPO	2018-04-04 11:30:00	2018-04-04 11:49:00	2018-04-04 12:02:00	LIS	2018-04-04 12:43:00	2018-04-04 12:46:00	2018-04-04 12:30:00	J	WI	2018-04-04 12:15:50	19.0	93.0	R	14.0	260.0	8.0	6.21		SCT	SCT	BKN	1500.0	2000.0	4300.0						17.0	270.0	10.0	6.21		FEW	BKN	M	2500.0	3200.0						
467962	2018-04-04 00:00:00	557.0	CSTTA	319	AIRBUS A319-111	NB	MUC	2018-04-04 11:35:00	2018-04-04 12:52:00	2018-04-04 13:08:00	LIS	2018-04-04 16:03:00	2018-04-04 16:06:00	2018-04-04 14:50:00	J	TP	2018-04-04 13:11:57	77.0	64.0	0	21.0	130.0	8.0	6.21		M	M	M									16.0	270.0	10.0	6.21		SCT	SCT	M	2500.0	4400.0						
467963	2018-04-04 00:00:00	826.0	CSTTM	319	AIRBUS A319-111	NB	LIS	2018-04-04 11:35:00	2018-04-04 11:44:00	2018-04-04 11:56:00	MXP	2018-04-04 14:09:00	2018-04-04 14:14:00	2018-04-04 14:10:00	J	TP	2018-04-04 12:01:59	9.0	15.0	A	15.0	260.0	11.0	6.21		FEW	BKN	M	1800.0	2600.0							9.0		2.0	1.55		BKN	OVC	M	300.0	700.0						
467964	2018-04-04 00:00:00	839.0	CSTFM	772	BOEING 777-200		FCO	2018-04-04 11:35:00	2018-04-04 12:55:00	2018-04-04 13:14:00	LIS	2018-04-04 15:56:00	2018-04-04 16:00:00	2018-04-04 14:45:00	J	TP	2018-04-09 12:01:59	5.0	93.0	M	17.0	160.0	12.0	6.21		SCT	M	M	1800.0								16.0	270.0	10.0	6.21		SCT	SCT	M	2500.0	4400.0						
467965	2018-04-04 00:00:00	939.0	CSTTD	319	AIRBUS A319-111	NB	GVA	2018-04-04 11:40:00	2018-04-04 11:41:00	2018-04-04 11:52:00	OPO	2018-04-04 13:51:00	2018-04-04 13:55:00	2018-04-04 13:55:00	J	TP	2018-04-05 02:57:59	1.0	93.0	O	13.0	240.0	16.0	5.59	26.0	FEW	FEW	BKN	3000.0	4000.0	8000.0						15.0	240.0	10.0	6.21		FEW	SCT	M	1300.0	2400.0						
467966	2018-04-04 00:00:00	663.0	CSTTQ	319	AIRBUS A319-111	NB	AMS	2018-04-04 11:45:00	2018-04-04 12:00:00	2018-04-04 12:10:00	LIS	2018-04-04 14:46:00	2018-04-04 14:48:00	2018-04-04 14:50:00	J	TP	2018-04-05 02:58:59	15.0	83.0	0	13.0	190.0	9.0	6.21		FEW	BKN	M	2000.0	2400.0							16.0	270.0	9.0	6.21		SCT	SCT	M	2600.0	3500.0						
467967	2018-04-04 00:00:00	201.0	CSTOG	332	AIRBUS A330-200	WB	LIS	2018-04-04 11:55:00	2018-04-04 12:04:00	2018-04-04 12:21:00	EWR	2018-04-04 20:07:00	2018-04-04 20:15:00	2018-04-04 19:50:00	J	TP	2018-04-04 12:24:59	4.0	89.0	0	16.0	280.0	9.0	6.21		FEW	BKN	M	2000.0	2800.0										10.0		BKN	M	M	7999.0							
467968	2018-04-04 00:00:00	342.0	CSTNQ	320	AIRBUS A320-211	NB	LIS	2018-04-04 11:55:00	2018-04-04 12:00:00	2018-04-04 12:13:00	LGW	2018-04-04 14:32:00	2018-04-04 14:39:00	2018-04-04 14:35:00	J	TP	2018-04-04 12:18:59	1.0	89.0	0	16.0	280.0	9.0	6.21		FEW	BKN	M	2000.0	2800.0							11.0	210.0	13.0	6.21	25.0	BKN	BKN	M	1500.0	2000.0						
467969	2018-04-04 00:00:00	1938.0	CSDJC	AT7	ATR 72	WI	LIS	2018-04-04 12:00:00	2018-04-04 12:24:00	2018-04-04 12:41:00	OPO	2018-04-04 13:25:00	2018-04-04 13:29:00	2018-04-04 13:00:00	J	WI	2018-04-04 12:44:59	8.0	89.0	0	16.0	280.0	8.0	6.21		SCT	SCT	M	2800.0	4500.0							15.0	250.0	7.0	6.21		FEW	M	M	2200.0							
467970	2018-04-04 00:00:00	73.0	CSTOK	332	AIRBUS A330-200	WB	LIS	2018-04-04 12:05:00	2018-04-04 12:10:00	2018-04-04 12:25:00	GIG	2018-04-04 21:56:00	2018-04-04 22:00:00	2018-04-04 22:00:00	J	TP	2018-04-12 13:10:59	5.0	36.0	A	16.0	280.0	9.0	6.21		FEW	BKN	M	2000.0	2800.0							26.0	120.0	6.0	6.21		SCT	OVC	M	3000.0	5000.0						
467971	2018-04-04 00:00:00	439.0	CSTQD	320	AIRBUS A320-211	NB	ORY	2018-04-04 12:10:00	2018-04-04 14:14:00	2018-04-04 14:26:00	LIS	2018-04-04 16:30:00	2018-04-04 16:33:00	2018-04-04 14:40:00	J	TP	2018-04-04 14:43:00	5.0	19.0	A	13.0	220.0	13.0	6.21		SCT	BKN	M	4000.0	5000.0							16.0	280.0	9.0	6.21		SCT	M	M	2600.0							
467972	2018-04-04 00:00:00	466.0	CSTPU	E90	EMBRAER 190	PGA	LIS	2018-04-04 12:10:00	2018-04-04 12:18:00	2018-04-04 12:34:00	BOD	2018-04-04 14:08:00	2018-04-04 14:11:00	2018-04-04 13:55:00	J	NI	2018-04-09 14:51:59	8.0	67.0	0	16.0	280.0	8.0	6.21		SCT	SCT	M	2800.0	4500.0							15.0	260.0	25.0	6.21	35.0	BKN	BKN	BKN	3300.0	4200.0	5400.0					
467973	2018-04-04 00:00:00	1682.0	CSTTE	319	AIRBUS A319-111	NB	FNC	2018-04-04 12:10:00	2018-04-04 13:14:00	2018-04-04 13:22:00	LIS	2018-04-04 14:48:00	2018-04-04 14:51:00	2018-04-04 13:50:00	J	TP	2018-04-04 13:43:58	64.0	93.0	J	19.0	50.0	9.0	6.21		FEW	SCT	M	1800.0	3000.0							16.0	270.0	9.0	6.21		SCT	SCT	M	2600.0	3500.0						
467974	2018-04-04 00:00:00	1028.0	CSTJE	321	AIRBUS A321-211	NB	LIS	2018-04-04 12:20:00	2018-04-04 12:28:00	2018-04-04 12:44:00	MAD	2018-04-04 13:41:00	2018-04-04 13:49:00	2018-04-04 13:35:00	J	TP	2018-04-04 12:55:59	8.0	95.0	A	16.0	280.0	8.0	6.21		SCT	SCT	M	2800.0	4500.0							16.0	220.0	18.0	6.21	30.0	BKN	SCT	M	3500.0	7000.0						
467975	2018-04-04 00:00:00	1861.0	CSTTG	319	AIRBUS A319-111	NB	OPO	2018-04-04 12:20:00	2018-04-04 12:43:00	2018-04-04 12:50:00	PDL	2018-04-04 15:08:00	2018-04-04 15:10:00	2018-04-04 14:45:00	J	TP	2018-04-04 13:17:57	5.0	89.0	0	15.0	240.0	9.0	6.21		SCT	SCT	BKN	1500.0	2000.0	4300.0						17.0	200.0	16.0	6.21		FEW	SCT	BKN	900.0	1300.0	2000.0					
467976	2018-04-04 00:00:00	522.0	CSTPS	E90	EMBRAER 190	PGA	LIS	2018-04-04 12:25:00	2018-04-04 12:45:00	2018-04-04 13:01:00	STR	2018-04-04 15:36:00	2018-04-04 15:43:00	2018-04-04 15:15:00	J	NI	2018-04-04 13:09:59	6.0	89.0	0	16.0	280.0	8.0	6.21		SCT	SCT	M	2800.0	4500.0							12.0	230.0	15.0	6.21	26.0	FEW	FEW	BKN	3200.0	4200.0	4700.0					
467977	2018-04-04 00:00:00	533.0	CSTTP	319	AIRBUS A319-111	NB	TXL	2018-04-04 12:25:00	2018-04-04 12:31:00	2018-04-04 12:40:00	LIS	2018-04-04 15:50:00	2018-04-04 15:54:00	2018-04-04 16:00:00	J	TP	2018-04-05 10:18:59	6.0	89.0	0	19.0	160.0	5.0	6.21		M	M	M									16.0	270.0	10.0	6.21		SCT	SCT	M	2500.0	4400.0						
467978	2018-04-04 00:00:00	764.0	ECHDS	757	757		LIS	2018-04-04 12:25:00	2018-04-04 13:35:00	2018-04-04 13:46:00	OSL	2018-04-04 17:18:00	2018-04-04 17:25:00	2018-04-04 16:25:00	J	TP	2018-04-04 13:54:59	22.0	15.0	A	16.0	300.0	10.0	6.21		FEW	SCT	M	2500.0	3000.0							3.0	170.0	7.0	4.35		BKN	M	M	300.0							
467979	2018-04-04 00:00:00	926.0	CSTJF	321	AIRBUS A321-211	NB	LIS	2018-04-04 12:30:00	2018-04-04 13:00:00	2018-04-04 13:11:00	ZRH	2018-04-04 15:29:00	2018-04-04 15:33:00	2018-04-04 15:10:00	J	TP	2018-04-04 14:00:59	5.0	15.0	D	17.0	270.0	10.0	6.21		FEW	BKN	M	2500.0	3200.0							8.0	230.0	6.0	4.97		FEW	BKN	OVC	1500.0	4500.0	5200.0					
467980	2018-04-04 00:00:00	1681.0	CSTNR	320	AIRBUS A320-211	NB	LIS	2018-04-04 12:30:00	2018-04-04 12:48:00	2018-04-04 12:59:00	FNC	2018-04-04 14:27:00	2018-04-04 14:30:00	2018-04-04 14:15:00	J	TP	2018-04-04 13:10:59	4.0	89.0	0	17.0	270.0	10.0	6.21		FEW	BKN	M	2500.0	3200.0							19.0	40.0	10.0	6.21		FEW	SCT	M	1800.0	3000.0						
467981	2018-04-04 00:00:00	1906.0	CSTNN	320	AIRBUS A320-211	NB	FAO	2018-04-04 12:30:00	2018-04-04 12:38:00	2018-04-04 12:46:00	LIS	2018-04-04 13:24:00	2018-04-04 13:28:00	2018-04-04 13:15:00	J	TP	2018-04-04 12:52:55	5.0	89.0	0	18.0	240.0	14.0	6.21		FEW	M	M	2000.0								16.0	300.0	10.0	6.21		FEW	SCT	M	2500.0	3000.0						
467982	2018-04-04 00:00:00	1939.0	CSDJE	AT7	ATR 72	WI	OPO	2018-04-04 12:30:00	2018-04-04 12:46:00	2018-04-04 12:54:00	LIS	2018-04-04 13:35:00	2018-04-04 13:37:00	2018-04-04 13:30:00	J	WI	2018-04-04 13:05:01	5.0	83.0	0	15.0	250.0	9.0	6.21		FEW	M	M	1900.0								16.0	300.0	10.0	6.21		FEW	SCT	M	2500.0	3000.0						
467983	2018-04-04 00:00:00	9700.0	CSTTK	319	AIRBUS A319-111	NB	LIS	2018-04-04 12:35:00	2018-04-04 13:01:00	2018-04-04 14:01:00	LIS	2018-04-04 16:40:00	2018-04-04 16:45:00	2018-04-04 16:35:00	T	TP					17.0	270.0	10.0	6.21		FEW	BKN	M	2500.0	3200.0							16.0	280.0	9.0	6.21		SCT	M	M	2600.0							
467984	2018-04-04 00:00:00	359.0	CSTTN	319	AIRBUS A319-111	NB	LHR	2018-04-04 12:45:00	2018-04-04 13:03:00	2018-04-04 13:17:00	LIS	2018-04-04 15:23:00	2018-04-04 15:28:00	2018-04-04 15:30:00	J	TP	2018-04-04 13:32:55	18.0	93.0	0	10.0	200.0	15.0	4.97		BKN	OVC	///	1700.0	4300.0							16.0	280.0	8.0	6.21		SCT	SCT	M	2600.0	4000.0						
467985	2018-04-04 00:00:00	924.0	CSTPQ	E90	EMBRAER 190	PGA	OPO	2018-04-04 12:45:00	2018-04-04 12:52:00	2018-04-04 13:01:00	ZRH	2018-04-04 15:18:00	2018-04-04 15:25:00	2018-04-04 15:15:00	J	NI	2018-04-04 13:05:01	7.0	84.0	0	15.0	250.0	9.0	6.21		FEW	M	M	1900.0								8.0	230.0	6.0	4.97		FEW	BKN	OVC	1500.0	4500.0	5200.0					
467986	2018-04-04 00:00:00	1119.0	CSTPT	E90	EMBRAER 190	PGA	LPA	2018-04-04 12:45:00	2018-04-04 12:48:00	2018-04-04 12:57:00	LIS	2018-04-04 14:57:00	2018-04-04 15:03:00	2018-04-04 15:00:00	J	NI	2018-04-04 13:14:03	3.0	83.0	0	20.0	30.0	21.0	6.21		FEW	BKN	M	2000.0	4000.0							16.0	270.0	9.0	6.21		SCT	SCT	M	2600.0	3500.0						
467987	2018-04-04 00:00:00	783.0	CSTNP	320	AIRBUS A320-211	NB	ARN	2018-04-04 12:50:00	2018-04-04 12:55:00	2018-04-04 13:06:00	LIS	2018-04-04 17:12:00	2018-04-04 17:16:00	2018-04-04 17:15:00	J	TP	2018-04-06 13:19:59	5.0	36.0	C	3.0	150.0	10.0	3.73		OVC	M	M	400.0								15.0	310.0	9.0	6.21		SCT	M	M	2800.0							
467988	2018-04-04 00:00:00	1428.0	CSDJD	AT7	ATR 72	WI	LIS	2018-04-04 13:00:00	2018-04-04 13:04:00	2018-04-04 13:16:00	FEZ	2018-04-04 14:40:00	2018-04-04 14:45:00	2018-04-04 14:55:00	J	WI	2018-04-04 13:19:59	4.0	89.0	0	17.0	270.0	10.0	6.21		FEW	BKN	M	2500.0	3200.0							19.0	10.0	6.0	6.21		BKN	M	M	2300.0							
467989	2018-04-04 00:00:00	1946.0	CSDJB	AT7	ATR 72	WI	LIS	2018-04-04 13:00:00	2018-04-04 13:22:00	2018-04-04 13:39:00	OPO	2018-04-04 14:29:00	2018-04-04 14:34:00	2018-04-04 14:00:00	J	WI	2018-04-04 13:45:59	6.0	89.0	0	16.0	300.0	10.0	6.21		FEW	SCT	M	2500.0	3000.0							15.0	260.0	10.0	6.21		FEW	SCT	M	1300.0	2500.0						
467990	2018-04-04 00:00:00	1042.0	CSTTF	319	AIRBUS A319-111	NB	LIS	2018-04-04 13:05:00	2018-04-04 13:09:00	2018-04-04 13:20:00	BCN	2018-04-04 14:55:00	2018-04-04 14:59:00	2018-04-04 14:55:00	J	TP	2018-04-04 13:37:59	4.0	85.0	C	17.0	270.0	10.0	6.21		FEW	BKN	M	2500.0	3200.0							22.0	290.0	16.0	6.21		FEW	M	M	2500.0							
467991	2018-04-04 00:00:00	484.0	CSTTZ	E95	EMBRAER 195	PGA	LIS	2018-04-04 13:10:00	2018-04-04 13:51:00	2018-04-04 14:07:00	NCE	2018-04-04 16:06:00	2018-04-04 16:09:00	2018-04-04 15:35:00	J	NI	2018-04-04 14:27:59	11.0	89.0	0	16.0	270.0	9.0	6.21		FEW	SCT	M	2600.0	3200.0							14.0	60.0	9.0	6.21		SCT	BKN	M	1500.0	1600.0						
467992	2018-04-04 00:00:00	948.0	CSTMW	320	AIRBUS A320-211	NB	LIS	2018-04-04 13:10:00	2018-04-04 13:25:00	2018-04-04 13:42:00	GVA	2018-04-04 15:43:00	2018-04-04 15:47:00	2018-04-04 15:30:00	J	TP	2018-04-04 13:52:59	15.0	37.0	A	16.0	300.0	10.0	6.21		FEW	SCT	M	2500.0	3000.0							9.0	60.0	5.0	6.21		FEW	BKN	M	1700.0	4000.0						
467993	2018-04-04 00:00:00	1265.0	CSTTJ	319	AIRBUS A319-111	NB	WAW	2018-04-04 13:10:00	2018-04-04 13:24:00	2018-04-04 13:33:00	LIS	2018-04-04 17:26:00	2018-04-04 17:32:00	2018-04-04 17:25:00	J	TP	2018-04-04 13:37:02	5.0	87.0	0	20.0	140.0	13.0	6.21		M	M	M									15.0	310.0	9.0	6.21		SCT	M	M	2800.0							
467994	2018-04-04 00:00:00	1450.0	CSTTY	E95	EMBRAER 195	PGA	LIS	2018-04-04 13:10:00	2018-04-04 13:10:00	2018-04-04 13:29:00	RAK	2018-04-04 14:39:00	2018-04-04 14:41:00	2018-04-04 14:45:00	J	NI					17.0	270.0	10.0	6.21		FEW	BKN	M	2500.0	3200.0							23.0	60.0	8.0	6.21		FEW	SCT	M	2300.0	20000.0						
467995	2018-04-04 00:00:00	1105.0	CSDJH	AT7	ATR 72	WI	SVQ	2018-04-04 13:15:00	2018-04-04 13:18:00	2018-04-04 13:26:00	LIS	2018-04-04 14:39:00	2018-04-04 14:44:00	2018-04-04 14:25:00	J	WI	2018-04-04 13:31:53	3.0	83.0	0	20.0	270.0	10.0	6.21	20.0	SCT	M	M	4500.0								16.0	260.0	12.0	6.21		FEW	SCT	M	2600.0	3800.0						
467996	2018-04-04 00:00:00	1434.0	CSTPR	E90	EMBRAER 190	PGA	LIS	2018-04-04 13:15:00	2018-04-04 13:39:00	2018-04-04 14:03:00	CMN	2018-04-04 15:00:00	2018-04-04 15:05:00	2018-04-04 14:55:00	J	NI	2018-04-04 14:07:59	23.0	51.0	0	16.0	300.0	10.0	6.21		FEW	SCT	M	2500.0	3000.0							20.0	30.0	14.0	6.21		M	M	M								
467997	2018-04-04 00:00:00	1868.0	CSTNL	320	AIRBUS A320-211	NB	PDL	2018-04-04 13:15:00	2018-04-04 13:32:00	2018-04-04 13:52:00	LIS	2018-04-04 15:42:00	2018-04-04 15:46:00	2018-04-04 15:30:00	J	TP	2018-04-04 13:54:55	7.0	68.0	A	17.0	200.0	16.0	6.21		SCT	SCT	M	1600.0	3000.0							16.0	270.0	10.0	6.21		SCT	SCT	M	2500.0	4400.0						
467998	2018-04-04 00:00:00	472.0	CSTPW	E90	EMBRAER 190	PGA	LIS	2018-04-04 13:20:00	2018-04-04 13:25:00	2018-04-04 13:36:00	LYS	2018-04-04 15:34:00	2018-04-04 15:41:00	2018-04-04 15:35:00	J	NI	2018-04-04 13:39:59	5.0	89.0	0	16.0	300.0	10.0	6.21		FEW	SCT	M	2500.0	3000.0							15.0	180.0	13.0	6.21		FEW	SCT	BKN	3300.0	10000.0	23000.0					
467999	2018-04-04 00:00:00	586.0	CSTTW	E95	EMBRAER 195	PGA	LIS	2018-04-04 13:20:00	2018-04-04 13:42:00	2018-04-04 13:56:00	CGN	2018-04-04 16:23:00	2018-04-04 16:28:00	2018-04-04 16:10:00	J	NI	2018-04-04 14:12:59	9.0	32.0	A	16.0	300.0	10.0	6.21		FEW	SCT	M	2500.0	3000.0							14.0	190.0	13.0	6.21	24.0	FEW	BKN	M	3300.0	22000.0						
468000	2018-04-04 00:00:00	1141.0	CSDJA	AT7	ATR 72	WI	VGO	2018-04-04 13:20:00	2018-04-04 13:59:00	2018-04-04 14:08:00	LIS	2018-04-04 15:10:00	2018-04-04 15:16:00	2018-04-04 14:40:00	J	WI	2018-04-04 14:10:04	39.0	93.0	0	11.0	250.0	11.0	6.21		SCT	BKN	M	900.0	1900.0							16.0	280.0	8.0	6.21		SCT	SCT	M	2600.0	4000.0						
468001	2018-04-04 00:00:00	324.0	CSTTX	E95	EMBRAER 195	PGA	LIS	2018-04-04 13:25:00	2018-04-04 14:20:00	2018-04-04 14:37:00	LIS	2018-04-04 16:34:00	2018-04-04 16:42:00	2018-04-04 16:15:00	J	NI	2018-04-04 18:36:59	95.0	46.0	0	16.0	260.0	12.0	6.21		FEW	SCT	M	2600.0	3800.0							16.0	280.0	9.0	6.21		SCT	M	M	2600.0							
468002	2018-04-04 00:00:00	1274.0	FHBIS	320	AIRBUS A320-211	NB	LIS	2018-04-04 13:25:00	2018-04-04 13:39:00	2018-04-04 13:51:00	VIE	2018-04-04 16:46:00	2018-04-04 16:50:00	2018-04-04 16:45:00	J	TP	2018-04-04 13:58:59	6.0	89.0	0	16.0	300.0	10.0	6.21		FEW	SCT	M	2500.0	3000.0							17.0	140.0	9.0	6.21		M	M	M								
468003	2018-04-04 00:00:00	1123.0	CSDJF	AT7	ATR 72	WI	ALC	2018-04-04 13:30:00	2018-04-04 13:52:00	2018-04-04 14:03:00	LIS	2018-04-04 16:08:00	2018-04-04 16:13:00	2018-04-04 16:00:00	J	WI	2018-04-04 14:12:07	22.0	93.0	0	24.0	250.0	16.0	6.21		FEW	M	M	900.0								16.0	270.0	10.0	6.21		SCT	SCT	M	2500.0	4400.0						
468004	2018-04-04 00:00:00	1947.0	CSDJC	AT7	ATR 72	WI	OPO	2018-04-04 13:30:00	2018-04-04 13:59:00	2018-04-04 14:08:00	LIS	2018-04-04 14:55:00	2018-04-04 14:57:00	2018-04-04 14:30:00	J	WI	2018-04-04 14:23:10	29.0	93.0	O	15.0	240.0	10.0	6.21		FEW	SCT	M	1300.0	2400.0							16.0	270.0	9.0	6.21		SCT	SCT	M	2600.0	3500.0						
468005	2018-04-04 00:00:00	1300.0	CSTNT	320	AIRBUS A320-211	NB	LIS	2018-04-04 13:35:00	2018-04-04 13:42:00	2018-04-04 14:00:00	PRG	2018-04-04 16:47:00	2018-04-04 16:52:00	2018-04-04 16:50:00	J	TP	2018-04-04 14:02:59	4.0	15.0	A	16.0	300.0	10.0	6.21		FEW	SCT	M	2500.0	3000.0							17.0	100.0	7.0	6.21		M	M	M								
468006	2018-04-04 00:00:00	687.0	CSTTC	319	AIRBUS A319-111	NB	LUX	2018-04-04 13:40:00	2018-04-04 13:48:00	2018-04-04 13:56:00	OPO	2018-04-04 16:08:00	2018-04-04 16:14:00	2018-04-04 16:10:00	J	TP	2018-04-04 13:59:01	8.0	93.0	R	9.0	190.0	15.0	6.21		FEW	BKN	OVC	800.0	1000.0	1300.0						15.0	270.0	7.0	6.21		FEW	FEW	M	1300.0	2500.0						
468007	2018-04-04 00:00:00	576.0	CSTJG	321	AIRBUS A321-211	NB	LIS	2018-04-04 13:45:00	2018-04-04 14:38:00	2018-04-04 14:55:00	FRA	2018-04-04 17:36:00	2018-04-04 17:47:00	2018-04-04 16:50:00	J	TP	2018-04-04 15:30:59	8.0	89.0	0	16.0	260.0	12.0	6.21		FEW	SCT	M	2600.0	3800.0							12.0	190.0	8.0	6.21		FEW	SCT	BKN	2200.0	3300.0	25000.0					
468008	2018-04-04 00:00:00	871.0	CSTNU	320	AIRBUS A320-211	NB	BLQ	2018-04-04 13:45:00	2018-04-04 13:48:00	2018-04-04 14:02:00	LIS	2018-04-04 16:46:00	2018-04-04 16:51:00	2018-04-04 16:45:00	J	TP	2018-04-05 03:00:59	3.0	89.0	0	16.0	100.0	3.0	6.21		FEW	BKN	M	2000.0	7500.0							16.0	300.0	8.0	6.21		SCT	M	M	2800.0							
468009	2018-04-04 00:00:00	353.0	CSTPV	E90	EMBRAER 190	PGA	LCY	2018-04-04 13:50:00	2018-04-04 13:58:00	2018-04-04 14:03:00	OPO	2018-04-04 16:05:00	2018-04-04 16:11:00	2018-04-04 16:10:00	J	NI	2018-04-09 08:21:59	3.0	89.0	0	12.0	200.0	16.0	6.21	28.0	SCT	BKN	BKN	2300.0	2700.0	3100.0						15.0	270.0	7.0	6.21		FEW	FEW	M	1300.0	2500.0						
468010	2018-04-04 00:00:00	432.0	FHBAL	319	AIRBUS A319-111	NB	LIS	2018-04-04 13:50:00	2018-04-04 13:57:00	2018-04-04 14:12:00	ORY	2018-04-04 16:19:00	2018-04-04 16:26:00	2018-04-04 16:15:00	J	TP	2018-04-04 14:27:59	2.0	89.0	0	16.0	270.0	9.0	6.21		FEW	SCT	M	2600.0	3200.0							11.0	210.0	9.0	6.21		FEW	SCT	BKN	2100.0	4300.0	4900.0					
468011	2018-04-04 00:00:00	554.0	CSTNM	320	AIRBUS A320-211	NB	LIS	2018-04-04 13:55:00	2018-04-04 14:49:00	2018-04-04 15:01:00	MUC	2018-04-04 17:38:00	2018-04-04 17:46:00	2018-04-04 16:55:00	J	TP	2018-04-04 15:40:59	14.0	2.0	0	16.0	270.0	9.0	6.21		SCT	SCT	M	2600.0	3500.0							13.0	270.0	17.0	6.21	28.0	SCT	M	M	4100.0							
468012	2018-04-04 00:00:00	662.0	CSTNH	320	AIRBUS A320-211	NB	LIS	2018-04-04 13:55:00	2018-04-04 14:05:00	2018-04-04 14:16:00	AMS	2018-04-04 16:46:00	2018-04-04 17:00:00	2018-04-04 16:50:00	J	TP	2018-04-04 14:31:59	5.0	85.0	C	16.0	270.0	9.0	6.21		FEW	SCT	M	2600.0	3200.0							11.0	200.0	9.0	6.21		FEW	M	M	4000.0							
468013	2018-04-04 00:00:00	1558.0	GPOWM	320	AIRBUS A320-211	NB	VXE	2018-04-04 14:00:00	2018-04-04 14:32:00	2018-04-04 14:40:00	LIS	2018-04-04 18:18:00	2018-04-04 18:21:00	2018-04-04 17:55:00	J	TP	2018-04-09 08:34:59	32.0	89.0	0	26.0	60.0	21.0	6.21		FEW	M	M	2200.0								14.0	310.0	7.0	6.21		FEW	M	M	2400.0							
468014	2018-04-04 00:00:00	1952.0	CSDJE	AT7	ATR 72	WI	LIS	2018-04-04 14:00:00	2018-04-04 14:14:00	2018-04-04 14:23:00	OPO	2018-04-04 15:15:00	2018-04-04 15:17:00	2018-04-04 15:00:00	J	WI	2018-04-04 14:24:59	7.0	31.0	B	16.0	270.0	9.0	6.21		FEW	SCT	M	2600.0	3200.0							14.0	260.0	8.0	6.21		SCT	FEW	M	1800.0	2800.0						
468015	2018-04-04 00:00:00	356.0	LYPGC	737	BOEING 737 ALL SERIES		LIS	2018-04-04 14:05:00	2018-04-04 14:24:00	2018-04-04 14:34:00	LHR	2018-04-04 17:03:00	2018-04-04 17:09:00	2018-04-04 16:45:00	J	TP	2018-04-04 14:47:59	19.0	84.0	0	16.0	260.0	12.0	6.21		FEW	SCT	M	2600.0	3800.0							10.0	220.0	13.0	6.21		SCT	SCT	BKN	1400.0	2300.0	4200.0					
468016	2018-04-04 00:00:00	2475.0	CSTTO	319	AIRBUS A319-111	NB	OPO	2018-04-04 14:05:00	2018-04-04 16:21:00	2018-04-04 16:30:00	LIS	2018-04-04 17:02:00	2018-04-04 17:06:00	2018-04-04 15:00:00	J	TP	2018-04-04 16:33:23	136.0	64.0	0	15.0	250.0	7.0	6.21		FEW	FEW	M	2500.0	3000.0							16.0	300.0	8.0	6.21		SCT	M	M	2800.0							
468017	2018-04-04 00:00:00	1315.0	CSTNJ	320	AIRBUS A320-211	NB	BUD	2018-04-04 14:10:00	2018-04-04 14:05:00	2018-04-04 14:24:00	LIS	2018-04-04 18:07:00	2018-04-04 18:10:00	2018-04-04 18:00:00	J	TP					19.0	210.0	16.0	6.21		M	M	M									15.0	290.0	6.0	6.21		FEW	M	M	2600.0							
468018	2018-04-04 00:00:00	496.0	CSTPP	E90	EMBRAER 190	PGA	LIS	2018-04-04 14:15:00	2018-04-04 14:10:00	2018-04-04 14:22:00	TLS	2018-04-04 15:53:00	2018-04-04 15:58:00	2018-04-04 16:05:00	J	NI					16.0	270.0	9.0	6.21		FEW	SCT	M	2600.0	3200.0							19.0	290.0	19.0	6.21		M	M	M								
468019	2018-04-04 00:00:00	1027.0	CSTJE	321	AIRBUS A321-211	NB	MAD	2018-04-04 14:30:00	2018-04-04 14:51:00	2018-04-04 15:01:00	LIS	2018-04-04 15:57:00	2018-04-04 16:05:00	2018-04-04 15:50:00	J	TP	2018-04-04 15:10:13	17.0	68.0	0	16.0	240.0	18.0	6.21	29.0	FEW	SCT	M	2000.0	4500.0							16.0	270.0	10.0	6.21		SCT	SCT	M	2500.0	4400.0						
468020	2018-04-04 00:00:00	1949.0	CSDJB	AT7	ATR 72	WI	OPO	2018-04-04 14:30:00	2018-04-04 15:06:00	2018-04-04 15:16:00	LIS	2018-04-04 16:02:00	2018-04-04 16:05:00	2018-04-04 15:30:00	J	WI	2018-04-04 15:17:08	2.0	89.0	0	15.0	240.0	9.0	6.21		SCT	FEW	M	2200.0	2900.0							16.0	270.0	10.0	6.21		SCT	SCT	M	2500.0	4400.0						
468021	2018-04-04 00:00:00	467.0	CSTPU	E90	EMBRAER 190	PGA	BOD	2018-04-04 14:35:00	2018-04-04 14:38:00	2018-04-04 14:45:00	LIS	2018-04-04 16:13:00	2018-04-04 16:19:00	2018-04-04 16:30:00	J	NI	2018-04-04 15:23:10	3.0	93.0	K	16.0	260.0	21.0	6.21	32.0	BKN	BKN	BKN	3100.0	3700.0	4900.0						16.0	280.0	9.0	6.21		SCT	M	M	2600.0							
468022	2018-04-04 00:00:00	842.0	CSTNK	320	AIRBUS A320-211	NB	LIS	2018-04-04 14:35:00	2018-04-04 16:00:00	2018-04-04 16:17:00	FCO	2018-04-04 18:34:00	2018-04-04 18:40:00	2018-04-04 17:25:00	J	TP	2018-04-09 08:30:59	10.0	67.0	0	16.0	270.0	10.0	6.21		SCT	SCT	M	2500.0	4400.0							15.0		3.0	6.21		FEW	M	M	4500.0							
468023	2018-04-04 00:00:00	862.0	CSTNY	320	AIRBUS A320-211	NB	LIS	2018-04-04 14:35:00	2018-04-04 14:40:00	2018-04-04 14:58:00	VCE	2018-04-04 17:22:00	2018-04-04 17:27:00	2018-04-04 17:25:00	J	TP	2018-04-04 15:13:59	5.0	89.0	0	16.0	260.0	12.0	6.21		FEW	SCT	M	2600.0	3800.0							13.0	60.0	7.0	6.21		SCT	BKN	M	3000.0	6000.0						
468024	2018-04-04 00:00:00	441.0	CSTNW	320	AIRBUS A320-211	NB	ORY	2018-04-04 14:40:00	2018-04-04 14:52:00	2018-04-04 15:00:00	LIS	2018-04-04 17:04:00	2018-04-04 17:08:00	2018-04-04 17:10:00	J	TP	2018-04-04 15:26:08	7.0	87.0	0	10.0	210.0	11.0	6.21		FEW	BKN	M	3000.0	4100.0							16.0	300.0	8.0	6.21		SCT	M	M	2800.0							
468025	2018-04-04 00:00:00	659.0	CSTTS	319	AIRBUS A319-111	NB	AMS	2018-04-04 14:45:00	2018-04-04 14:59:00	2018-04-04 15:13:00	OPO	2018-04-04 17:31:00	2018-04-04 17:35:00	2018-04-04 17:30:00	J	TP	2018-04-05 03:01:59	14.0	93.0	M	14.0	190.0	8.0	6.21		FEW	M	M	2000.0								14.0	260.0	6.0	6.21		FEW	FEW	M	2200.0	2600.0						
468026	2018-04-04 00:00:00	824.0	CSTTU	319	AIRBUS A319-111	NB	LIS	2018-04-04 14:50:00	2018-04-04 15:38:00	2018-04-04 15:48:00	MXP	2018-04-04 18:04:00	2018-04-04 18:09:00	2018-04-04 17:25:00	J	TP	2018-04-04 16:02:59	7.0	15.0	A	16.0	280.0	8.0	6.21		SCT	SCT	M	2600.0	4000.0							8.0	10.0	7.0	3.73		OVC	M	M	2000.0							
468027	2018-04-04 00:00:00	644.0	CSTJH	321	AIRBUS A321-211	NB	LIS	2018-04-04 14:55:00	2018-04-04 15:19:00	2018-04-04 15:31:00	BRU	2018-04-04 17:59:00	2018-04-04 18:03:00	2018-04-04 17:35:00	J	TP	2018-04-04 17:08:59	14.0	14.0	A	16.0	280.0	8.0	6.21		SCT	SCT	M	2600.0	4000.0							13.0	200.0	13.0	6.21		FEW	M	M	4200.0							
468028	2018-04-04 00:00:00	823.0	CSTTM	319	AIRBUS A319-111	NB	MXP	2018-04-04 15:00:00	2018-04-04 15:06:00	2018-04-04 15:20:00	LIS	2018-04-04 17:53:00	2018-04-04 17:56:00	2018-04-04 17:50:00	J	TP	2018-04-04 15:49:15	6.0	63.0	D	9.0	310.0	5.0	2.8		BKN	OVC	M	300.0	700.0							15.0	290.0	6.0	6.21		FEW	M	M	2600.0							
468029	2018-04-04 00:00:00	1676.0	CSTNR	320	AIRBUS A320-211	NB	FNC	2018-04-04 15:00:00	2018-04-04 15:12:00	2018-04-04 15:20:00	LIS	2018-04-04 16:49:00	2018-04-04 16:53:00	2018-04-04 16:35:00	J	TP	2018-04-04 15:21:14	12.0	93.0	R	19.0	40.0	11.0	6.21		FEW	M	M	1800.0								16.0	300.0	8.0	6.21		SCT	M	M	2800.0							
468030	2018-04-04 00:00:00	1960.0	CSDJC	AT7	ATR 72	WI	LIS	2018-04-04 15:00:00	2018-04-04 15:27:00	2018-04-04 15:37:00	OPO	2018-04-04 16:20:00	2018-04-04 16:24:00	2018-04-04 16:00:00	J	WI	2018-04-04 16:00:59	27.0	93.0	M	16.0	280.0	8.0	6.21		SCT	SCT	M	2600.0	4000.0							15.0	250.0	7.0	6.21		FEW	FEW	M	2500.0	3000.0						
468031	2018-04-04 00:00:00	456.0	CSTTD	319	AIRBUS A319-111	NB	OPO	2018-04-04 15:05:00	2018-04-04 15:11:00	2018-04-04 15:19:00	ORY	2018-04-04 17:06:00	2018-04-04 17:16:00	2018-04-04 17:10:00	J	TP	2018-04-04 15:22:22	6.0	89.0	0	15.0	240.0	9.0	6.21		SCT	FEW	M	2200.0	2900.0							11.0	220.0	9.0	6.21		FEW	M	M	2000.0							
468032	2018-04-04 00:00:00	833.0	CSTTI	319	AIRBUS A319-111	NB	FCO	2018-04-04 15:05:00	2018-04-04 15:12:00	2018-04-04 15:22:00	LIS	2018-04-04 18:09:00	2018-04-04 18:12:00	2018-04-04 18:10:00	J	TP	2018-04-04 15:34:18	7.0	89.0	0	17.0	150.0	10.0	6.21		M	M	M									15.0	290.0	6.0	6.21		FEW	M	M	2600.0							
468033	2018-04-04 00:00:00	1066.0	CSDJH	AT7	ATR 72	WI	LIS	2018-04-04 15:05:00	2018-04-04 15:31:00	2018-04-04 15:44:00	BIO	2018-04-04 17:35:00	2018-04-04 17:40:00	2018-04-04 17:10:00	J	WI	2018-04-04 15:36:59	7.0	89.0	0	16.0	280.0	8.0	6.21		SCT	SCT	M	2600.0	4000.0							14.0	330.0	15.0	6.21		SCT	BKN	M	2500.0	4800.0						
468034	2018-04-04 00:00:00	1687.0	CSTNI	320	AIRBUS A320-211	NB	LIS	2018-04-04 15:05:00	2018-04-04 15:14:00	2018-04-04 15:25:00	FNC	2018-04-04 16:50:00	2018-04-04 16:53:00	2018-04-04 16:50:00	J	TP	2018-04-04 15:48:59	9.0	87.0	A	16.0	270.0	9.0	6.21		SCT	SCT	M	2600.0	3500.0							18.0	40.0	8.0	6.21		FEW	SCT	M	1800.0	3000.0						
468035	2018-04-04 00:00:00	364.0	CSTTR	319	AIRBUS A319-111	NB	LIS	2018-04-04 15:10:00	2018-04-04 15:37:00	2018-04-04 15:46:00	LHR	2018-04-04 18:00:00	2018-04-04 18:03:00	2018-04-04 17:50:00	J	TP	2018-04-04 16:00:59	27.0	84.0	0	16.0	280.0	8.0	6.21		SCT	SCT	M	2600.0	4000.0							10.0	220.0	14.0	6.21		BKN	M	M	4100.0							
468036	2018-04-04 00:00:00	1024.0	CSTNX	320	AIRBUS A320-211	NB	LIS	2018-04-04 15:20:00	2018-04-04 15:57:00	2018-04-04 16:15:00	MAD	2018-04-04 17:26:00	2018-04-04 17:50:00	2018-04-04 16:35:00	J	TP	2018-04-04 16:21:59	6.0	85.0	C	16.0	270.0	10.0	6.21		SCT	SCT	M	2500.0	4400.0							14.0	220.0	17.0	6.21	27.0	FEW	M	M	3500.0							
468037	2018-04-04 00:00:00	1092.0	CSDJA	AT7	ATR 72	WI	LIS	2018-04-04 15:20:00	2018-04-04 16:02:00	2018-04-04 16:20:00	VLC	2018-04-04 18:05:00	2018-04-04 18:10:00	2018-04-04 17:25:00	J	WI	2018-04-04 16:05:59	6.0	89.0	0	16.0	270.0	10.0	6.21		SCT	SCT	M	2500.0	4400.0							20.0	270.0	10.0	6.21		FEW	M	M	3000.0							
468038	2018-04-04 00:00:00	341.0	CSTNQ	320	AIRBUS A320-211	NB	LGW	2018-04-04 15:25:00	2018-04-04 15:38:00	2018-04-04 15:48:00	LIS	2018-04-04 17:59:00	2018-04-04 18:06:00	2018-04-04 18:05:00	J	TP	2018-04-09 08:22:59	6.0	89.0	0	11.0	210.0	17.0	6.21		BKN	BKN	M	1800.0	2300.0							15.0	290.0	6.0	6.21		FEW	M	M	2600.0							
468039	2018-04-04 00:00:00	1903.0	CSTQD	320	AIRBUS A320-211	NB	LIS	2018-04-04 15:25:00	2018-04-04 17:21:00	2018-04-04 17:31:00	FAO	2018-04-04 17:57:00	2018-04-04 18:00:00	2018-04-04 16:10:00	J	TP	2018-04-04 17:34:59	3.0	89.0	0	15.0	310.0	9.0	6.21		SCT	M	M	2800.0								17.0	260.0	15.0	6.21		FEW	M	M	2000.0							
468040	2018-04-04 00:00:00	1451.0	CSTTY	E95	EMBRAER 195	PGA	RAK	2018-04-04 15:30:00	2018-04-04 15:22:00	2018-04-04 15:46:00	LIS	2018-04-04 17:09:00	2018-04-04 17:14:00	2018-04-04 17:05:00	J	NI					24.0	50.0	8.0	6.21		BKN	M	M	2300.0								16.0	300.0	8.0	6.21		SCT	M	M	2800.0							
468041	2018-04-04 00:00:00	1951.0	CSDJE	AT7	ATR 72	WI	OPO	2018-04-04 15:30:00	2018-04-04 15:46:00	2018-04-04 15:58:00	LIS	2018-04-04 16:42:00	2018-04-04 16:44:00	2018-04-04 16:30:00	J	WI	2018-04-04 16:01:19	16.0	93.0	O	15.0	270.0	7.0	6.21		FEW	FEW	M	1300.0	2500.0							16.0	280.0	9.0	6.21		SCT	M	M	2600.0							
468042	2018-04-04 00:00:00	1036.0	CSTKR	763	BOEING 767-300/300ER		LIS	2018-04-04 15:35:00	2018-04-04 16:19:00	2018-04-04 16:36:00	BCN	2018-04-04 18:07:00	2018-04-04 18:17:00	2018-04-04 17:25:00	J	TP	2018-04-04 16:46:59	19.0	89.0	0	16.0	280.0	9.0	6.21		SCT	M	M	2600.0								17.0	240.0	12.0	6.21		M	M	M								
468043	2018-04-04 00:00:00	1427.0	CSDJD	AT7	ATR 72	WI	FEZ	2018-04-04 15:35:00	2018-04-04 15:35:00	2018-04-04 15:45:00	LIS	2018-04-04 17:33:00	2018-04-04 17:39:00	2018-04-04 17:40:00	J	WI					21.0	330.0	3.0	6.21		SCT	M	M	2300.0								15.0	310.0	9.0	6.21		SCT	M	M	2800.0							
468044	2018-04-04 00:00:00	1443.0	CSTPR	E90	EMBRAER 190	PGA	CMN	2018-04-04 15:35:00	2018-04-04 15:47:00	2018-04-04 16:06:00	LIS	2018-04-04 17:15:00	2018-04-04 17:18:00	2018-04-04 17:15:00	J	NI	2018-04-04 16:22:09	2.0	89.0	0	20.0	20.0	13.0	6.21		M	M	M									15.0	310.0	9.0	6.21		SCT	M	M	2800.0							
468045	2018-04-04 00:00:00	1866.0	CSTTG	319	AIRBUS A319-111	NB	PDL	2018-04-04 15:35:00	2018-04-04 16:04:00	2018-04-04 16:10:00	OPO	2018-04-04 18:10:00	2018-04-04 18:13:00	2018-04-04 17:50:00	J	TP	2018-04-09 08:37:59	9.0	85.0	C	16.0	200.0	15.0	6.21		FEW	SCT	BKN	700.0	1000.0	1500.0						14.0	240.0	7.0	5.59		FEW	FEW	M	2000.0	2400.0						
468046	2018-04-04 00:00:00	346.0	CSTPT	E90	EMBRAER 190	PGA	LIS	2018-04-04 15:40:00	2018-04-04 15:47:00	2018-04-04 16:04:00	LCY	2018-04-04 18:42:00	2018-04-04 18:45:00	2018-04-04 18:20:00	J	NI	2018-04-04 16:05:59	4.0	81.0	0	16.0	270.0	10.0	6.21		SCT	SCT	M	2500.0	4400.0							11.0	230.0	14.0	6.21		SCT	M	M	1700.0							
468047	2018-04-04 00:00:00	438.0	CSTTQ	319	AIRBUS A319-111	NB	LIS	2018-04-04 15:40:00	2018-04-04 16:55:00	2018-04-04 17:14:00	ORY	2018-04-04 19:12:00	2018-04-04 19:17:00	2018-04-04 18:05:00	J	TP	2018-04-04 17:19:59	75.0	95.0	A	16.0	300.0	8.0	6.21		SCT	M	M	2800.0								11.0	210.0	10.0	6.21		FEW	BKN	M	2100.0	4200.0						
468048	2018-04-04 00:00:00	1037.0	CSTTF	319	AIRBUS A319-111	NB	BCN	2018-04-04 15:40:00	2018-04-04 15:41:00	2018-04-04 15:55:00	LIS	2018-04-04 17:29:00	2018-04-04 17:34:00	2018-04-04 17:35:00	J	TP	2018-04-04 16:02:21	1.0	93.0	R	22.0	280.0	19.0	6.21		FEW	M	M	2500.0								15.0	310.0	9.0	6.21		SCT	M	M	2800.0							
468049	2018-04-04 00:00:00	1525.0	CSTNG	320	AIRBUS A320-211	NB	LIS	2018-04-04 15:40:00	2018-04-04 15:40:00	2018-04-04 15:54:00	LFW	2018-04-04 21:08:00	2018-04-04 21:13:00	2018-04-04 21:20:00	J	TP					16.0	280.0	8.0	6.21		SCT	SCT	M	2600.0	4000.0							29.0	210.0	8.0	6.21		FEW	M	M	1300.0							
468050	2018-04-04 00:00:00	22.0	CSTOF	332	AIRBUS A330-200	WB	LIS	2018-04-04 15:45:00	2018-04-04 16:47:00	2018-04-04 17:03:00	SSA	2018-04-05 01:01:00	2018-04-05 01:09:00	2018-04-05 00:20:00	J	TP	2018-04-04 17:16:59	62.0	95.0	B	16.0	300.0	8.0	6.21		SCT	M	M	2800.0								27.0	70.0	11.0	6.21		FEW	M	M	2000.0							
468051	2018-04-04 00:00:00	523.0	CSTPS	E90	EMBRAER 190	PGA	STR	2018-04-04 15:55:00	2018-04-04 16:25:00	2018-04-04 16:43:00	LIS	2018-04-04 19:31:00	2018-04-04 19:35:00	2018-04-04 19:05:00	J	NI	2018-04-09 08:24:59	2.0	63.0	D	12.0	200.0	9.0	6.21		FEW	FEW	BKN	3200.0	4200.0	4700.0						13.0	290.0	4.0	6.21		FEW	M	M	1800.0							
468052	2018-04-04 00:00:00	921.0	CSTPQ	E90	EMBRAER 190	PGA	ZRH	2018-04-04 16:00:00	2018-04-04 16:04:00	2018-04-04 16:17:00	OPO	2018-04-04 18:36:00	2018-04-04 18:40:00	2018-04-04 18:35:00	J	NI	2018-04-04 16:19:18	4.0	93.0	R	8.0	170.0	8.0	6.21		FEW	BKN	M	1200.0	4000.0							14.0	250.0	5.0	6.21		FEW	FEW	M	2000.0	2500.0						
468053	2018-04-04 00:00:00	927.0	CSTJF	321	AIRBUS A321-211	NB	ZRH	2018-04-04 16:00:00	2018-04-04 16:35:00	2018-04-04 16:50:00	LIS	2018-04-04 19:29:00	2018-04-04 19:33:00	2018-04-04 18:50:00	J	TP	2018-04-05 03:03:59	12.0	99.0	0	8.0	160.0	6.0	5.59		FEW	SCT	BKN	1000.0	3800.0	4500.0						13.0	290.0	4.0	6.21		FEW	M	M	1800.0							
468054	2018-04-04 00:00:00	1962.0	CSDJB	AT7	ATR 72	WI	LIS	2018-04-04 16:00:00	2018-04-04 16:39:00	2018-04-04 16:58:00	OPO	2018-04-04 17:41:00	2018-04-04 17:46:00	2018-04-04 17:00:00	J	WI	2018-04-04 16:57:59	4.0	89.0	0	16.0	280.0	9.0	6.21		SCT	M	M	2600.0								14.0	240.0	7.0	5.59		FEW	FEW	M	2000.0	2400.0						
468055	2018-04-04 00:00:00	11.0	CSTOM	332	AIRBUS A330-200	WB	LIS	2018-04-04 16:05:00	2018-04-04 22:50:00	2018-04-04 23:00:00	REC	2018-04-05 06:23:00	2018-04-05 06:29:00	2018-04-04 23:45:00	J	TP	2018-04-04 23:16:59	11.0	34.0	B	10.0	0.0	0.0	6.21		M	M	M									26.0	250.0	2.0	6.21		SCT	M	M	2000.0							
468056	2018-04-04 00:00:00	209.0	CSTOP	332	AIRBUS A330-200	WB	LIS	2018-04-04 16:10:00	2018-04-04 16:26:00	2018-04-04 16:46:00	JFK	2018-04-05 00:27:00	2018-04-05 00:32:00	2018-04-05 00:00:00	J	TP	2018-04-04 16:53:59	16.0	89.0	0	16.0	280.0	9.0	6.21		SCT	M	M	2600.0											10.0	27.0	CLR	M	M								
468057	2018-04-04 00:00:00	477.0	CSTPW	E90	EMBRAER 190	PGA	LYS	2018-04-04 16:15:00	2018-04-04 16:27:00	2018-04-04 16:35:00	LIS	2018-04-04 18:44:00	2018-04-04 18:50:00	2018-04-04 18:45:00	J	NI	2018-04-04 16:49:21	6.0	39.0	0	15.0	170.0	14.0	6.21		FEW	SCT	BKN	3300.0	7300.0	12000.0						14.0	300.0	5.0	6.21		FEW	M	M	2000.0							
468058	2018-04-04 00:00:00	487.0	CSTTZ	E95	EMBRAER 195	PGA	NCE	2018-04-04 16:15:00	2018-04-04 16:52:00	2018-04-04 17:05:00	LIS	2018-04-04 19:23:00	2018-04-04 19:27:00	2018-04-04 18:50:00	J	NI	2018-04-04 17:13:24	4.0	89.0	A	14.0	50.0	6.0	6.21		BKN	M	M	1600.0								13.0	290.0	4.0	6.21		FEW	M	M	1800.0							
468059	2018-04-04 00:00:00	947.0	CSTMW	320	AIRBUS A320-211	NB	GVA	2018-04-04 16:20:00	2018-04-04 16:49:00	2018-04-04 17:03:00	LIS	2018-04-04 19:18:00	2018-04-04 19:22:00	2018-04-04 18:55:00	J	TP	2018-04-04 17:11:30	17.0	15.0	D	10.0	20.0	3.0	6.21		FEW	BKN	M	2000.0	4000.0							13.0	290.0	4.0	6.21		FEW	M	M	1800.0							
468060	2018-04-04 00:00:00	1689.0	CSTTB	319	AIRBUS A319-111	NB	LIS	2018-04-04 16:30:00	2018-04-04 16:55:00	2018-04-04 17:11:00	FNC	2018-04-04 18:40:00	2018-04-04 18:43:00	2018-04-04 18:15:00	J	TP	2018-04-04 17:20:59	25.0	15.0	A	16.0	300.0	8.0	6.21		SCT	M	M	2800.0								17.0	40.0	7.0	6.21		FEW	SCT	M	1800.0	3000.0						
468061	2018-04-04 00:00:00	1953.0	CSDJC	AT7	ATR 72	WI	OPO	2018-04-04 16:30:00	2018-04-04 16:58:00	2018-04-04 17:06:00	LIS	2018-04-04 17:51:00	2018-04-04 17:54:00	2018-04-04 17:30:00	J	WI	2018-04-04 17:13:24	4.0	89.0	0	14.0	240.0	8.0	6.21		FEW	FEW	M	2000.0	2800.0							15.0	290.0	6.0	6.21		FEW	M	M	2600.0							
468062	2018-04-04 00:00:00	1112.0	CSDJF	AT7	ATR 72	WI	LIS	2018-04-04 16:40:00	2018-04-04 17:09:00	2018-04-04 17:23:00	OVD	2018-04-04 18:57:00	2018-04-04 19:01:00	2018-04-04 18:30:00	J	WI	2018-04-04 17:23:59	9.0	89.0	0	16.0	300.0	8.0	6.21		SCT	M	M	2800.0								11.0	290.0	12.0	6.21		FEW	BKN	M	1800.0	5200.0						
468063	2018-04-04 00:00:00	493.0	CSTPP	E90	EMBRAER 190	PGA	TLS	2018-04-04 16:45:00	2018-04-04 16:43:00	2018-04-04 16:54:00	LIS	2018-04-04 18:34:00	2018-04-04 18:40:00	2018-04-04 18:45:00	J	NI					19.0	310.0	22.0	6.21		FEW	M	M	1800.0								14.0	310.0	7.0	6.21		FEW	M	M	2400.0							
468064	2018-04-04 00:00:00	589.0	CSTTW	E95	EMBRAER 195	PGA	CGN	2018-04-04 16:50:00	2018-04-04 18:04:00	2018-04-04 18:12:00	LIS	2018-04-04 20:53:00	2018-04-04 20:56:00	2018-04-04 20:00:00	J	NI	2018-04-09 08:27:59	56.0	41.0	B	13.0	190.0	9.0	6.21		FEW	M	M	3500.0								12.0	310.0	3.0	6.21		M	M	M								
468065	2018-04-04 00:00:00	816.0	CSTTC	319	AIRBUS A319-111	NB	OPO	2018-04-04 16:55:00	2018-04-04 17:45:00	2018-04-04 17:53:00	MXP	2018-04-04 19:52:00	2018-04-04 20:01:00	2018-04-04 19:30:00	J	TP	2018-04-04 18:00:31	46.0	64.0	0	14.0	260.0	6.0	6.21		FEW	FEW	M	2200.0	2600.0							8.0	20.0	6.0	4.97		BKN	OVC	M	900.0	1700.0						
468066	2018-04-04 00:00:00	1904.0	CSTQD	320	AIRBUS A320-211	NB	FAO	2018-04-04 16:55:00	2018-04-04 18:43:00	2018-04-04 18:51:00	LIS	2018-04-04 19:21:00	2018-04-04 19:27:00	2018-04-04 17:40:00	J	TP	2018-04-09 08:38:59	108.0	93.0	0	16.0	260.0	14.0	6.21		M	M	M									13.0	290.0	4.0	6.21		FEW	M	M	1800.0							
468067	2018-04-04 00:00:00	321.0	CSTTY	E95	EMBRAER 195	PGA	MAN	2018-04-04 17:00:00	2018-04-04 22:02:00	2018-04-04 22:12:00	LIS	2018-04-05 00:36:00	2018-04-05 00:40:00	2018-04-04 19:45:00	J	NI	2018-04-04 22:20:41	15.0	32.0	A	4.0	330.0	9.0	6.21		BKN	BKN	OVC	1200.0	1700.0	2500.0						10.0	280.0	1.0	6.21		M	M	M								
468068	2018-04-04 00:00:00	431.0	FHBAL	319	AIRBUS A319-111	NB	ORY	2018-04-04 17:00:00	2018-04-04 17:09:00	2018-04-04 17:23:00	LIS	2018-04-04 19:36:00	2018-04-04 19:41:00	2018-04-04 19:30:00	J	TP	2018-04-04 17:38:18	9.0	93.0	0	11.0	220.0	10.0	6.21		FEW	BKN	M	1700.0	4000.0							13.0	290.0	4.0	6.21		FEW	M	M	1800.0							
468069	2018-04-04 00:00:00	566.0	CSTTP	319	AIRBUS A319-111	NB	LIS	2018-04-04 17:00:00	2018-04-04 17:02:00	2018-04-04 17:18:00	HAM	2018-04-04 20:07:00	2018-04-04 20:12:00	2018-04-04 20:15:00	J	TP	2018-04-04 17:20:59	2.0	16.0	E	16.0	300.0	8.0	6.21		SCT	M	M	2800.0								11.0	160.0	5.0	6.21		SCT	BKN	M	2500.0	3800.0						
468070	2018-04-04 00:00:00	1964.0	CSDJE	AT7	ATR 72	WI	LIS	2018-04-04 17:00:00	2018-04-04 17:14:00	2018-04-04 17:28:00	OPO	2018-04-04 18:14:00	2018-04-04 18:17:00	2018-04-04 18:00:00	J	WI	2018-04-04 17:27:59	14.0	93.0	M	16.0	300.0	8.0	6.21		SCT	M	M	2800.0								14.0	250.0	5.0	6.21		FEW	FEW	M	2000.0	2500.0						
468071	2018-04-04 00:00:00	532.0	CSTNL	320	AIRBUS A320-211	NB	LIS	2018-04-04 17:05:00	2018-04-04 17:05:00	2018-04-04 17:20:00	TXL	2018-04-04 20:21:00	2018-04-04 20:26:00	2018-04-04 20:30:00	J	TP					16.0	300.0	8.0	6.21		SCT	M	M	2800.0								12.0	200.0	9.0	6.21	19.0	FEW	BKN	M	4000.0	7000.0						
468072	2018-04-04 00:00:00	338.0	CSTPV	E90	EMBRAER 190	PGA	OPO	2018-04-04 17:10:00	2018-04-04 17:21:00	2018-04-04 17:33:00	LGW	2018-04-04 19:23:00	2018-04-04 19:31:00	2018-04-04 19:25:00	J	NI	2018-04-04 17:36:27	11.0	82.0	0	14.0	260.0	6.0	6.21		FEW	FEW	M	2200.0	2600.0							9.0	230.0	9.0	6.21		SCT	BKN	M	1000.0	4700.0						
468073	2018-04-04 00:00:00	448.0	CSTTE	319	AIRBUS A319-111	NB	LIS	2018-04-04 17:10:00	2018-04-04 17:20:00	2018-04-04 17:35:00	ORY	2018-04-04 19:38:00	2018-04-04 19:42:00	2018-04-04 19:35:00	J	TP	2018-04-04 17:45:59	6.0	89.0	0	15.0	310.0	9.0	6.21		SCT	M	M	2800.0								11.0	210.0	10.0	6.21		FEW	BKN	M	2100.0	4200.0						
468074	2018-04-04 00:00:00	763.0	ECHDS	757	757		OSL	2018-04-04 17:10:00	2018-04-04 18:30:00	2018-04-04 18:43:00	LIS	2018-04-04 22:35:00	2018-04-04 22:41:00	2018-04-04 21:15:00	J	TP	2018-04-04 18:55:33	80.0	93.0	0	2.0	170.0	8.0	2.8		OVC	M	M	200.0								10.0		1.0	6.21		M	M	M								
468075	2018-04-04 00:00:00	572.0	CSTTA	319	AIRBUS A319-111	NB	LIS	2018-04-04 17:20:00	2018-04-04 17:26:00	2018-04-04 17:40:00	FRA	2018-04-04 20:17:00	2018-04-04 20:26:00	2018-04-04 20:20:00	J	TP	2018-04-04 17:43:59	6.0	89.0	0	15.0	310.0	9.0	6.21		SCT	M	M	2800.0								9.0	190.0	6.0	6.21		FEW	SCT	M	3300.0	25000.0						
468076	2018-04-04 00:00:00	752.0	CSTTN	319	AIRBUS A319-111	NB	LIS	2018-04-04 17:20:00	2018-04-04 17:28:00	2018-04-04 17:44:00	CPH	2018-04-04 20:50:00	2018-04-04 20:55:00	2018-04-04 20:50:00	J	TP	2018-04-04 17:48:59	8.0	89.0	0	15.0	310.0	9.0	6.21		SCT	M	M	2800.0								8.0	130.0	3.0	5.59		FEW	BKN	M	2000.0	5400.0						
468077	2018-04-04 00:00:00	1029.0	CSTNX	320	AIRBUS A320-211	NB	MAD	2018-04-04 17:20:00	2018-04-04 18:19:00	2018-04-04 18:34:00	LIS	2018-04-04 19:33:00	2018-04-04 19:39:00	2018-04-04 18:40:00	J	TP	2018-04-04 18:39:35	59.0	93.0	0	13.0	240.0	14.0	6.21		FEW	M	M	3500.0								13.0	290.0	4.0	6.21		FEW	M	M	1800.0							
468078	2018-04-04 00:00:00	259.0	CSTOV	333	AIRBUS A330-300	WB	LIS	2018-04-04 17:25:00	2018-04-04 17:29:00	2018-04-04 17:46:00	YYZ	2018-04-05 01:36:00	2018-04-05 02:06:00	2018-04-05 01:35:00	J	TP	2018-04-04 17:50:59	4.0	19.0	A	15.0	310.0	9.0	6.21		SCT	M	M	2800.0								-3.0	300.0	19.0	15.0		SCT	SCT	M	3200.0	5500.0						
468079	2018-04-04 00:00:00	1955.0	CSDJB	AT7	ATR 72	WI	OPO	2018-04-04 17:30:00	2018-04-04 18:21:00	2018-04-04 18:29:00	LIS	2018-04-04 19:16:00	2018-04-04 19:20:00	2018-04-04 18:30:00	J	WI	2018-04-04 18:35:32	5.0	89.0	0	14.0	250.0	5.0	6.21		FEW	FEW	M	2000.0	2500.0							13.0	290.0	4.0	6.21		FEW	M	M	1800.0							
468080	2018-04-04 00:00:00	579.0	CSTJG	321	AIRBUS A321-211	NB	FRA	2018-04-04 17:35:00	2018-04-04 18:44:00	2018-04-04 18:55:00	LIS	2018-04-04 21:46:00	2018-04-04 21:50:00	2018-04-04 20:45:00	J	TP	2018-04-05 03:05:59	12.0	99.0	0	11.0	200.0	9.0	6.21		FEW	BKN	M	3300.0	25000.0							12.0	260.0	2.0	6.21		M	M	M								
468081	2018-04-04 00:00:00	668.0	CSTNU	320	AIRBUS A320-211	NB	LIS	2018-04-04 17:35:00	2018-04-04 17:42:00	2018-04-04 17:55:00	AMS	2018-04-04 20:27:00	2018-04-04 20:36:00	2018-04-04 20:30:00	J	TP	2018-04-04 18:00:59	6.0	85.0	C	15.0	310.0	9.0	6.21		SCT	M	M	2800.0								9.0	210.0	9.0	6.21		FEW	SCT	M	2500.0	4600.0						
468082	2018-04-04 00:00:00	1305.0	CSTNT	320	AIRBUS A320-211	NB	PRG	2018-04-04 17:35:00	2018-04-04 17:36:00	2018-04-04 17:47:00	LIS	2018-04-04 21:11:00	2018-04-04 21:16:00	2018-04-04 21:05:00	J	TP	2018-04-04 17:50:33	1.0	93.0	A	16.0	100.0	5.0	6.21		M	M	M									12.0	300.0	3.0	6.21		M	M	M								
468083	2018-04-04 00:00:00	1686.0	CSTNI	320	AIRBUS A320-211	NB	FNC	2018-04-04 17:35:00	2018-04-04 17:26:00	2018-04-04 17:34:00	LIS	2018-04-04 18:50:00	2018-04-04 18:55:00	2018-04-04 19:10:00	J	TP					18.0	50.0	8.0	6.21		FEW	SCT	M	1800.0	3000.0							14.0	300.0	5.0	6.21		FEW	M	M	2000.0							
468084	2018-04-04 00:00:00	551.0	CSTNM	320	AIRBUS A320-211	NB	MUC	2018-04-04 17:40:00	2018-04-04 18:32:00	2018-04-04 18:45:00	LIS	2018-04-04 21:51:00	2018-04-04 21:55:00	2018-04-04 20:55:00	J	TP	2018-04-09 08:25:59	1.0	89.0	0	13.0	260.0	16.0	6.21		FEW	SCT	M	4100.0	25000.0							12.0	260.0	2.0	6.21		M	M	M								
468085	2018-04-04 00:00:00	661.0	CSTNH	320	AIRBUS A320-211	NB	AMS	2018-04-04 17:40:00	2018-04-04 17:45:00	2018-04-04 17:59:00	LIS	2018-04-04 20:34:00	2018-04-04 20:40:00	2018-04-04 20:45:00	J	TP	2018-04-05 03:06:59	5.0	93.0	N	9.0	200.0	7.0	6.21		M	M	M									13.0	310.0	3.0	6.21		M	M	M								
468086	2018-04-04 00:00:00	369.0	LYPGC	737	BOEING 737 ALL SERIES		LHR	2018-04-04 17:45:00	2018-04-04 18:11:00	2018-04-04 18:28:00	LIS	2018-04-04 20:45:00	2018-04-04 20:51:00	2018-04-04 20:25:00	J	TP	2018-04-04 18:39:36	12.0	16.0	0	10.0	230.0	13.0	6.21		BKN	M	M	4700.0								12.0	310.0	3.0	6.21		M	M	M								
468087	2018-04-04 00:00:00	1273.0	FHBIS	320	AIRBUS A320-211	NB	VIE	2018-04-04 17:45:00	2018-04-04 17:55:00	2018-04-04 18:06:00	LIS	2018-04-04 21:38:00	2018-04-04 21:42:00	2018-04-04 21:20:00	J	TP	2018-04-09 08:33:59	5.0	89.0	0	15.0	160.0	12.0	6.21		M	M	M									12.0	300.0	3.0	6.21		M	M	M								
468088	2018-04-04 00:00:00	1067.0	CSDJH	AT7	ATR 72	WI	BIO	2018-04-04 17:50:00	2018-04-04 18:20:00	2018-04-04 18:41:00	LIS	2018-04-04 20:23:00	2018-04-04 20:26:00	2018-04-04 20:00:00	J	WI	2018-04-04 18:43:28	30.0	93.0	0	13.0	320.0	9.0	6.21		SCT	BKN	BKN	2000.0	2700.0	4700.0						13.0	310.0	3.0	6.21		M	M	M								
468089	2018-04-04 00:00:00	457.0	CSTTD	319	AIRBUS A319-111	NB	ORY	2018-04-04 17:55:00	2018-04-04 18:00:00	2018-04-04 18:09:00	OPO	2018-04-04 19:58:00	2018-04-04 20:05:00	2018-04-04 20:00:00	J	TP	2018-04-04 18:31:25	5.0	93.0	M	11.0	210.0	11.0	6.21		FEW	SCT	M	2000.0	3600.0							13.0	0.0	0.0	6.21		FEW	SCT	BKN	1400.0	3200.0	4000.0					
468090	2018-04-04 00:00:00	524.0	CSTPU	E90	EMBRAER 190	PGA	LIS	2018-04-04 18:00:00	2018-04-04 18:07:00	2018-04-04 18:22:00	STR	2018-04-04 20:51:00	2018-04-04 20:54:00	2018-04-04 20:50:00	J	NI	2018-04-04 18:23:59	7.0	89.0	0	15.0	290.0	6.0	6.21		FEW	M	M	2600.0								10.0	200.0	9.0	6.21		M	M	M								
468091	2018-04-04 00:00:00	928.0	CSTNP	320	AIRBUS A320-211	NB	LIS	2018-04-04 18:00:00	2018-04-04 18:33:00	2018-04-04 18:49:00	ZRH	2018-04-04 21:01:00	2018-04-04 21:06:00	2018-04-04 20:40:00	J	TP	2018-04-04 18:50:59	18.0	89.0	0	14.0	310.0	7.0	6.21		FEW	M	M	2400.0								9.0	230.0	15.0	6.21	28.0	FEW	BKN	M	2400.0	7000.0						
468092	2018-04-04 00:00:00	1018.0	CSTJE	321	AIRBUS A321-211	NB	LIS	2018-04-04 18:00:00	2018-04-04 18:04:00	2018-04-04 18:19:00	MAD	2018-04-04 19:12:00	2018-04-04 19:22:00	2018-04-04 19:20:00	J	TP	2018-04-04 18:19:59	4.0	16.0	E	15.0	290.0	6.0	6.21		FEW	M	M	2600.0								13.0	230.0	14.0	6.21		FEW	SCT	M	5000.0	8000.0						
468093	2018-04-04 00:00:00	1046.0	CSTPR	E90	EMBRAER 190	PGA	LIS	2018-04-04 18:00:00	2018-04-04 18:03:00	2018-04-04 18:25:00	BCN	2018-04-04 19:47:00	2018-04-04 19:52:00	2018-04-04 19:50:00	J	NI	2018-04-09 14:53:59	3.0	16.0	E	15.0	290.0	6.0	6.21		FEW	M	M	2600.0								16.0	240.0	4.0	6.21		M	M	M								
468094	2018-04-04 00:00:00	1966.0	CSDJC	AT7	ATR 72	WI	LIS	2018-04-04 18:00:00	2018-04-04 18:30:00	2018-04-04 18:46:00	OPO	2018-04-04 19:26:00	2018-04-04 19:32:00	2018-04-04 19:00:00	J	WI	2018-04-04 18:48:59	6.0	89.0	0	14.0	310.0	7.0	6.21		FEW	M	M	2400.0								13.0	270.0	4.0	5.59		FEW	FEW	BKN	1300.0	2300.0	4100.0					
468095	2018-04-04 00:00:00	358.0	CSTNW	320	AIRBUS A320-211	NB	LIS	2018-04-04 18:05:00	2018-04-04 18:27:00	2018-04-04 18:39:00	LHR	2018-04-04 20:58:00	2018-04-04 21:04:00	2018-04-04 20:45:00	J	TP	2018-04-04 18:54:59	12.0	84.0	0	14.0	310.0	7.0	6.21		FEW	M	M	2400.0								10.0	270.0	19.0	6.21		SCT	OVC	M	1800.0	3100.0						
468096	2018-04-04 00:00:00	1093.0	CSDJA	AT7	ATR 72	WI	VLC	2018-04-04 18:05:00	2018-04-04 18:50:00	2018-04-04 19:08:00	LIS	2018-04-04 21:03:00	2018-04-04 21:08:00	2018-04-04 20:20:00	J	WI	2018-04-04 19:10:27	45.0	93.0	0	19.0	240.0	10.0	6.21		FEW	M	M	3000.0								12.0	310.0	3.0	6.21		M	M	M								
468097	2018-04-04 00:00:00	861.0	CSTNY	320	AIRBUS A320-211	NB	VCE	2018-04-04 18:10:00	2018-04-04 18:10:00	2018-04-04 18:20:00	LIS	2018-04-04 21:25:00	2018-04-04 21:29:00	2018-04-04 21:20:00	J	TP					13.0	70.0	6.0	3.73		SCT	BKN	M	700.0	2000.0							12.0	300.0	3.0	6.21		M	M	M								
468098	2018-04-04 00:00:00	1045.0	CSTKR	763	BOEING 767-300/300ER		BCN	2018-04-04 18:10:00	2018-04-04 19:20:00	2018-04-04 19:33:00	LIS	2018-04-04 21:07:00	2018-04-04 21:11:00	2018-04-04 20:05:00	J	TP	2018-04-04 19:39:33	3.0	89.0	A	16.0	250.0	7.0	6.21		M	M	M									12.0	310.0	3.0	6.21		M	M	M								
468099	2018-04-04 00:00:00	829.0	CSTTU	319	AIRBUS A319-111	NB	MXP	2018-04-04 18:15:00	2018-04-04 18:54:00	2018-04-04 19:07:00	LIS	2018-04-04 21:33:00	2018-04-04 21:38:00	2018-04-04 21:10:00	J	TP	2018-04-04 19:26:31	39.0	93.0	R	8.0	360.0	8.0	4.97		BKN	OVC	M	1200.0	1800.0							12.0	300.0	3.0	6.21		M	M	M								
468100	2018-04-04 00:00:00	843.0	CSTNK	320	AIRBUS A320-211	NB	FCO	2018-04-04 18:15:00	2018-04-04 19:40:00	2018-04-04 20:01:00	LIS	2018-04-04 22:45:00	2018-04-04 22:50:00	2018-04-04 21:20:00	J	TP	2018-04-09 08:32:59	8.0	89.0	0	15.0	260.0	8.0	6.21		FEW	FEW	M	2000.0	4500.0							10.0	0.0	0.0	6.21		M	M	M								
468101	2018-04-04 00:00:00	552.0	CSTTO	319	AIRBUS A319-111	NB	LIS	2018-04-04 18:20:00	2018-04-04 18:16:00		LIS		2018-04-04 18:43:00	2018-04-04 21:20:00	J	TP	2018-04-04 19:26:59	50.0	41.0	A	14.0	310.0	7.0	6.21		FEW	M	M	2400.0								14.0	310.0	7.0	6.21		FEW	M	M	2400.0							
468102	2018-04-04 00:00:00	649.0	CSTJH	321	AIRBUS A321-211	NB	BRU	2018-04-04 18:25:00	2018-04-04 18:54:00	2018-04-04 19:03:00	LIS	2018-04-04 21:41:00	2018-04-04 21:46:00	2018-04-04 21:15:00	J	TP	2018-04-05 04:25:01	1.0	89.0	0	12.0	220.0	18.0	6.21		SCT	M	M	3000.0								12.0	260.0	2.0	6.21		M	M	M								
468103	2018-04-04 00:00:00	1677.0	CSTNR	320	AIRBUS A320-211	NB	LIS	2018-04-04 18:25:00	2018-04-04 18:30:00	2018-04-04 18:41:00	FNC	2018-04-04 20:10:00	2018-04-04 20:13:00	2018-04-04 20:10:00	J	TP	2018-04-04 18:45:59	5.0	89.0	0	14.0	310.0	7.0	6.21		FEW	M	M	2400.0								17.0	40.0	5.0	6.21		FEW	SCT	M	1800.0	3000.0						
468104	2018-04-04 00:00:00	82.0	CSTOC	343	AIRBUS A340-312	WB	GRU	2018-04-04 18:30:00	2018-04-04 18:30:00		GRU		2018-04-04 19:00:00	2018-04-05 04:20:00	J	TP	2018-04-09 08:21:59	117.0	41.0	B	26.0	120.0	4.0	6.21		BKN	M	M	4500.0								24.0	140.0	7.0	6.21		BKN	M	M	2500.0							
468105	2018-04-04 00:00:00	1957.0	CSDJE	AT7	ATR 72	WI	OPO	2018-04-04 18:30:00	2018-04-04 18:57:00	2018-04-04 19:05:00	LIS	2018-04-04 19:50:00	2018-04-04 19:55:00	2018-04-04 19:30:00	J	WI	2018-04-04 19:25:28	10.0	89.0	0	13.0	230.0	4.0	4.97		FEW	FEW	M	1500.0	2300.0							13.0		2.0	6.21		FEW	M	M	1500.0							
468106	2018-04-04 00:00:00	1034.0	CSTTS	319	AIRBUS A319-111	NB	OPO	2018-04-04 18:35:00	2018-04-04 18:47:00	2018-04-04 18:57:00	BCN	2018-04-04 20:16:00	2018-04-04 20:21:00	2018-04-04 20:20:00	J	TP	2018-04-04 19:01:25	12.0	81.0	0	13.0	230.0	4.0	4.97		FEW	FEW	M	1500.0	2300.0							17.0	270.0	10.0	6.21		M	M	M								
468107	2018-04-04 00:00:00	74.0	CSTOE	332	AIRBUS A330-200	WB	GIG	2018-04-04 18:40:00	2018-04-04 18:33:00	2018-04-04 18:49:00	LIS	2018-04-05 03:41:00	2018-04-05 03:48:00	2018-04-05 04:20:00	J	TP					28.0	220.0	8.0	6.21		SCT	BKN	M	2500.0	5000.0							8.0	340.0	2.0	4.97		FEW	M	M	600.0							
468108	2018-04-04 00:00:00	446.0	CSTTM	319	AIRBUS A319-111	NB	LIS	2018-04-04 18:40:00	2018-04-04 18:48:00	2018-04-04 18:56:00	ORY	2018-04-04 20:59:00	2018-04-04 21:05:00	2018-04-04 21:05:00	J	TP	2018-04-04 18:58:59	7.0	89.0	0	14.0	300.0	5.0	6.21		FEW	M	M	2000.0								10.0	230.0	11.0	6.21	24.0	SCT	FEW	BKN	1700.0	2600.0	6000.0					
468109	2018-04-04 00:00:00	838.0	CSTNJ	320	AIRBUS A320-211	NB	LIS	2018-04-04 18:45:00	2018-04-04 19:11:00	2018-04-04 19:25:00	FCO	2018-04-04 21:43:00	2018-04-04 21:46:00	2018-04-04 21:35:00	J	TP	2018-04-04 19:31:59	10.0	15.0	A	14.0	300.0	5.0	6.21		FEW	M	M	2000.0								14.0	120.0	9.0	6.21		FEW	SCT	M	2000.0	4500.0						
468110	2018-04-04 00:00:00	347.0	CSTPT	E90	EMBRAER 190	PGA	LCY	2018-04-04 18:50:00	2018-04-04 19:33:00	2018-04-04 19:42:00	LIS	2018-04-04 22:10:00	2018-04-04 22:13:00	2018-04-04 21:25:00	J	NI	2018-04-09 08:24:59	12.0	16.0	0	11.0	240.0	11.0	6.21		BKN	M	M	1700.0								12.0	260.0	2.0	6.21		M	M	M								
468111	2018-04-04 00:00:00	367.0	CSTTR	319	AIRBUS A319-111	NB	LHR	2018-04-04 18:50:00	2018-04-04 18:50:00	2018-04-04 19:04:00	LIS	2018-04-04 21:19:00	2018-04-04 21:23:00	2018-04-04 21:30:00	J	TP					10.0	230.0	10.0	6.21		NCD	M	M									12.0	300.0	3.0	6.21		M	M	M								
468112	2018-04-04 00:00:00	458.0	CSTTG	319	AIRBUS A319-111	NB	OPO	2018-04-04 18:50:00	2018-04-04 18:57:00	2018-04-04 19:06:00	ORY	2018-04-04 20:52:00	2018-04-04 20:56:00	2018-04-04 20:55:00	J	TP	2018-04-04 19:13:31	7.0	93.0	R	13.0	230.0	4.0	4.97		FEW	FEW	M	1500.0	2300.0							10.0	230.0	11.0	6.21	24.0	SCT	FEW	BKN	1700.0	2600.0	6000.0					
468113	2018-04-04 00:00:00	449.0	CSTTQ	319	AIRBUS A319-111	NB	ORY	2018-04-04 18:55:00	2018-04-04 20:12:00	2018-04-04 20:21:00	LIS	2018-04-04 22:26:00	2018-04-04 22:31:00	2018-04-04 21:20:00	J	TP	2018-04-04 21:06:34	10.0	85.0	0	10.0	220.0	10.0	6.21		FEW	BKN	BKN	1400.0	2000.0	4300.0						10.0		1.0	6.21		M	M	M								
468114	2018-04-04 00:00:00	642.0	CSTNN	320	AIRBUS A320-211	NB	LIS	2018-04-04 18:55:00	2018-04-04 18:59:00	2018-04-04 19:09:00	BRU	2018-04-04 21:28:00	2018-04-04 21:32:00	2018-04-04 21:35:00	J	TP	2018-04-04 19:10:59	4.0	89.0	0	14.0	300.0	5.0	6.21		FEW	M	M	2000.0								10.0	220.0	11.0	6.21		SCT	M	M	1800.0							
468115	2018-04-04 00:00:00	584.0	CSTTZ	E95	EMBRAER 195	PGA	LIS	2018-04-04 19:00:00	2018-04-04 20:14:00	2018-04-04 20:28:00	CGN	2018-04-04 22:55:00	2018-04-04 23:00:00	2018-04-04 21:50:00	J	NI	2018-04-04 20:32:59	7.0	19.0	B	13.0		2.0	6.21		FEW	M	M	1500.0								11.0	200.0	10.0	6.21		FEW	BKN	M	3000.0	4500.0						
468116	2018-04-04 00:00:00	1714.0	CSTTB	319	AIRBUS A319-111	NB	FNC	2018-04-04 19:00:00	2018-04-04 19:21:00	2018-04-04 19:28:00	OPO	2018-04-04 21:04:00	2018-04-04 21:09:00	2018-04-04 20:50:00	J	TP	2018-04-04 19:30:36	21.0	93.0	A	17.0	40.0	7.0	6.21		FEW	SCT	M	1800.0	3000.0							12.0	220.0	2.0	6.21		FEW	BKN	BKN	2200.0	4200.0	4800.0					
468117	2018-04-04 00:00:00	1970.0	CSDJB	AT7	ATR 72	WI	LIS	2018-04-04 19:00:00	2018-04-04 19:53:00	2018-04-04 20:01:00	OPO	2018-04-04 20:40:00	2018-04-04 20:45:00	2018-04-04 20:00:00	J	WI	2018-04-04 20:03:59	3.0	89.0	0	13.0		2.0	6.21		FEW	M	M	1500.0								12.0	230.0	2.0	6.21		FEW	BKN	M	1600.0	4100.0						
468118	2018-04-04 00:00:00	1060.0	CSDJD	AT7	ATR 72	WI	LIS	2018-04-04 19:05:00	2018-04-04 19:05:00	2018-04-04 19:14:00	BIO	2018-04-04 20:57:00	2018-04-04 21:03:00	2018-04-04 21:10:00	J	WI					14.0	300.0	5.0	6.21		FEW	M	M	2000.0								13.0	300.0	9.0	6.21		SCT	BKN	M	3400.0	4400.0						
468119	2018-04-04 00:00:00	1113.0	CSDJF	AT7	ATR 72	WI	OVD	2018-04-04 19:10:00	2018-04-04 19:32:00	2018-04-04 19:39:00	LIS	2018-04-04 21:15:00	2018-04-04 21:20:00	2018-04-04 20:55:00	J	WI	2018-04-04 19:40:34	22.0	93.0	Q	11.0	280.0	10.0	6.21		FEW	SCT	M	2200.0	5200.0							12.0	300.0	3.0	6.21		M	M	M								
468120	2018-04-04 00:00:00	1006.0	CSTPQ	E90	EMBRAER 190	PGA	OPO	2018-04-04 19:15:00	2018-04-04 19:22:00	2018-04-04 19:31:00	MAD	2018-04-04 20:23:00	2018-04-04 20:32:00	2018-04-04 20:25:00	J	NI	2018-04-04 19:33:27	2.0	89.0	0	13.0	270.0	4.0	5.59		FEW	FEW	BKN	1300.0	2300.0	4100.0						12.0	220.0	9.0	6.21		M	M	M								
468121	2018-04-04 00:00:00	362.0	CSTTI	319	AIRBUS A319-111	NB	LIS	2018-04-04 19:20:00	2018-04-04 19:17:00	2018-04-04 19:28:00	LHR	2018-04-04 21:42:00	2018-04-04 21:46:00	2018-04-04 21:55:00	J	TP					13.0	290.0	4.0	6.21		FEW	M	M	1800.0								8.0	280.0	15.0	6.21		BKN	OVC	M	2100.0	2800.0						
468122	2018-04-04 00:00:00	946.0	CSTNQ	320	AIRBUS A320-211	NB	LIS	2018-04-04 19:25:00	2018-04-04 19:31:00	2018-04-04 19:41:00	GVA	2018-04-04 21:37:00	2018-04-04 21:41:00	2018-04-04 21:45:00	J	TP	2018-04-04 19:42:59	6.0	19.0	A	13.0	290.0	4.0	6.21		FEW	M	M	1800.0								8.0	120.0	4.0	6.21		FEW	BKN	M	4500.0	8500.0						
468123	2018-04-04 00:00:00	1959.0	CSDJC	AT7	ATR 72	WI	OPO	2018-04-04 19:30:00	2018-04-04 20:03:00	2018-04-04 20:11:00	LIS	2018-04-04 21:00:00	2018-04-04 21:05:00	2018-04-04 20:30:00	J	WI	2018-04-04 20:14:42	1.0	89.0	0	13.0	0.0	0.0	6.21		FEW	SCT	BKN	1400.0	3200.0	4000.0						12.0	310.0	3.0	6.21		M	M	M								
468124	2018-04-04 00:00:00	1547.0	GPOWM	320	AIRBUS A320-211	NB	LIS	2018-04-04 19:45:00	2018-04-04 19:57:00	2018-04-04 20:10:00	SID	2018-04-04 23:56:00	2018-04-05 00:02:00	2018-04-04 23:55:00	J	TP	2018-04-04 19:59:59	12.0	16.0	0	13.0		2.0	6.21		FEW	M	M	1500.0								20.0	50.0	10.0	6.21		BKN	M	M	1400.0							
468125	2018-04-04 00:00:00	1485.0	CSTJG	321	AIRBUS A321-211	NB	LIS	2018-04-04 19:50:00	2018-04-04 22:45:00	2018-04-04 22:58:00	DSS	2018-04-05 02:41:00	2018-04-05 02:46:00	2018-04-04 23:50:00	J	TP	2018-04-04 23:09:59	10.0	34.0	B	10.0		1.0	6.21		M	M	M									19.0	340.0	11.0	4.97		NSC	M	M								
468126	2018-04-04 00:00:00	828.0	CSTTF	319	AIRBUS A319-111	NB	LIS	2018-04-04 19:55:00	2018-04-04 20:24:00	2018-04-04 20:34:00	MXP	2018-04-04 22:51:00	2018-04-04 22:56:00	2018-04-04 22:30:00	J	TP	2018-04-04 20:50:59	7.0	31.0	A	13.0	310.0	3.0	6.21		M	M	M									8.0	360.0	7.0	3.73		OVC	M	M	900.0							
468127	2018-04-04 00:00:00	58.0	CSTOW	333	AIRBUS A330-300	WB	BSB	2018-04-04 20:00:00	2018-04-04 20:05:00	2018-04-04 20:21:00	LIS	2018-04-05 05:06:00	2018-04-05 05:12:00	2018-04-05 05:00:00	J	TP	2018-04-04 20:44:41	5.0	93.0	R	22.0	0.0	0.0	6.21		FEW	SCT	M	3500.0	10000.0							8.0	0.0	0.0	6.21		FEW	M	M	400.0							
468128	2018-04-04 00:00:00	104.0	CSTOU	333	AIRBUS A330-300	WB	CNF	2018-04-04 20:00:00	2018-04-04 19:58:00	2018-04-04 20:14:00	LIS	2018-04-05 04:49:00	2018-04-05 04:54:00	2018-04-05 05:10:00	J	TP					23.0	10.0	11.0	6.21		SCT	FEW	M	4000.0	4500.0							8.0	0.0	0.0	6.21		FEW	M	M	400.0							
468129	2018-04-04 00:00:00	1533.0	CSTMW	320	AIRBUS A320-211	NB	LIS	2018-04-04 20:00:00	2018-04-04 20:42:00	2018-04-04 20:58:00	RAI	2018-04-05 01:05:00	2018-04-05 01:09:00	2018-04-05 00:15:00	J	TP	2018-04-04 21:03:59	7.0	89.0	0	13.0	310.0	3.0	6.21		M	M	M									21.0	20.0	13.0	6.21		FEW	M	M	1600.0							
468130	2018-04-04 00:00:00	494.0	CSTPS	E90	EMBRAER 190	PGA	LIS	2018-04-04 20:05:00	2018-04-04 20:10:00	2018-04-04 20:21:00	TLS	2018-04-04 21:48:00	2018-04-04 21:53:00	2018-04-04 21:55:00	J	NI	2018-04-04 20:22:59	5.0	93.0	R	13.0		2.0	6.21		FEW	M	M	1500.0								13.0	270.0	8.0	6.21		M	M	M								
468131	2018-04-04 00:00:00	1021.0	CSTJE	321	AIRBUS A321-211	NB	MAD	2018-04-04 20:05:00	2018-04-04 20:15:00	2018-04-04 20:25:00	LIS	2018-04-04 21:27:00	2018-04-04 21:32:00	2018-04-04 21:25:00	J	TP	2018-05-09 10:20:59	8.0	16.0	G	13.0	230.0	10.0	6.21		M	M	M									12.0	300.0	3.0	6.21		M	M	M								
468132	2018-04-04 00:00:00	337.0	CSTPV	E90	EMBRAER 190	PGA	LGW	2018-04-04 20:10:00	2018-04-04 20:16:00	2018-04-04 20:28:00	OPO	2018-04-04 22:18:00	2018-04-04 22:21:00	2018-04-04 22:30:00	J	NI	2018-04-04 20:32:34	6.0	93.0	0	9.0	220.0	9.0	6.21		SCT	BKN	M	1000.0	2800.0							12.0	200.0	4.0	6.21		FEW	SCT	M	1600.0	2000.0						
468133	2018-04-04 00:00:00	1090.0	CSDJE	AT7	ATR 72	WI	LIS	2018-04-04 20:10:00	2018-04-04 20:34:00	2018-04-04 20:46:00	VLC	2018-04-04 22:19:00	2018-04-04 22:25:00	2018-04-04 22:15:00	J	WI	2018-04-04 20:48:59	24.0	93.0	M	13.0	310.0	3.0	6.21		M	M	M									16.0	260.0	11.0	6.21		FEW	M	M	3000.0							
468134	2018-04-04 00:00:00	224.0	CSTOX	333	AIRBUS A330-300	WB	MIA	2018-04-04 20:15:00	2018-04-04 21:04:00	2018-04-04 21:18:00	LIS	2018-04-05 04:45:00	2018-04-05 04:50:00	2018-04-05 04:20:00	J	TP	2018-04-04 23:43:58	35.0	93.0	N		160.0	8.0	10.0		FEW	SCT	BKN	2500.0	7999.0	12000.0						8.0	0.0	0.0	6.21		FEW	M	M	400.0							
468135	2018-04-04 00:00:00	1968.0	CSTPP	E90	EMBRAER 190	PGA	LIS	2018-04-04 20:15:00	2018-04-04 20:19:00	2018-04-04 20:30:00	OPO	2018-04-04 21:01:00	2018-04-04 21:06:00	2018-04-04 21:10:00	J	NI	2018-04-04 20:32:59	4.0	94.0	0	13.0	310.0	3.0	6.21		M	M	M									12.0	220.0	2.0	6.21		FEW	BKN	BKN	2200.0	4200.0	4800.0					
468136	2018-04-04 00:00:00	817.0	CSTTC	319	AIRBUS A319-111	NB	MXP	2018-04-04 20:20:00	2018-04-04 20:36:00	2018-04-04 20:50:00	OPO	2018-04-04 22:59:00	2018-04-04 23:02:00	2018-04-04 23:05:00	J	TP	2018-04-04 21:40:45	16.0	93.0	R	8.0	340.0	6.0	4.35		OVC	M	M	900.0								10.0	190.0	3.0	5.59		SCT	BKN	M	1500.0	2000.0						
468137	2018-04-04 00:00:00	1048.0	CSTTK	319	AIRBUS A319-111	NB	LIS	2018-04-04 20:30:00	2018-04-04 20:39:00	2018-04-04 20:48:00	BCN	2018-04-04 22:14:00	2018-04-04 22:23:00	2018-04-04 22:20:00	J	TP	2018-04-04 20:50:59	9.0	95.0	A	13.0	310.0	3.0	6.21		M	M	M									16.0	240.0	5.0	6.21		M	M	M								
468138	2018-04-04 00:00:00	1971.0	CSDJB	AT7	ATR 72	WI	OPO	2018-04-04 20:30:00	2018-04-04 21:11:00	2018-04-04 21:17:00	LIS	2018-04-04 22:04:00	2018-04-04 22:12:00	2018-04-04 21:30:00	J	WI	2018-04-04 21:21:39	41.0	93.0	M	12.0	220.0	2.0	6.21		FEW	BKN	BKN	2200.0	4200.0	4800.0						12.0	260.0	2.0	6.21		M	M	M								
468139	2018-04-04 00:00:00	1022.0	CSTJF	321	AIRBUS A321-211	NB	LIS	2018-04-04 20:35:00	2018-04-04 21:00:00	2018-04-04 21:10:00	MAD	2018-04-04 22:04:00	2018-04-04 22:22:00	2018-04-04 21:50:00	J	TP	2018-04-04 21:16:59	10.0	15.0	D	12.0	310.0	3.0	6.21		M	M	M									11.0	220.0	8.0	6.21		M	M	M								
468140	2018-04-04 00:00:00	1047.0	CSTPR	E90	EMBRAER 190	PGA	BCN	2018-04-04 20:35:00	2018-04-04 20:30:00	2018-04-04 20:46:00	LIS	2018-04-04 22:22:00	2018-04-04 22:25:00	2018-04-04 22:30:00	J	NI					17.0	270.0	10.0	6.21		M	M	M									10.0		1.0	6.21		M	M	M								
468141	2018-04-04 00:00:00	1136.0	CSDJH	AT7	ATR 72	WI	LIS	2018-04-04 20:40:00	2018-04-04 21:18:00	2018-04-04 21:26:00	AGP	2018-04-04 22:36:00	2018-04-04 22:40:00	2018-04-04 22:10:00	J	WI	2018-04-04 21:27:59	8.0	19.0	B	12.0	300.0	3.0	6.21		M	M	M									13.0	290.0	8.0	6.21		M	M	M								
468142	2018-04-04 00:00:00	1691.0	CSTTJ	319	AIRBUS A319-111	NB	LIS	2018-04-04 20:50:00	2018-04-04 20:44:00	2018-04-04 20:56:00	FNC	2018-04-04 22:24:00	2018-04-04 22:28:00	2018-04-04 22:35:00	J	TP					13.0	310.0	3.0	6.21		M	M	M									16.0	320.0	4.0	6.21		FEW	SCT	M	1800.0	3000.0						
468143	2018-04-04 00:00:00	1713.0	CSTTD	319	AIRBUS A319-111	NB	OPO	2018-04-04 20:50:00	2018-04-04 21:25:00	2018-04-04 21:33:00	FNC	2018-04-04 23:14:00	2018-04-04 23:20:00	2018-04-04 22:50:00	J	TP	2018-04-04 21:37:40	35.0	95.0	B	12.0	220.0	3.0	6.21		SCT	BKN	BKN	2200.0	2500.0	4400.0						16.0	320.0	3.0	6.21		FEW	SCT	M	1800.0	3000.0						
468144	2018-04-04 00:00:00	1688.0	CSTNR	320	AIRBUS A320-211	NB	FNC	2018-04-04 20:55:00	2018-04-04 20:53:00	2018-04-04 21:02:00	LIS	2018-04-04 22:19:00	2018-04-04 22:24:00	2018-04-04 22:30:00	J	TP					16.0	350.0	4.0	6.21		FEW	SCT	M	1800.0	3000.0							10.0		1.0	6.21		M	M	M								
468145	2018-04-04 00:00:00	1009.0	CSTPQ	E90	EMBRAER 190	PGA	MAD	2018-04-04 21:05:00	2018-04-04 21:14:00	2018-04-04 21:32:00	OPO	2018-04-04 22:27:00	2018-04-04 22:31:00	2018-04-04 22:20:00	J	NI	2018-04-04 21:35:40	2.0	87.0	0	12.0	230.0	11.0	6.21		FEW	M	M	8000.0								12.0	200.0	4.0	6.21		FEW	SCT	M	1600.0	2000.0						
468146	2018-04-04 00:00:00	1031.0	CSTTS	319	AIRBUS A319-111	NB	BCN	2018-04-04 21:05:00	2018-04-04 21:05:00	2018-04-04 21:24:00	OPO	2018-04-04 22:53:00	2018-04-04 22:57:00	2018-04-04 22:55:00	J	TP	2018-04-04 21:34:38	1.0	89.0	0	17.0	270.0	11.0	6.21		M	M	M									10.0	190.0	3.0	5.59		SCT	BKN	M	1500.0	2000.0						
468147	2018-04-04 00:00:00	1104.0	CSDJA	AT7	ATR 72	WI	LIS	2018-04-04 21:05:00	2018-04-04 21:56:00	2018-04-04 22:06:00	SVQ	2018-04-04 22:51:00	2018-04-04 22:54:00	2018-04-04 22:15:00	J	WI	2018-04-04 22:18:59	7.0	19.0	A	12.0	260.0	2.0	6.21		M	M	M									12.0		2.0	6.21		M	M	M								
468148	2018-04-04 00:00:00	1432.0	CSDJC	AT7	ATR 72	WI	LIS	2018-04-04 21:10:00	2018-04-04 22:00:00	2018-04-04 22:13:00	TNG	2018-04-04 23:27:00	2018-04-04 23:32:00	2018-04-04 22:40:00	J	WI	2018-04-04 22:24:59	10.0	19.0	A	12.0	260.0	2.0	6.21		M	M	M									11.0	40.0	4.0	6.21		FEW	M	M	1600.0							
468149	2018-04-04 00:00:00	1823.0	CSTNX	320	AIRBUS A320-211	NB	LIS	2018-04-04 21:10:00	2018-04-04 21:05:00	2018-04-04 21:16:00	TER	2018-04-04 23:38:00	2018-04-04 23:44:00	2018-04-04 23:40:00	J	TP					12.0	310.0	3.0	6.21		M	M	M									13.0			6.21		FEW	M	M	2000.0							
468150	2018-04-04 00:00:00	1865.0	CSTQD	320	AIRBUS A320-211	NB	LIS	2018-04-04 21:30:00	2018-04-04 22:57:00	2018-04-04 23:06:00	PDL	2018-04-05 01:24:00	2018-04-05 01:27:00	2018-04-04 23:55:00	J	TP	2018-04-04 23:27:59	7.0	15.0	A	10.0	0.0	0.0	6.21		M	M	M									15.0	270.0	20.0	6.21		FEW	SCT	M	2000.0	3000.0						
468151	2018-04-04 00:00:00	1958.0	CSTNH	320	AIRBUS A320-211	NB	LIS	2018-04-04 21:30:00	2018-04-04 21:36:00	2018-04-04 21:45:00	OPO	2018-04-04 22:21:00	2018-04-04 22:25:00	2018-04-04 22:25:00	J	TP	2018-04-04 21:46:59	6.0	85.0	C	12.0	300.0	3.0	6.21		M	M	M									12.0	200.0	4.0	6.21		FEW	SCT	M	1600.0	2000.0						
468152	2018-04-04 00:00:00	202.0	CSTOG	332	AIRBUS A330-200	WB	EWR	2018-04-04 21:45:00	2018-04-05 00:19:00	2018-04-05 01:15:00	LIS	2018-04-05 07:27:00	2018-04-05 07:32:00	2018-04-05 04:35:00	J	TP	2018-04-09 12:05:59	154.0	41.0	B				10.0		CLR	M	M									9.0	110.0	3.0	0.19		FEW	BKN	M	0.0	100.0						
468153	2018-04-04 00:00:00	1909.0	CSTNY	320	AIRBUS A320-211	NB	LIS	2018-04-04 22:05:00	2018-04-04 22:08:00	2018-04-04 22:17:00	FAO	2018-04-04 22:45:00	2018-04-04 22:48:00	2018-04-04 22:50:00	J	TP	2018-04-04 22:19:59	3.0	93.0	Q	12.0	260.0	2.0	6.21		M	M	M									14.0	360.0	6.0	6.21		M	M	M								
468154	2018-04-04 00:00:00	1232.0	CSTNM	320	AIRBUS A320-211	NB	LIS	2018-04-04 22:10:00	2018-04-04 23:06:00	2018-04-04 23:17:00	DME	2018-04-05 03:33:00	2018-04-05 03:39:00	2018-04-05 03:25:00	J	TP	2018-04-04 23:31:59	26.0	65.0	0	10.0	0.0	0.0	6.21		M	M	M									-4.0	130.0	5.83	6.21		M	M	M								
468155	2018-04-04 00:00:00	1525.0	CSTNG	320	AIRBUS A320-211	NB	LFW	2018-04-04 22:10:00	2018-04-04 21:46:00	2018-04-04 21:56:00	ACC	2018-04-04 22:18:00	2018-04-04 22:26:00	2018-04-04 22:55:00	J	TP					29.0	210.0	8.0	6.21		FEW	M	M	1300.0								29.0	220.0	8.0	6.21		FEW	M	M	1700.0							
468156	2018-04-04 00:00:00	1693.0	CSTTU	319	AIRBUS A319-111	NB	LIS	2018-04-04 22:10:00	2018-04-04 22:26:00	2018-04-04 22:36:00	FNC	2018-04-05 00:08:00	2018-04-05 00:13:00	2018-04-04 23:55:00	J	TP	2018-04-04 22:37:59	3.0	89.0	0	10.0		1.0	6.21		M	M	M									16.0	330.0	5.0	6.21		FEW	SCT	M	1800.0	3000.0						
468157	2018-04-04 00:00:00	1928.0	FHBAL	319	AIRBUS A319-111	NB	LIS	2018-04-04 22:15:00	2018-04-04 22:32:00	2018-04-04 22:44:00	OPO	2018-04-04 23:10:00	2018-04-04 23:14:00	2018-04-04 23:10:00	J	TP	2018-04-04 22:48:59	17.0	91.0	0	10.0		1.0	6.21		M	M	M									10.0	190.0	3.0	5.59		SCT	BKN	M	1500.0	2000.0						
468158	2018-04-04 00:00:00	87.0	CSTFM	772	BOEING 777-200		LIS	2018-04-04 22:20:00	2018-04-04 23:04:00	2018-04-04 23:22:00	GRU	2018-04-05 08:45:00	2018-04-05 08:54:00	2018-04-05 08:20:00	J	TP	2018-04-04 23:28:59	44.0	63.0	A	10.0	0.0	0.0	6.21		M	M	M									20.0	50.0	5.0	6.21		BKN	M	M	1100.0							
468159	2018-04-04 00:00:00	75.0	CSTOI	332	AIRBUS A330-200	WB	LIS	2018-04-04 22:25:00	2018-04-04 22:46:00	2018-04-04 22:56:00	GIG	2018-04-05 08:22:00	2018-04-05 08:26:00	2018-04-05 08:20:00	J	TP	2018-04-04 23:11:59	21.0	15.0	A	10.0	0.0	0.0	6.21		M	M	M									23.0	140.0	2.0	6.21		FEW	SCT	BKN	900.0	1500.0	10000.0					
468160	2018-04-04 00:00:00	792.0	CSTNT	320	AIRBUS A320-211	NB	LIS	2018-04-04 22:25:00	2018-04-04 22:27:00	2018-04-04 22:39:00	HEL	2018-04-05 02:51:00	2018-04-05 02:59:00	2018-04-05 03:00:00	J	TP	2018-04-04 22:40:59	2.0	89.0	0	10.0		1.0	6.21		M	M	M									3.0	210.0	5.0	0.16		VV 	M	M	200.0							
468161	2018-04-04 00:00:00	289.0	CSTON	332	AIRBUS A330-200	WB	LIS	2018-04-04 22:35:00	2018-04-04 22:53:00	2018-04-04 23:04:00	LAD	2018-04-05 06:04:00	2018-04-05 06:11:00	2018-04-05 06:05:00	J	TP	2018-04-04 23:16:59	18.0	15.0	A	10.0	0.0	0.0	6.21		M	M	M									26.0		3.0	4.35		FEW	SCT	FEW	1800.0	2100.0	2400.0					
468162	2018-04-04 00:00:00	218.0	CSTOQ	332	AIRBUS A330-200	WB	BOS	2018-04-04 22:40:00	2018-04-04 22:43:00	2018-04-04 22:58:00	LIS	2018-04-05 04:43:00	2018-04-05 04:48:00	2018-04-05 05:05:00	J	TP	2018-04-04 23:11:44	3.0	89.0	0		290.0	14.0	10.0		FEW	BKN	OVC	2500.0	5000.0	7000.0						8.0	0.0	0.0	6.21		FEW	M	M	400.0							
468163	2018-04-04 00:00:00	2394.0	CSTKR	763	BOEING 767-300/300ER		LIS	2018-04-04 22:50:00	2018-04-04 23:03:00	2018-04-04 23:12:00	OTP	2018-04-05 02:47:00	2018-04-05 02:52:00	2018-04-05 02:50:00	J	TP	2018-04-04 23:23:59	13.0	15.0	A	10.0	0.0	0.0	6.21		M	M	M									9.0		1.0	5.59		NSC	M	M								
468164	2018-04-04 00:00:00	80.0	CSTOO	332	AIRBUS A330-200	WB	GRU	2018-04-04 23:50:00	2018-04-04 23:47:00	2018-04-05 00:00:00	OPO	2018-04-05 09:30:00	2018-04-05 09:36:00	2018-04-05 09:50:00	J	TP					21.0	150.0	3.0	6.21		BKN	M	M	1700.0								13.0	160.0	11.0	6.21		M	M	M								
468165	2018-04-04 00:00:00	1525.0	CSTNG	320	AIRBUS A320-211	NB	ACC	2018-04-04 23:55:00	2018-04-04 23:42:00	2018-04-04 23:57:00	LIS	2018-04-05 05:13:00	2018-04-05 05:20:00	2018-04-05 05:20:00	J	TP					29.0	200.0	8.0	6.21		SCT	M	M	1800.0								8.0		2.0	2.17		SCT	M	M	100.0							
468166	2018-04-05 00:00:00	88.0	CSTOH	332	AIRBUS A330-200	WB	GRU	2018-04-05 00:40:00	2018-04-05 00:34:00	2018-04-05 00:47:00	LIS	2018-04-05 10:12:00	2018-04-05 10:15:00	2018-04-05 10:30:00	J	TP					21.0	120.0	4.0	6.21		BKN	M	M	1900.0								13.0		3.0	6.21		FEW	M	M	600.0							
468167	2018-04-05 00:00:00	70.0	CSTOK	332	AIRBUS A330-200	WB	GIG	2018-04-05 00:45:00	2018-04-05 00:48:00	2018-04-05 01:08:00	LIS	2018-04-05 10:15:00	2018-04-05 10:25:00	2018-04-05 10:25:00	J	TP	2018-04-05 01:20:00	3.0	89.0	0	25.0	350.0	5.0	6.21		FEW	BKN	M	2100.0	5000.0							14.0	90.0	4.0	6.21		FEW	M	M	1500.0							
468168	2018-04-05 00:00:00	1484.0	CSTJG	321	AIRBUS A321-211	NB	DSS	2018-04-05 00:50:00	2018-04-05 04:10:00	2018-04-05 04:22:00	LIS	2018-04-05 08:34:00	2018-04-05 08:40:00	2018-04-05 04:45:00	J	TP	2018-04-06 07:46:59	22.0	87.0	E	19.0	340.0	14.0	4.97		NSC	M	M									9.0	60.0	3.0	0.31		SCT	BKN	M	0.0	200.0						
468169	2018-04-05 00:00:00	1538.0	GPOWM	320	AIRBUS A320-211	NB	SID	2018-04-05 00:55:00	2018-04-05 01:02:00	2018-04-05 01:10:00	LIS	2018-04-05 04:30:00	2018-04-05 04:33:00	2018-04-05 04:35:00	J	TP	2018-04-05 01:13:09	7.0	93.0	0	20.0	50.0	10.0	6.21		BKN	M	M	1400.0								9.0		1.0	4.97		FEW	M	M	1000.0							
468170	2018-04-05 00:00:00	1532.0	CSTMW	320	AIRBUS A320-211	NB	RAI	2018-04-05 01:05:00	2018-04-05 01:59:00	2018-04-05 02:09:00	LIS	2018-04-05 05:54:00	2018-04-05 06:00:00	2018-04-05 05:05:00	J	TP	2018-04-09 11:30:59	12.0	93.0	Q	20.0	30.0	10.0	6.21		FEW	M	M	1600.0								9.0		2.0	0.31		BKN	M	M	100.0							
468171	2018-04-05 00:00:00	12.0	CSTOM	332	AIRBUS A330-200	WB	REC	2018-04-05 02:10:00	2018-04-05 08:12:00	2018-04-05 08:20:00	LIS	2018-04-05 15:14:00	2018-04-05 15:19:00	2018-04-05 09:35:00	J	TP	2018-04-05 08:43:18	12.0	3.0	A	25.0	250.0	2.0	6.21		SCT	M	M	1800.0								19.0	220.0	9.0	6.21		FEW	M	M	3000.0							
468172	2018-04-05 00:00:00	21.0	CSTOF	332	AIRBUS A330-200	WB	SSA	2018-04-05 02:20:00	2018-04-05 02:32:00	2018-04-05 02:44:00	LIS	2018-04-05 10:24:00	2018-04-05 10:55:00	2018-04-05 10:25:00	J	TP	2018-04-05 02:54:08	12.0	93.0	R	27.0	70.0	11.0	6.21		FEW	M	M	1800.0								15.0	100.0	5.0	6.21		FEW	M	M	200.0							
468173	2018-04-05 00:00:00	208.0	CSTOP	332	AIRBUS A330-200	WB	JFK	2018-04-05 03:25:00	2018-04-05 03:18:00	2018-04-05 03:43:00	LIS	2018-04-05 10:01:00	2018-04-05 10:13:00	2018-04-05 10:15:00	J	TP						280.0	15.0	10.0		CLR	M	M									13.0		3.0	6.21		FEW	M	M	600.0							
468174	2018-04-05 00:00:00	1325.0	CSTKR	763	BOEING 767-300/300ER		OTP	2018-04-05 03:35:00	2018-04-05 04:10:00	2018-04-05 04:30:00	LIS	2018-04-05 09:27:00	2018-04-05 09:33:00	2018-04-05 08:10:00	J	TP	2018-04-05 05:57:03	3.0	84.0	0	9.0	250.0	3.0	6.21		M	M	M									11.0		2.0	4.97		FEW	M	M	0.0							
468175	2018-04-05 00:00:00	262.0	CSTOV	333	AIRBUS A330-300	WB	YYZ	2018-04-05 03:55:00	2018-04-05 04:03:00	2018-04-05 04:16:00	LIS	2018-04-05 10:40:00	2018-04-05 10:44:00	2018-04-05 10:50:00	J	TP	2018-04-05 04:25:02	8.0	89.0	0	-4.0	310.0	14.0	15.0		FEW	FEW	M	2500.0	8000.0							14.0	90.0	4.0	6.21		FEW	M	M	1500.0							
468176	2018-04-05 00:00:00	527.0	CSTPU	E90	EMBRAER 190	PGA	STR	2018-04-05 04:00:00	2018-04-05 04:10:00	2018-04-05 04:23:00	LIS	2018-04-05 07:22:00	2018-04-05 07:29:00	2018-04-05 07:10:00	J	NI	2018-04-05 04:26:03	10.0	81.0	0	9.0		1.0	6.21		SCT	BKN	M	3300.0	5500.0							9.0	110.0	3.0	0.19		FEW	BKN	M	0.0	100.0						
468177	2018-04-05 00:00:00	531.0	CSTNL	320	AIRBUS A320-211	NB	TXL	2018-04-05 04:00:00	2018-04-05 04:12:00	2018-04-05 04:22:00	LIS	2018-04-05 08:16:00	2018-04-05 08:19:00	2018-04-05 07:40:00	J	TP	2018-04-05 04:40:06	12.0	84.0	0	8.0	190.0	7.0	6.21		M	M	M									9.0	60.0	3.0	0.31		SCT	BKN	M	0.0	200.0						
468178	2018-04-05 00:00:00	567.0	CSTTP	319	AIRBUS A319-111	NB	HAM	2018-04-05 04:00:00	2018-04-05 04:33:00	2018-04-05 04:41:00	LIS	2018-04-05 08:21:00	2018-04-05 08:25:00	2018-04-05 07:30:00	J	TP	2018-04-06 08:09:59	33.0	84.0	0	9.0	240.0	11.0	4.97		BKN	M	M	1400.0								9.0	60.0	3.0	0.31		SCT	BKN	M	0.0	200.0						
468179	2018-04-05 00:00:00	753.0	CSTTN	319	AIRBUS A319-111	NB	CPH	2018-04-05 04:00:00	2018-04-05 04:22:00	2018-04-05 04:32:00	LIS	2018-04-05 08:30:00	2018-04-05 08:35:00	2018-04-05 07:45:00	J	TP	2018-04-05 08:38:59	22.0	81.0	0	6.0	220.0	7.0	2.17		FEW	OVC	M	400.0	800.0							9.0	60.0	3.0	0.31		SCT	BKN	M	0.0	200.0						
468180	2018-04-05 00:00:00	791.0	CSTNT	320	AIRBUS A320-211	NB	HEL	2018-04-05 04:00:00	2018-04-05 04:10:00	2018-04-05 04:20:00	LIS	2018-04-05 09:35:00	2018-04-05 09:39:00	2018-04-05 08:55:00	J	TP	2018-04-05 04:28:04	10.0	82.0	0	3.0		2.0	0.16		VV 	M	M	100.0								11.0		2.0	4.97		FEW	M	M	0.0							
468181	2018-04-05 00:00:00	553.0	CSTTO	319	AIRBUS A319-111	NB	MUC	2018-04-05 04:05:00	2018-04-05 04:12:00	2018-04-05 04:23:00	LIS	2018-04-05 07:31:00	2018-04-05 07:37:00	2018-04-05 07:20:00	J	TP	2018-04-05 04:25:01	7.0	84.0	0	6.0	240.0	9.0	6.21		M	M	M									9.0	110.0	3.0	0.19		FEW	BKN	M	0.0	100.0						
468182	2018-04-05 00:00:00	821.0	CSTTF	319	AIRBUS A319-111	NB	MXP	2018-04-05 04:05:00	2018-04-05 03:59:00	2018-04-05 04:16:00	LIS	2018-04-05 06:53:00	2018-04-05 06:56:00	2018-04-05 07:00:00	J	TP					8.0	360.0	3.0	4.35		BKN	M	M	700.0								9.0	0.0	0.0	0.19		VV 	M	M	100.0							
468183	2018-04-05 00:00:00	949.0	CSTNQ	320	AIRBUS A320-211	NB	GVA	2018-04-05 04:10:00	2018-04-05 04:48:00	2018-04-05 05:02:00	LIS	2018-04-05 07:41:00	2018-04-05 07:43:00	2018-04-05 06:45:00	J	TP	2018-04-11 08:50:59	28.0	84.0	0	9.0	240.0	8.0	6.21		FEW	BKN	M	1500.0	4000.0							9.0	110.0	3.0	0.19		FEW	BKN	M	0.0	100.0						
468184	2018-04-05 00:00:00	499.0	CSTPS	E90	EMBRAER 190	PGA	TLS	2018-04-05 04:15:00	2018-04-05 04:26:00	2018-04-05 04:38:00	OPO	2018-04-05 07:08:00	2018-04-05 07:11:00	2018-04-05 06:15:00	J	NI	2018-04-06 07:38:59	11.0	84.0	0	8.0	240.0	6.0	6.21		M	M	M									9.0	120.0	7.0	6.21		M	M	M								
468185	2018-04-05 00:00:00	571.0	CSTTA	319	AIRBUS A319-111	NB	FRA	2018-04-05 04:15:00	2018-04-05 04:22:00	2018-04-05 04:33:00	LIS	2018-04-05 07:47:00	2018-04-05 07:50:00	2018-04-05 07:25:00	J	TP	2018-04-05 04:53:59	7.0	81.0	0	9.0	190.0	11.0	6.21		FEW	SCT	BKN	1000.0	2000.0	5500.0						9.0		2.0	0.16		FEW	BKN	M	0.0	100.0						
468186	2018-04-05 00:00:00	837.0	CSTNJ	320	AIRBUS A320-211	NB	FCO	2018-04-05 04:15:00	2018-04-05 04:34:00	2018-04-05 04:49:00	LIS	2018-04-05 08:05:00	2018-04-05 08:05:00	2018-04-05 07:20:00	J	TP	2018-04-05 04:59:01	19.0	84.0	0	13.0	110.0	15.0	5.59		FEW	BKN	M	1500.0	3000.0							9.0		2.0	0.16		FEW	BKN	M	0.0	100.0						
468187	2018-04-05 00:00:00	1235.0	CSTNM	320	AIRBUS A320-211	NB	DME	2018-04-05 04:15:00	2018-04-05 05:01:00	2018-04-05 05:11:00	LIS	2018-04-05 10:45:00	2018-04-05 10:47:00	2018-04-05 10:10:00	J	TP	2018-04-09 11:04:59	22.0	93.0	R	1.0	160.0	7.78	6.21		M	M	M									15.0	100.0	5.0	6.21		FEW	M	M	200.0							
468188	2018-04-05 00:00:00	641.0	CSTNN	320	AIRBUS A320-211	NB	BRU	2018-04-05 04:20:00	2018-04-05 04:34:00	2018-04-05 04:47:00	LIS	2018-04-05 07:36:00	2018-04-05 07:42:00	2018-04-05 07:10:00	J	TP	2018-04-05 04:54:11	14.0	84.0	0	8.0	240.0	19.0	6.21	29.0	SCT	BKN	M	2600.0	4000.0							9.0	110.0	3.0	0.19		FEW	BKN	M	0.0	100.0						
468189	2018-04-05 00:00:00	929.0	CSTNP	320	AIRBUS A320-211	NB	ZRH	2018-04-05 04:20:00	2018-04-05 04:36:00	2018-04-05 04:47:00	LIS	2018-04-05 07:56:00	2018-04-05 08:00:00	2018-04-05 07:10:00	J	TP	2018-04-05 04:49:02	16.0	84.0	0	8.0	190.0	5.0	6.21		FEW	BKN	M	5500.0	6000.0							9.0		2.0	0.16		FEW	BKN	M	0.0	100.0						
468190	2018-04-05 00:00:00	1095.0	CSDJE	AT7	ATR 72	WI	VLC	2018-04-05 04:20:00	2018-04-05 04:34:00	2018-04-05 04:45:00	LIS	2018-04-05 06:44:00	2018-04-05 06:48:00	2018-04-05 06:35:00	J	WI	2018-04-05 04:46:58	14.0	81.0	0	10.0	270.0	5.0	6.21		M	M	M									9.0	0.0	0.0	0.19		VV 	M	M	100.0							
468191	2018-04-05 00:00:00	587.0	CSTTZ	E95	EMBRAER 195	PGA	CGN	2018-04-05 04:25:00	2018-04-05 04:58:00	2018-04-05 05:07:00	LIS	2018-04-05 08:25:00	2018-04-05 08:31:00	2018-04-05 07:35:00	J	NI	2018-04-05 08:37:59	29.0	84.0	0	9.0	200.0	8.0	6.21		BKN	BKN	M	3300.0	24000.0							9.0	60.0	3.0	0.31		SCT	BKN	M	0.0	200.0						
468192	2018-04-05 00:00:00	447.0	CSTTE	319	AIRBUS A319-111	NB	ORY	2018-04-05 04:30:00	2018-04-05 04:31:00	2018-04-05 04:41:00	LIS	2018-04-05 06:57:00	2018-04-05 07:00:00	2018-04-05 07:00:00	J	TP	2018-04-05 06:45:12	1.0	84.0	0	7.0	280.0	14.0	6.21		SCT	BKN	M	2600.0	5300.0							9.0	0.0	0.0	0.19		VV 	M	M	100.0							
468193	2018-04-05 00:00:00	1431.0	CSDJC	AT7	ATR 72	WI	TNG	2018-04-05 04:35:00	2018-04-05 04:48:00	2018-04-05 04:58:00	LIS	2018-04-05 06:15:00	2018-04-05 06:20:00	2018-04-05 06:05:00	J	WI	2018-04-05 05:09:01	13.0	63.0	0	9.0	100.0	4.0	3.73		FEW	M	M	1600.0								9.0	0.0	0.0	0.19		VV 	M	M	400.0							
468194	2018-04-05 00:00:00	1049.0	CSTTK	319	AIRBUS A319-111	NB	BCN	2018-04-05 04:40:00	2018-04-05 04:42:00	2018-04-05 04:54:00	LIS	2018-04-05 06:38:00	2018-04-05 06:45:00	2018-04-05 06:35:00	J	TP	2018-04-05 04:57:00	2.0	89.0	0	12.0	300.0	6.0	6.21		M	M	M									9.0	0.0	0.0	0.19		VV 	M	M	400.0							
468195	2018-04-05 00:00:00	1137.0	CSDJH	AT7	ATR 72	WI	AGP	2018-04-05 04:40:00	2018-04-05 04:55:00	2018-04-05 05:05:00	LIS	2018-04-05 06:20:00	2018-04-05 06:24:00	2018-04-05 06:15:00	J	WI	2018-04-05 05:20:01	15.0	81.0	0	12.0	290.0	3.0	6.21		M	M	M									9.0	0.0	0.0	0.19		VV 	M	M	400.0							
468196	2018-04-05 00:00:00	9324.0	INEOW	738	BOEING 737-800		VRN	2018-04-05 04:50:00	2018-04-05 04:04:00	2018-04-05 04:13:00	LIS	2018-04-05 07:14:00	2018-04-05 07:16:00	2018-04-05 07:40:00	P	NO					9.0	260.0	4.0	6.21		SCT	SCT	M	2500.0	8000.0							9.0	110.0	3.0	0.19		FEW	BKN	M	0.0	100.0						
468197	2018-04-05 00:00:00	361.0	CSTTI	319	AIRBUS A319-111	NB	LHR	2018-04-05 05:00:00	2018-04-05 05:31:00	2018-04-05 05:47:00	OPO	2018-04-05 07:48:00	2018-04-05 07:51:00	2018-04-05 07:35:00	J	TP	2018-04-05 07:49:59	31.0	84.0	0	5.0	300.0	8.0	6.21		BKN	M	M	2900.0								10.0	120.0	9.0	6.21		M	M	M								
468198	2018-04-05 00:00:00	459.0	CSTTG	319	AIRBUS A319-111	NB	ORY	2018-04-05 05:00:00	2018-04-05 04:56:00	2018-04-05 05:04:00	OPO	2018-04-05 06:58:00	2018-04-05 07:00:00	2018-04-05 07:05:00	J	TP					7.0	280.0	11.0	6.21		FEW	BKN	M	2300.0	5300.0							9.0	120.0	7.0	6.21		M	M	M								
468199	2018-04-05 00:00:00	669.0	CSTNU	320	AIRBUS A320-211	NB	AMS	2018-04-05 05:00:00	2018-04-05 05:34:00	2018-04-05 05:46:00	LIS	2018-04-05 09:01:00	2018-04-05 09:06:00	2018-04-05 08:00:00	J	TP	2018-04-05 08:37:59	34.0	84.0	0	6.0	270.0	19.0	6.21		FEW	SCT	BKN	900.0	1100.0	1300.0						10.0		2.0	1.12		FEW	SCT	M	0.0	200.0						
468200	2018-04-05 00:00:00	1101.0	CSDJA	AT7	ATR 72	WI	SVQ	2018-04-05 05:00:00	2018-04-05 04:54:00	2018-04-05 05:02:00	LIS	2018-04-05 06:00:00	2018-04-05 06:05:00	2018-04-05 06:10:00	J	WI					9.0	40.0	5.0	6.21		M	M	M									9.0		2.0	0.31		BKN	M	M	100.0							
468201	2018-04-05 00:00:00	1670.0	CSTTJ	319	AIRBUS A319-111	NB	FNC	2018-04-05 05:00:00	2018-04-05 04:52:00	2018-04-05 05:03:00	LIS	2018-04-05 06:33:00	2018-04-05 06:45:00	2018-04-05 06:35:00	J	TP					15.0	290.0	7.0	6.21		FEW	SCT	M	1800.0	3000.0							9.0	0.0	0.0	0.19		VV 	M	M	400.0							
468202	2018-04-05 00:00:00	1900.0	CSTNY	320	AIRBUS A320-211	NB	FAO	2018-04-05 05:00:00	2018-04-05 05:11:00	2018-04-05 05:18:00	LIS	2018-04-05 05:46:00	2018-04-05 05:53:00	2018-04-05 05:45:00	J	TP	2018-04-05 05:27:12	11.0	31.0	0	13.0	20.0	7.0	6.21		M	M	M									9.0		2.0	0.31		BKN	M	M	100.0							
468203	2018-04-05 00:00:00	1711.0	CSTTC	319	AIRBUS A319-111	NB	OPO	2018-04-05 05:05:00	2018-04-05 05:00:00	2018-04-05 05:07:00	FNC	2018-04-05 06:55:00	2018-04-05 06:58:00	2018-04-05 07:00:00	J	TP					8.0	130.0	5.0	6.21		FEW	M	M	3500.0								15.0	320.0	5.0	6.21		FEW	M	M	1800.0							
468204	2018-04-05 00:00:00	1065.0	CSDJD	AT7	ATR 72	WI	BIO	2018-04-05 05:10:00	2018-04-05 06:01:00	2018-04-05 06:11:00	XXW	2018-04-05 08:27:00	2018-04-05 08:33:00	2018-04-05 07:20:00	J	WI	2018-04-05 08:33:59	51.0	81.0	0	9.0	110.0	3.0	6.21		FEW	M	M	3000.0																							
468205	2018-04-05 00:00:00	1921.0	CSTPV	E90	EMBRAER 190	PGA	OPO	2018-04-05 05:15:00	2018-04-05 05:17:00	2018-04-05 05:29:00	LIS	2018-04-05 06:09:00	2018-04-05 06:16:00	2018-04-05 06:15:00	J	NI	2018-04-05 05:32:03	2.0	16.0	H	9.0	120.0	7.0	6.21		M	M	M									9.0	0.0	0.0	0.19		VV 	M	M	400.0							
468206	2018-04-05 00:00:00	1023.0	CSTJF	321	AIRBUS A321-211	NB	MAD	2018-04-05 05:25:00	2018-04-05 05:31:00	2018-04-05 05:48:00	LIS	2018-04-05 06:47:00	2018-04-05 06:51:00	2018-04-05 06:45:00	J	TP	2018-04-05 05:56:00	6.0	84.0	0	3.0	360.0	2.0	6.21		M	M	M									9.0	0.0	0.0	0.19		VV 	M	M	100.0							
468207	2018-04-05 00:00:00	436.0	LYPGC	737	BOEING 737 ALL SERIES		LIS	2018-04-05 05:30:00	2018-04-05 06:19:00	2018-04-05 06:50:00	ORY	2018-04-05 08:53:00	2018-04-05 09:01:00	2018-04-05 07:55:00	J	TP	2018-04-05 06:51:59	49.0	89.0	A	9.0	0.0	0.0	0.19		VV 	M	M	400.0								9.0	290.0	14.0	6.21		FEW	BKN	M	2700.0	4600.0						
468208	2018-04-05 00:00:00	452.0	FHBAL	319	AIRBUS A319-111	NB	OPO	2018-04-05 05:30:00	2018-04-05 05:27:00	2018-04-05 05:41:00	ORY	2018-04-05 07:26:00	2018-04-05 07:32:00	2018-04-05 07:35:00	J	TP					9.0	120.0	7.0	6.21		M	M	M									8.0	250.0	11.0	6.21		FEW	BKN	M	1600.0	5200.0						
468209	2018-04-05 00:00:00	834.0	ECHDS	757	757		LIS	2018-04-05 05:30:00	2018-04-05 05:43:00	2018-04-05 06:07:00	FCO	2018-04-05 08:35:00	2018-04-05 08:50:00	2018-04-05 08:20:00	J	TP	2018-04-05 06:26:59	3.0	89.0	0	8.0		2.0	2.17		SCT	M	M	100.0								15.0	180.0	10.0	6.21		SCT	SCT	M	1500.0	3800.0						
468210	2018-04-05 00:00:00	1030.0	CSTTS	319	AIRBUS A319-111	NB	OPO	2018-04-05 05:30:00	2018-04-05 05:46:00	2018-04-05 05:53:00	BCN	2018-04-05 07:14:00	2018-04-05 07:19:00	2018-04-05 07:15:00	J	TP	2018-04-05 05:57:01	16.0	81.0	0	8.0	120.0	7.0	6.21		M	M	M									14.0	330.0	7.0	6.21	18.0	FEW	M	M	3000.0							
468211	2018-04-05 00:00:00	1044.0	CSTTH	319	AIRBUS A319-111	NB	LIS	2018-04-05 05:45:00	2018-04-05 05:58:00	2018-04-05 06:17:00	BCN	2018-04-05 07:41:00	2018-04-05 07:46:00	2018-04-05 07:35:00	J	TP	2018-04-05 06:21:59	13.0	89.0	A	9.0		2.0	0.31		BKN	M	M	100.0								15.0	320.0	7.0	6.21		FEW	M	M	3000.0							
468212	2018-04-05 00:00:00	443.0	CSTTM	319	AIRBUS A319-111	NB	ORY	2018-04-05 05:50:00	2018-04-05 06:21:00	2018-04-05 06:30:00	LIS	2018-04-05 09:16:00	2018-04-05 09:18:00	2018-04-05 08:20:00	J	TP	2018-04-05 06:41:04	31.0	84.0	0	7.0	250.0	9.0	6.21		M	M	M									11.0		2.0	4.97		FEW	M	M	0.0							
468213	2018-04-05 00:00:00	578.0	CSTJH	321	AIRBUS A321-211	NB	LIS	2018-04-05 05:50:00	2018-04-05 06:11:00	2018-04-05 06:30:00	FRA	2018-04-05 09:05:00	2018-04-05 09:26:00	2018-04-05 08:55:00	J	TP	2018-04-05 06:31:59	21.0	89.0	A	9.0		2.0	0.31		BKN	M	M	100.0								9.0	260.0	17.0	4.35	28.0	FEW	SCT	BKN	1200.0	2500.0	4000.0					
468214	2018-04-05 00:00:00	1026.0	CSTRO	320	AIRBUS A320-211	NB	LIS	2018-04-05 05:55:00	2018-04-05 07:10:00	2018-04-05 07:29:00	MAD	2018-04-05 08:18:00	2018-04-05 08:23:00	2018-04-05 07:10:00	J	TP	2018-04-05 07:50:59	75.0	89.0	0	9.0	0.0	0.0	0.19		VV 	M	M	100.0								9.0	30.0	3.0	6.21		M	M	M								
468215	2018-04-05 00:00:00	344.0	CSTPO	E90	EMBRAER 190	PGA	LIS	2018-04-05 06:00:00	2018-04-05 07:05:00	2018-04-05 07:24:00	LCY	2018-04-05 09:47:00	2018-04-05 09:49:00	2018-04-05 08:40:00	J	NI	2018-04-05 07:25:59	65.0	89.0	A	9.0	0.0	0.0	0.19		VV 	M	M	100.0								8.0	290.0	7.0	6.21		FEW	M	M	3600.0							
468216	2018-04-05 00:00:00	646.0	CSTNS	320	AIRBUS A320-211	NB	LIS	2018-04-05 06:00:00	2018-04-05 07:17:00	2018-04-05 07:38:00	BRU	2018-04-05 09:54:00	2018-04-05 09:59:00	2018-04-05 08:40:00	J	TP	2018-04-05 07:47:59	77.0	89.0	A	9.0	110.0	3.0	0.19		FEW	BKN	M	0.0	100.0							6.0	300.0	13.0	6.21		FEW	BKN	M	2200.0	2700.0						
468217	2018-04-05 00:00:00	762.0	GPOWM	320	AIRBUS A320-211	NB	LIS	2018-04-05 06:00:00	2018-04-05 07:16:00	2018-04-05 07:34:00	OSL	2018-04-05 11:08:00	2018-04-05 11:14:00	2018-04-05 10:00:00	J	TP	2018-04-05 07:47:59	76.0	89.0	A	9.0	110.0	3.0	0.19		FEW	BKN	M	0.0	100.0							2.0	30.0	5.0	4.97		BKN	M	M	300.0							
468218	2018-04-05 00:00:00	922.0	CSTPP	E90	EMBRAER 190	PGA	OPO	2018-04-05 06:00:00	2018-04-05 05:52:00	2018-04-05 06:00:00	ZRH	2018-04-05 08:06:00	2018-04-05 08:12:00	2018-04-05 08:30:00	J	NI					8.0	120.0	7.0	6.21		M	M	M									9.0	240.0	7.0	6.21		SCT	BKN	M	2000.0	8000.0						
468219	2018-04-05 00:00:00	1926.0	CSDJF	AT7	ATR 72	WI	LIS	2018-04-05 06:00:00	2018-04-05 06:19:00	2018-04-05 06:45:00	OPO	2018-04-05 07:30:00	2018-04-05 07:36:00	2018-04-05 07:00:00	J	WI	2018-04-05 07:10:59	19.0	89.0	A	9.0	0.0	0.0	0.19		VV 	M	M	400.0								9.0	130.0	8.0	6.21		M	M	M								
468220	2018-04-05 00:00:00	336.0	CSTTY	E95	EMBRAER 195	PGA	LIS	2018-04-05 06:05:00	2018-04-05 06:30:00	2018-04-05 06:55:00	LGW	2018-04-05 09:01:00	2018-04-05 09:09:00	2018-04-05 08:45:00	J	NI	2018-04-05 07:20:59	25.0	82.0	0	9.0	0.0	0.0	0.19		VV 	M	M	400.0								7.0	320.0	8.0	6.21		FEW	M	M	2800.0							
468221	2018-04-05 00:00:00	1672.0	CSTTD	319	AIRBUS A319-111	NB	FNC	2018-04-05 06:05:00	2018-04-05 06:24:00	2018-04-05 06:36:00	LIS	2018-04-05 08:38:00	2018-04-05 08:45:00	2018-04-05 07:45:00	J	TP	2018-04-05 08:39:59	19.0	84.0	0	15.0	320.0	5.0	6.21		FEW	SCT	M	1800.0	3000.0							9.0	60.0	3.0	0.31		SCT	BKN	M	0.0	200.0						
468222	2018-04-05 00:00:00	1710.0	CSTTU	319	AIRBUS A319-111	NB	FNC	2018-04-05 06:05:00	2018-04-05 05:52:00	2018-04-05 05:59:00	OPO	2018-04-05 07:34:00	2018-04-05 07:38:00	2018-04-05 07:55:00	J	TP					15.0	310.0	6.0	6.21		FEW	SCT	M	1800.0	3000.0							9.0	130.0	8.0	6.21		M	M	M								
468223	2018-04-05 00:00:00	322.0	CSTTW	E95	EMBRAER 195	PGA	LIS	2018-04-05 06:10:00	2018-04-05 08:50:00	2018-04-05 09:03:00	MAN	2018-04-05 11:29:00	2018-04-05 11:37:00	2018-04-05 09:00:00	J	NI	2018-04-05 09:04:59	160.0	89.0	A	10.0		2.0	1.12		FEW	SCT	M	0.0	200.0							8.0	270.0	5.0	6.21		FEW	M	M	4000.0							
468224	2018-04-05 00:00:00	1933.0	CSTNH	320	AIRBUS A320-211	NB	OPO	2018-04-05 06:20:00	2018-04-05 09:28:00	2018-04-05 09:40:00	LIS	2018-04-05 10:18:00	2018-04-05 10:20:00	2018-04-05 07:20:00	J	TP	2018-04-09 11:44:59	140.0	64.0	0	13.0	160.0	11.0	6.21		M	M	M									14.0	90.0	4.0	6.21		FEW	M	M	1500.0							
468225	2018-04-05 00:00:00	1008.0	CSTPQ	E90	EMBRAER 190	PGA	OPO	2018-04-05 06:30:00	2018-04-05 06:30:00	2018-04-05 06:51:00	MAD	2018-04-05 07:38:00	2018-04-05 07:43:00	2018-04-05 07:40:00	J	NI					9.0	110.0	7.0	6.21		M	M	M									7.0		2.0	6.21		M	M	M								
468226	2018-04-05 00:00:00	1679.0	CSTJF	321	AIRBUS A321-211	NB	LIS	2018-04-05 06:30:00	2018-04-05 09:32:00	2018-04-05 09:45:00	FNC	2018-04-05 11:13:00	2018-04-05 11:15:00	2018-04-05 08:15:00	J	TP	2018-04-05 09:45:59	182.0	89.0	A	11.0		2.0	4.97		FEW	M	M	0.0								18.0	150.0	5.0	6.21		FEW	M	M	1800.0							
468227	2018-04-05 00:00:00	374.0	CSTNG	320	AIRBUS A320-211	NB	LIS	2018-04-05 06:35:00	2018-04-05 06:57:00	2018-04-05 07:20:00	LHR	2018-04-05 09:31:00	2018-04-05 09:38:00	2018-04-05 09:20:00	J	TP	2018-04-05 07:20:59	22.0	89.0	A	9.0	0.0	0.0	0.19		VV 	M	M	100.0								8.0	290.0	5.0	6.21		FEW	M	M	3500.0							
468228	2018-04-05 00:00:00	822.0	CSTNY	320	AIRBUS A320-211	NB	LIS	2018-04-05 06:50:00	2018-04-05 07:32:00	2018-04-05 07:49:00	MXP	2018-04-05 10:04:00	2018-04-05 10:11:00	2018-04-05 09:25:00	J	TP	2018-04-05 07:55:59	42.0	81.0	0	9.0	110.0	3.0	0.19		FEW	BKN	M	0.0	100.0							14.0	210.0	4.0	6.21		SCT	M	M	2000.0							
468229	2018-04-05 00:00:00	1106.0	CSDJC	AT7	ATR 72	WI	LIS	2018-04-05 06:50:00	2018-04-05 10:00:00	2018-04-05 10:20:00	SVQ	2018-04-05 11:12:00	2018-04-05 11:17:00	2018-04-05 08:05:00	J	WI	2018-04-05 10:19:59	190.0	89.0	A	13.0		3.0	6.21		FEW	M	M	600.0								21.0	70.0	10.0	6.21		M	M	M								
468230	2018-04-05 00:00:00	1134.0	CSDJB	AT7	ATR 72	WI	LIS	2018-04-05 06:50:00	2018-04-05 09:05:00	2018-04-05 09:28:00	AGP	2018-04-05 10:33:00	2018-04-05 10:39:00	2018-04-05 08:20:00	J	WI	2018-04-05 09:27:59	135.0	89.0	A	10.0		2.0	1.12		FEW	SCT	M	0.0	200.0							19.0	110.0	8.0	6.21		M	M	M								
468231	2018-04-05 00:00:00	404.0	CSTPV	E90	EMBRAER 190	PGA	LIS	2018-04-05 07:00:00	2018-04-05 07:38:00	2018-04-05 07:58:00	MRS	2018-04-05 09:44:00	2018-04-05 09:49:00	2018-04-05 09:15:00	J	NI	2018-04-05 08:14:59	38.0	81.0	0	9.0	110.0	3.0	0.19		FEW	BKN	M	0.0	100.0							16.0	280.0	17.0	6.21		M	M	M								
468232	2018-04-05 00:00:00	434.0	FHBIS	320	AIRBUS A320-211	NB	LIS	2018-04-05 07:00:00	2018-04-05 08:55:00	2018-04-05 09:12:00	ORY	2018-04-05 11:13:00	2018-04-05 11:18:00	2018-04-05 09:25:00	J	TP	2018-04-05 09:13:59	115.0	89.0	A	10.0		2.0	1.12		FEW	SCT	M	0.0	200.0							10.0	280.0	11.0	6.21		FEW	BKN	M	3600.0	4500.0						
468233	2018-04-05 00:00:00	476.0	CSTPW	E90	EMBRAER 190	PGA	LIS	2018-04-05 07:00:00	2018-04-05 07:42:00	2018-04-05 08:08:00	LYS	2018-04-05 09:59:00	2018-04-05 10:03:00	2018-04-05 09:15:00	J	NI	2018-04-05 08:09:59	37.0	89.0	A	9.0	110.0	3.0	0.19		FEW	BKN	M	0.0	100.0							13.0		3.0	6.21		SCT	SCT	M	3600.0	6300.0						
468234	2018-04-05 00:00:00	1272.0	CSTOE	332	AIRBUS A330-200	WB	LIS	2018-04-05 07:00:00	2018-04-05 07:43:00	2018-04-05 08:03:00	VIE	2018-04-05 10:58:00	2018-04-05 11:05:00	2018-04-05 10:20:00	J	TP	2018-04-05 08:22:59	43.0	81.0	0	9.0	110.0	3.0	0.19		FEW	BKN	M	0.0	100.0							15.0	280.0	12.0	6.21		M	M	M								
468235	2018-04-05 00:00:00	1828.0	CSTNX	320	AIRBUS A320-211	NB	TER	2018-04-05 07:00:00	2018-04-05 08:44:00	2018-04-05 08:48:00	LIS	2018-04-05 10:48:00	2018-04-05 10:52:00	2018-04-05 09:15:00	J	TP	2018-04-05 08:56:18	104.0	84.0	0	10.0			4.97		SCT	SCT	M	1600.0	2500.0							15.0	100.0	5.0	6.21		FEW	M	M	200.0							
468236	2018-04-05 00:00:00	1864.0	CSTQD	320	AIRBUS A320-211	NB	PDL	2018-04-05 07:00:00	2018-04-05 08:47:00	2018-04-05 08:59:00	LIS	2018-04-05 10:51:00	2018-04-05 10:55:00	2018-04-05 09:10:00	J	TP	2018-04-09 11:35:59	64.0	84.0	0	14.0	280.0	32.0	6.21		FEW	M	M	2500.0								15.0	100.0	5.0	6.21		FEW	M	M	200.0							
468237	2018-04-05 00:00:00	1924.0	CSDJA	AT7	ATR 72	WI	LIS	2018-04-05 07:00:00	2018-04-05 09:22:00	2018-04-05 09:37:00	OPO	2018-04-05 10:26:00	2018-04-05 10:30:00	2018-04-05 08:00:00	J	WI	2018-04-05 09:37:59	142.0	89.0	A	11.0		2.0	4.97		FEW	M	M	0.0								14.0	180.0	13.0	6.21		FEW	M	M	2900.0							
468238	2018-04-05 00:00:00	371.0	CSTNW	320	AIRBUS A320-211	NB	LHR	2018-04-05 07:10:00	2018-04-05 08:45:00	2018-04-05 09:13:00	LIS	2018-04-05 11:32:00	2018-04-05 11:34:00	2018-04-05 09:50:00	J	TP	2018-04-05 09:17:22	95.0	84.0	0	7.0	320.0	7.0	6.21		NCD	M	M									16.0	90.0	5.0	6.21		FEW	M	M	1800.0							
468239	2018-04-05 00:00:00	412.0	CSTTZ	E95	EMBRAER 195	PGA	LIS	2018-04-05 07:15:00	2018-04-05 10:11:00	2018-04-05 10:31:00	NTE	2018-04-05 12:07:00	2018-04-05 12:12:00	2018-04-05 09:15:00	J	NI	2018-04-05 10:32:59	61.0	89.0	A	13.0		3.0	6.21		FEW	M	M	600.0								13.0	190.0	8.0	6.21		FEW	M	M	4300.0							
468240	2018-04-05 00:00:00	1098.0	CSDJH	AT7	ATR 72	WI	LIS	2018-04-05 07:15:00	2018-04-05 09:22:00	2018-04-05 09:40:00	VLC	2018-04-05 11:15:00	2018-04-05 11:20:00	2018-04-05 09:20:00	J	WI	2018-04-05 09:39:59	127.0	89.0	A	11.0		2.0	4.97		FEW	M	M	0.0								21.0	80.0	9.0	6.21		M	M	M								
468241	2018-04-05 00:00:00	562.0	CSTTQ	319	AIRBUS A319-111	NB	LIS	2018-04-05 07:20:00	2018-04-05 08:51:00	2018-04-05 09:18:00	HAM	2018-04-05 12:08:00	2018-04-05 12:12:00	2018-04-05 10:35:00	J	TP	2018-04-05 09:22:59	91.0	89.0	A	10.0		2.0	1.12		FEW	SCT	M	0.0	200.0							9.0	240.0	15.0	6.21		BKN	BKN	M	2800.0	4300.0						
468242	2018-04-05 00:00:00	542.0	CSTPR	E90	EMBRAER 190	PGA	LIS	2018-04-05 07:30:00	2018-04-05 09:39:00	2018-04-05 09:54:00	DUS	2018-04-05 12:25:00	2018-04-05 12:29:00	2018-04-05 10:25:00	J	NI	2018-04-05 10:01:59	129.0	81.0	0	11.0		2.0	4.97		FEW	M	M	0.0								7.0	300.0	19.0	6.21		SCT	BKN	M	2500.0	6000.0						
468243	2018-04-05 00:00:00	574.0	CSTTR	319	AIRBUS A319-111	NB	LIS	2018-04-05 07:30:00	2018-04-05 09:27:00	2018-04-05 09:42:00	FRA	2018-04-05 12:11:00	2018-04-05 12:25:00	2018-04-05 10:35:00	J	TP	2018-04-05 09:43:59	117.0	89.0	A	11.0		2.0	4.97		FEW	M	M	0.0								12.0	240.0	21.0	6.21		FEW	BKN	M	4000.0	6500.0						
468244	2018-04-05 00:00:00	952.0	CSTTJ	319	AIRBUS A319-111	NB	LIS	2018-04-05 07:30:00	2018-04-05 07:54:00	2018-04-05 08:14:00	GVA	2018-04-05 10:23:00	2018-04-05 10:27:00	2018-04-05 09:50:00	J	TP	2018-04-05 08:15:59	24.0	81.0	0	9.0		2.0	0.16		FEW	BKN	M	0.0	100.0							12.0	220.0	12.0	6.21		SCT	M	M	4200.0							
468245	2018-04-05 00:00:00	1941.0	CSDJF	AT7	ATR 72	WI	OPO	2018-04-05 07:30:00	2018-04-05 09:37:00	2018-04-05 09:46:00	LIS	2018-04-05 10:35:00	2018-04-05 10:38:00	2018-04-05 08:30:00	J	WI	2018-04-05 09:57:33	91.0	84.0	0	13.0	160.0	11.0	6.21		M	M	M									14.0	90.0	4.0	6.21		FEW	M	M	1500.0							
468246	2018-04-05 00:00:00	694.0	CSTNI	320	AIRBUS A320-211	NB	LIS	2018-04-05 07:35:00	2018-04-05 09:42:00	2018-04-05 09:57:00	LUX	2018-04-05 12:13:00	2018-04-05 12:18:00	2018-04-05 10:15:00	J	TP	2018-04-05 10:14:59	127.0	89.0	A	11.0		2.0	4.97		FEW	M	M	0.0								7.0	260.0	15.0	6.21		FEW	BKN	M	3100.0	3500.0						
468247	2018-04-05 00:00:00	288.0	CSTON	332	AIRBUS A330-200	WB	LAD	2018-04-05 07:40:00	2018-04-05 07:43:00	2018-04-05 07:52:00	LIS	2018-04-05 15:21:00	2018-04-05 15:28:00	2018-04-05 15:30:00	J	TP	2018-04-09 08:46:59	2.0	89.0	0	29.0	190.0	6.0	6.21		FEW	SCT	BKN	1900.0	2200.0	8000.0						19.0	220.0	9.0	6.21		FEW	M	M	3000.0							
468248	2018-04-05 00:00:00	784.0	CSTMW	320	AIRBUS A320-211	NB	LIS	2018-04-05 07:45:00	2018-04-05 09:01:00	2018-04-05 09:22:00	ARN	2018-04-05 13:04:00	2018-04-05 13:12:00	2018-04-05 12:00:00	J	TP	2018-04-05 09:43:59	76.0	89.0	A	10.0		2.0	1.12		FEW	SCT	M	0.0	200.0							3.0	130.0	5.0	0.56		OVC	M	M	200.0							
468249	2018-04-05 00:00:00	1680.0	CSTTC	319	AIRBUS A319-111	NB	FNC	2018-04-05 07:45:00	2018-04-05 09:31:00	2018-04-05 09:42:00	LIS	2018-04-05 11:02:00	2018-04-05 11:06:00	2018-04-05 09:20:00	J	TP	2018-04-05 09:43:28	106.0	84.0	0	18.0	160.0	5.0	6.21		FEW	M	M	1800.0								15.0	100.0	5.0	6.21		FEW	M	M	200.0							
468250	2018-04-05 00:00:00	558.0	CSTTK	319	AIRBUS A319-111	NB	LIS	2018-04-05 07:50:00	2018-04-05 09:55:00	2018-04-05 10:14:00	MUC	2018-04-05 13:01:00	2018-04-05 13:12:00	2018-04-05 10:50:00	J	TP	2018-04-05 10:17:59	125.0	89.0	A	13.0		3.0	6.21		FEW	M	M	600.0								14.0	250.0	21.0	6.21		SCT	SCT	M	4800.0	8000.0						
468251	2018-04-05 00:00:00	334.0	CSTTG	319	AIRBUS A319-111	NB	OPO	2018-04-05 07:55:00	2018-04-05 07:55:00	2018-04-05 08:06:00	LGW	2018-04-05 09:57:00	2018-04-05 10:03:00	2018-04-05 10:05:00	J	TP					10.0	120.0	9.0	6.21		M	M	M									7.0	280.0	6.0	6.21		FEW	M	M	2900.0							
468252	2018-04-05 00:00:00	488.0	CSTPU	E90	EMBRAER 190	PGA	LIS	2018-04-05 07:55:00	2018-04-05 08:29:00	2018-04-05 08:46:00	NCE	2018-04-05 10:43:00	2018-04-05 10:48:00	2018-04-05 10:15:00	J	NI	2018-04-05 08:47:59	34.0	89.0	A	9.0	60.0	3.0	0.31		SCT	BKN	M	0.0	200.0							15.0	100.0	8.0	6.21		FEW	M	M	1500.0							
468253	2018-04-05 00:00:00	832.0	CSTNP	320	AIRBUS A320-211	NB	LIS	2018-04-05 07:55:00	2018-04-05 11:31:00	2018-04-05 11:48:00	FCO	2018-04-05 14:16:00	2018-04-05 14:23:00	2018-04-05 10:50:00	J	TP	2018-04-05 12:00:59	156.0	89.0	0	16.0	90.0	5.0	6.21		FEW	M	M	1800.0								17.0	260.0	11.0	6.21		FEW	M	M	3000.0							
468254	2018-04-05 00:00:00	1011.0	CSTRO	320	AIRBUS A320-211	NB	MAD	2018-04-05 07:55:00	2018-04-05 09:19:00	2018-04-05 09:33:00	LIS	2018-04-05 10:30:00	2018-04-05 10:33:00	2018-04-05 09:15:00	J	TP	2018-04-05 09:40:33	11.0	84.0	0	11.0	140.0	3.0	6.21		M	M	M									14.0	90.0	4.0	6.21		FEW	M	M	1500.0							
468255	2018-04-05 00:00:00	932.0	CSTTF	319	AIRBUS A319-111	NB	LIS	2018-04-05 08:00:00	2018-04-05 08:20:00	2018-04-05 08:40:00	ZRH	2018-04-05 10:58:00	2018-04-05 11:02:00	2018-04-05 10:40:00	J	TP	2018-04-05 08:40:59	20.0	89.0	A	9.0	60.0	3.0	0.31		SCT	BKN	M	0.0	200.0							10.0	260.0	14.0	6.21		SCT	BKN	M	3000.0	4000.0						
468256	2018-04-05 00:00:00	1033.0	CSTTS	319	AIRBUS A319-111	NB	BCN	2018-04-05 08:00:00	2018-04-05 08:18:00	2018-04-05 08:26:00	OPO	2018-04-05 09:51:00	2018-04-05 09:54:00	2018-04-05 09:50:00	J	TP	2018-04-09 10:58:59	14.0	81.0	0	16.0	320.0	7.0	6.21		FEW	M	M	3000.0								14.0	180.0	14.0	6.21		M	M	M								
468257	2018-04-05 00:00:00	1930.0	CSDJE	AT7	ATR 72	WI	LIS	2018-04-05 08:00:00	2018-04-05 09:52:00	2018-04-05 10:09:00	OPO	2018-04-05 11:04:00	2018-04-05 11:07:00	2018-04-05 09:00:00	J	WI	2018-04-05 10:16:59	112.0	89.0	A	13.0		3.0	6.21		FEW	M	M	600.0								15.0	190.0	13.0	6.21		FEW	M	M	2500.0							
468258	2018-04-05 00:00:00	664.0	INEOW	738	BOEING 737-800		LIS	2018-04-05 08:05:00	2018-04-05 08:19:00	2018-04-05 08:37:00	AMS	2018-04-05 11:40:00	2018-04-05 11:50:00	2018-04-05 11:00:00	J	TP	2018-04-05 08:37:59	14.0	89.0	A	9.0	60.0	3.0	0.31		SCT	BKN	M	0.0	200.0							6.0	310.0	21.0	6.21		FEW	SCT	BKN	1200.0	2100.0	4000.0					
468259	2018-04-05 00:00:00	1040.0	CSTTI	319	AIRBUS A319-111	NB	LIS	2018-04-05 08:05:00	2018-04-05 12:19:00	2018-04-05 12:32:00	BCN	2018-04-05 14:01:00	2018-04-05 14:06:00	2018-04-05 09:55:00	J	TP	2018-04-05 16:20:59	69.0	89.0	A	16.0	90.0	6.0	6.21		FEW	M	M	2000.0								16.0	170.0	10.0	6.21		FEW	M	M	3000.0							
468260	2018-04-05 00:00:00	1016.0	CSTNR	320	AIRBUS A320-211	NB	LIS	2018-04-05 08:10:00	2018-04-05 08:36:00	2018-04-05 08:50:00	MAD	2018-04-05 09:36:00	2018-04-05 09:41:00	2018-04-05 09:25:00	J	TP	2018-04-05 08:51:59	26.0	89.0	A	9.0	60.0	3.0	0.31		SCT	BKN	M	0.0	200.0							11.0	140.0	3.0	6.21		M	M	M								
468261	2018-04-05 00:00:00	9331.0	CSTPS	E90	EMBRAER 190	PGA	OPO	2018-04-05 08:10:00	2018-04-05 08:40:00	2018-04-05 08:50:00	TLS	2018-04-05 10:00:00	2018-04-05 10:07:00	2018-04-05 10:00:00	P	NI					11.0	130.0	8.0	6.21		M	M	M									13.0	310.0	5.0	6.21		FEW	M	M	600.0							
468262	2018-04-05 00:00:00	864.0	CSTTE	319	AIRBUS A319-111	NB	LIS	2018-04-05 08:15:00	2018-04-05 08:38:00	2018-04-05 08:59:00	VCE	2018-04-05 11:25:00	2018-04-05 11:29:00	2018-04-05 11:05:00	J	TP	2018-04-05 09:01:59	23.0	89.0	A	9.0	60.0	3.0	0.31		SCT	BKN	M	0.0	200.0							15.0	90.0	5.0	6.21		SCT	M	M	3200.0							
468263	2018-04-05 00:00:00	453.0	FHBAL	319	AIRBUS A319-111	NB	ORY	2018-04-05 08:20:00	2018-04-05 08:21:00	2018-04-05 08:28:00	OPO	2018-04-05 10:23:00	2018-04-05 10:26:00	2018-04-05 10:25:00	J	TP	2018-04-06 01:03:59	1.0	89.0	0	8.0	290.0	15.0	6.21		SCT	BKN	M	2700.0	4600.0							14.0	180.0	13.0	6.21		FEW	M	M	2900.0							
468264	2018-04-05 00:00:00	1005.0	CSTPQ	E90	EMBRAER 190	PGA	MAD	2018-04-05 08:20:00	2018-04-05 08:19:00	2018-04-05 08:35:00	OPO	2018-04-05 09:24:00	2018-04-05 09:28:00	2018-04-05 09:30:00	J	NI					9.0	30.0	3.0	6.21		M	M	M									13.0	160.0	11.0	6.21		M	M	M								
468265	2018-04-05 00:00:00	1553.0	CSTNJ	320	AIRBUS A320-211	NB	LIS	2018-04-05 08:20:00	2018-04-05 10:10:00	2018-04-05 10:33:00	VXE	2018-04-05 14:31:00	2018-04-05 14:33:00	2018-04-05 12:40:00	J	TP	2018-04-05 10:33:59	110.0	89.0	A	13.0		3.0	6.21		FEW	M	M	600.0								25.0	50.0	22.0	6.21		FEW	SCT	M	2200.0	20000.0						
468266	2018-04-05 00:00:00	1041.0	CSTTH	319	AIRBUS A319-111	NB	BCN	2018-04-05 08:25:00	2018-04-05 09:39:00	2018-04-05 10:01:00	LIS	2018-04-05 11:34:00	2018-04-05 11:40:00	2018-04-05 10:20:00	J	TP	2018-04-05 10:28:32	68.0	84.0	0	18.0	300.0	8.0	6.21	18.0	FEW	M	M	3000.0								16.0	90.0	5.0	6.21		FEW	M	M	1800.0							
468267	2018-04-05 00:00:00	1454.0	CSTTO	319	AIRBUS A319-111	NB	LIS	2018-04-05 08:25:00	2018-04-05 10:03:00	2018-04-05 10:23:00	RAK	2018-04-05 11:38:00	2018-04-05 11:41:00	2018-04-05 10:00:00	J	TP	2018-04-05 21:13:59	98.0	89.0	A	13.0		3.0	6.21		FEW	M	M	600.0								22.0	320.0	4.0	6.21		M	M	M								
468268	2018-04-05 00:00:00	361.0	CSTTI	319	AIRBUS A319-111	NB	OPO	2018-04-05 08:30:00	2018-04-05 09:33:00	2018-04-05 09:42:00	LIS	2018-04-05 10:22:00	2018-04-05 10:26:00	2018-04-05 09:25:00	J	TP					13.0	160.0	11.0	6.21		M	M	M									14.0	90.0	4.0	6.21		FEW	M	M	1500.0							
468269	2018-04-05 00:00:00	1907.0	CSTTN	319	AIRBUS A319-111	NB	LIS	2018-04-05 08:30:00	2018-04-05 10:21:00	2018-04-05 10:36:00	FAO	2018-04-05 11:04:00	2018-04-05 11:06:00	2018-04-05 09:15:00	J	TP	2018-04-05 10:37:59	61.0	89.0	A	14.0	90.0	4.0	6.21		FEW	M	M	1500.0								20.0	90.0	11.0	6.21		M	M	M								
468270	2018-04-05 00:00:00	1927.0	CSDJA	AT7	ATR 72	WI	OPO	2018-04-05 08:30:00	2018-04-05 11:10:00	2018-04-05 11:17:00	LIS	2018-04-05 12:02:00	2018-04-05 12:06:00	2018-04-05 09:30:00	J	WI	2018-04-05 11:51:53	10.0	91.0	0	15.0	190.0	13.0	6.21		FEW	M	M	2500.0								16.0		6.0	6.21		FEW	M	M	1800.0							
468271	2018-04-05 00:00:00	1262.0	CSTTD	319	AIRBUS A319-111	NB	LIS	2018-04-05 08:35:00	2018-04-05 09:47:00	2018-04-05 09:59:00	WAW	2018-04-05 13:29:00	2018-04-05 13:34:00	2018-04-05 12:25:00	J	TP	2018-04-05 10:00:59	17.0	81.0	0	13.0		3.0	6.21		FEW	M	M	600.0								20.0	290.0	10.0	6.21		M	M	M								
468272	2018-04-05 00:00:00	437.0	LYPGC	737	BOEING 737 ALL SERIES		ORY	2018-04-05 08:45:00	2018-04-05 10:20:00	2018-04-05 10:28:00	LIS	2018-04-05 12:52:00	2018-04-05 12:57:00	2018-04-05 11:15:00	J	TP	2018-04-09 11:30:59	14.0	36.0	C	10.0	270.0	13.0	6.21		SCT	BKN	M	3300.0	4300.0							17.0	140.0	6.0	6.21		FEW	M	M	2000.0							
468273	2018-04-05 00:00:00	1107.0	CSDJC	AT7	ATR 72	WI	SVQ	2018-04-05 08:45:00	2018-04-05 12:00:00	2018-04-05 12:11:00	LIS	2018-04-05 13:23:00	2018-04-05 13:30:00	2018-04-05 09:55:00	J	WI	2018-04-06 04:14:12	13.0	83.0	0	22.0	80.0	9.0	6.21		M	M	M									18.0	130.0	7.0	6.21		FEW	M	M	2000.0							
468274	2018-04-05 00:00:00	1529.0	CSTNU	320	AIRBUS A320-211	NB	LIS	2018-04-05 08:45:00	2018-04-05 10:26:00	2018-04-05 10:44:00	ACC	2018-04-05 15:52:00	2018-04-05 15:55:00	2018-04-05 14:25:00	J	TP	2018-04-05 10:44:59	40.0	89.0	A	14.0	90.0	4.0	6.21		FEW	M	M	1500.0								31.0	190.0	13.0	3.11		FEW	M	M	2300.0							
468275	2018-04-05 00:00:00	938.0	CSTTU	319	AIRBUS A319-111	NB	OPO	2018-04-05 08:50:00	2018-04-05 08:49:00	2018-04-05 09:00:00	GVA	2018-04-05 10:51:00	2018-04-05 10:55:00	2018-04-05 10:55:00	J	TP					12.0	140.0	8.0	6.21		M	M	M									12.0	240.0	10.0	6.21		SCT	M	M	4200.0							
468276	2018-04-05 00:00:00	440.0	CSTNN	320	AIRBUS A320-211	NB	LIS	2018-04-05 08:55:00	2018-04-05 09:21:00	2018-04-05 09:33:00	ORY	2018-04-05 11:30:00	2018-04-05 11:37:00	2018-04-05 11:20:00	J	TP	2018-04-05 09:43:59	26.0	89.0	A	11.0		2.0	4.97		FEW	M	M	0.0								10.0	280.0	11.0	6.21		FEW	BKN	M	3600.0	4500.0						
468277	2018-04-05 00:00:00	59.0	CSTOX	333	AIRBUS A330-300	WB	LIS	2018-04-05 09:00:00	2018-04-05 10:20:00	2018-04-05 10:39:00	BSB	2018-04-05 19:41:00	2018-04-05 19:44:00	2018-04-05 18:30:00	J	TP	2018-04-05 10:40:59	80.0	89.0	A	14.0	90.0	4.0	6.21		FEW	M	M	1500.0								23.0		2.0	6.21		FEW	FEW	M	3500.0	4000.0						
468278	2018-04-05 00:00:00	103.0	CSTOU	333	AIRBUS A330-300	WB	LIS	2018-04-05 09:00:00	2018-04-05 10:08:00	2018-04-05 10:27:00	CNF	2018-04-05 19:33:00	2018-04-05 19:40:00	2018-04-05 18:30:00	J	TP	2018-04-05 10:29:59	68.0	89.0	A	13.0		3.0	6.21		FEW	M	M	600.0								23.0	360.0	7.0	2.49	18.0	BKN	FEW	M	3000.0	3500.0						
468279	2018-04-05 00:00:00	1133.0	CSDJB	AT7	ATR 72	WI	AGP	2018-04-05 09:00:00	2018-04-05 11:41:00	2018-04-05 11:49:00	LIS	2018-04-05 13:20:00	2018-04-05 13:28:00	2018-04-05 10:40:00	J	WI	2018-04-05 11:57:56	22.0	81.0	0	19.0	110.0	9.0	6.21		M	M	M									18.0	130.0	7.0	6.21		FEW	M	M	2000.0							
468280	2018-04-05 00:00:00	1674.0	CSTJF	321	AIRBUS A321-211	NB	FNC	2018-04-05 09:00:00	2018-04-05 12:15:00	2018-04-05 12:23:00	LIS	2018-04-05 13:49:00	2018-04-05 13:52:00	2018-04-05 10:35:00	J	TP	2018-04-05 12:30:13	15.0	83.0	0	18.0	180.0	7.0	6.21		SCT	SCT	M	1800.0	3000.0							19.0	140.0	8.0	6.21		FEW	M	M	2500.0							
468281	2018-04-05 00:00:00	366.0	CSTTM	319	AIRBUS A319-111	NB	LIS	2018-04-05 09:05:00	2018-04-05 11:11:00	2018-04-05 11:25:00	LHR	2018-04-05 13:33:00	2018-04-05 13:42:00	2018-04-05 11:45:00	J	TP	2018-04-05 11:59:59	36.0	89.0	0	15.0	100.0	5.0	6.21		FEW	M	M	200.0								12.0	190.0	7.0	6.21		NCD	M	M								
468282	2018-04-05 00:00:00	349.0	CSTPO	E90	EMBRAER 190	PGA	LCY	2018-04-05 09:10:00	2018-04-05 10:28:00	2018-04-05 10:34:00	LIS	2018-04-05 13:07:00	2018-04-05 13:13:00	2018-04-05 11:45:00	J	NI	2018-04-12 09:20:59	5.0	89.0	0	8.0	320.0	7.0	6.21		NCD	M	M									17.0	140.0	6.0	6.21		FEW	M	M	2000.0							
468283	2018-04-05 00:00:00	841.0	ECHDS	757	757		FCO	2018-04-05 09:10:00	2018-04-05 09:48:00	2018-04-05 10:07:00	LIS	2018-04-05 13:05:00	2018-04-05 13:09:00	2018-04-05 12:15:00	J	TP	2018-04-05 10:15:38	8.0	84.0	0	16.0	170.0	6.0	6.21		SCT	M	M	1200.0								17.0	140.0	6.0	6.21		FEW	M	M	2000.0							
468284	2018-04-05 00:00:00	923.0	CSTPP	E90	EMBRAER 190	PGA	ZRH	2018-04-05 09:15:00	2018-04-05 09:09:00	2018-04-05 09:18:00	OPO	2018-04-05 11:40:00	2018-04-05 11:44:00	2018-04-05 11:50:00	J	NI					10.0	240.0	7.0	6.21		FEW	SCT	BKN	2500.0	3000.0	5500.0						15.0	190.0	13.0	6.21		FEW	M	M	2500.0							
468285	2018-04-05 00:00:00	491.0	CSTPS	E90	EMBRAER 190	PGA	TLS	2018-04-05 09:25:00	2018-04-05 10:52:00	2018-04-05 11:01:00	LIS	2018-04-05 12:41:00	2018-04-05 12:47:00	2018-04-05 11:25:00	J	NI	2018-04-09 09:03:59	5.0	81.0	0	15.0	10.0	3.0	6.21		BKN	M	M	4300.0								17.0	140.0	6.0	6.21		FEW	M	M	2000.0							
468286	2018-04-05 00:00:00	647.0	CSTNS	320	AIRBUS A320-211	NB	BRU	2018-04-05 09:30:00	2018-04-05 10:44:00	2018-04-05 10:52:00	LIS	2018-04-05 13:27:00	2018-04-05 13:29:00	2018-04-05 12:20:00	J	TP	2018-04-05 11:06:45	74.0	93.0	L	7.0	310.0	12.0	6.21		FEW	SCT	M	2200.0	3000.0							18.0	130.0	7.0	6.21		FEW	M	M	2000.0							
468287	2018-04-05 00:00:00	1931.0	CSDJE	AT7	ATR 72	WI	OPO	2018-04-05 09:30:00	2018-04-05 11:41:00	2018-04-05 11:53:00	LIS	2018-04-05 12:37:00	2018-04-05 12:42:00	2018-04-05 10:30:00	J	WI	2018-04-05 12:11:03	4.0	89.0	0	15.0	190.0	13.0	6.21		FEW	M	M	2500.0								16.0	90.0	6.0	6.21		FEW	M	M	2000.0							
468288	2018-04-05 00:00:00	223.0	CSTOW	333	AIRBUS A330-300	WB	LIS	2018-04-05 09:35:00	2018-04-05 10:49:00	2018-04-05 11:08:00	MIA	2018-04-05 20:14:00	2018-04-05 20:16:00	2018-04-05 18:30:00	J	TP	2018-04-05 11:10:59	74.0	89.0	A	15.0	100.0	5.0	6.21		FEW	M	M	200.0									70.0	11.0	10.0		FEW	M	M	2800.0							
468289	2018-04-05 00:00:00	339.0	CSTTY	E95	EMBRAER 195	PGA	LGW	2018-04-05 09:35:00	2018-04-05 10:13:00	2018-04-05 10:46:00	LIS	2018-04-05 13:10:00	2018-04-05 13:13:00	2018-04-05 12:15:00	J	NI	2018-04-09 08:48:59	9.0	89.0	0	8.0	310.0	4.0	6.21		FEW	M	M	3400.0								17.0	140.0	6.0	6.21		FEW	M	M	2000.0							
468290	2018-04-05 00:00:00	581.0	CSTJH	321	AIRBUS A321-211	NB	FRA	2018-04-05 09:40:00	2018-04-05 10:25:00	2018-04-05 10:39:00	LIS	2018-04-05 13:34:00	2018-04-05 13:37:00	2018-04-05 12:50:00	J	TP	2018-04-06 01:07:59	9.0	81.0	0	11.0	250.0	18.0	6.21		FEW	SCT	BKN	1500.0	2500.0	4200.0						18.0	130.0	7.0	6.21		FEW	M	M	2000.0							
468291	2018-04-05 00:00:00	1116.0	CSTPT	E90	EMBRAER 190	PGA	LIS	2018-04-05 09:40:00	2018-04-05 10:37:00	2018-04-05 10:56:00	LPA	2018-04-05 12:59:00	2018-04-05 13:02:00	2018-04-05 12:00:00	J	NI	2018-04-05 10:57:59	57.0	89.0	A	14.0	90.0	4.0	6.21		FEW	M	M	1500.0								21.0	30.0	22.0	6.21		FEW	M	M	3000.0							
468292	2018-04-05 00:00:00	1671.0	CSTTP	319	AIRBUS A319-111	NB	LIS	2018-04-05 09:40:00	2018-04-05 10:44:00	2018-04-05 11:04:00	FNC	2018-04-05 12:32:00	2018-04-05 12:35:00	2018-04-05 11:25:00	J	TP	2018-04-05 11:08:59	64.0	89.0	A	14.0	90.0	4.0	6.21		FEW	M	M	1500.0								19.0	190.0	9.0	6.21		SCT	SCT	M	1800.0	3000.0						
468293	2018-04-05 00:00:00	323.0	CSTTW	E95	EMBRAER 195	PGA	MAN	2018-04-05 09:45:00	2018-04-05 13:00:00	2018-04-05 13:13:00	LIS	2018-04-05 15:50:00	2018-04-05 15:56:00	2018-04-05 12:40:00	J	NI	2018-04-05 13:17:15	38.0	83.0	0	10.0	210.0	4.0	6.21		FEW	M	M	4000.0								18.0	210.0	12.0	6.21		FEW	M	M	3000.0							
468294	2018-04-05 00:00:00	117.0	CSTOQ	332	AIRBUS A330-200	WB	LIS	2018-04-05 09:55:00	2018-04-05 10:32:00	2018-04-05 10:50:00	POA	2018-04-05 21:46:00	2018-04-05 21:55:00	2018-04-05 21:15:00	J	TP	2018-04-05 10:55:59	32.0	89.0	A	14.0	90.0	4.0	6.21		FEW	M	M	1500.0								23.0	140.0	6.0	6.21		FEW	M	M	4000.0							
468295	2018-04-05 00:00:00	217.0	CSTOF	332	AIRBUS A330-200	WB	LIS	2018-04-05 09:55:00	2018-04-05 13:06:00	2018-04-05 13:18:00	BOS	2018-04-05 20:14:00	2018-04-05 20:26:00	2018-04-05 17:20:00	J	TP	2018-04-05 13:31:59	41.0	89.0	0	17.0	140.0	6.0	6.21		FEW	M	M	2000.0											10.0		FEW	M	M	7500.0							
468296	2018-04-05 00:00:00	413.0	CSTTZ	E95	EMBRAER 195	PGA	NTE	2018-04-05 09:55:00	2018-04-05 12:55:00	2018-04-05 13:07:00	LIS	2018-04-05 14:49:00	2018-04-05 14:53:00	2018-04-05 11:55:00	J	NI	2018-04-05 13:14:19	3.0	81.0	0	14.0	240.0	7.0	6.21		M	M	M									19.0	170.0	9.0	6.21		FEW	M	M	2500.0							
468297	2018-04-05 00:00:00	471.0	CSTPW	E90	EMBRAER 190	PGA	LYS	2018-04-05 09:55:00	2018-04-05 10:48:00	2018-04-05 10:59:00	LIS	2018-04-05 13:13:00	2018-04-05 13:18:00	2018-04-05 12:25:00	J	NI	2018-04-09 08:56:59	5.0	89.0	0	14.0		3.0	6.21		SCT	SCT	M	4000.0	7300.0							18.0	130.0	7.0	6.21		FEW	M	M	2000.0							
468298	2018-04-05 00:00:00	1038.0	CSTNL	320	AIRBUS A320-211	NB	LIS	2018-04-05 09:55:00	2018-04-05 11:32:00	2018-04-05 11:45:00	BCN	2018-04-05 13:09:00	2018-04-05 13:13:00	2018-04-05 11:45:00	J	TP	2018-04-05 12:01:59	97.0	89.0	0	16.0	90.0	5.0	6.21		FEW	M	M	1800.0								17.0	170.0	11.0	6.21		FEW	M	M	3000.0							
468299	2018-04-05 00:00:00	1312.0	CSTNQ	320	AIRBUS A320-211	NB	LIS	2018-04-05 09:55:00	2018-04-05 11:24:00	2018-04-05 11:39:00	BUD	2018-04-05 14:44:00	2018-04-05 14:48:00	2018-04-05 13:25:00	J	TP	2018-04-05 12:11:59	89.0	89.0	A	16.0	90.0	5.0	6.21		FEW	M	M	1800.0								18.0	230.0	11.0	6.21		FEW	BKN	M	4700.0	10000.0						
468300	2018-04-05 00:00:00	403.0	CSTPV	E90	EMBRAER 190	PGA	MRS	2018-04-05 10:00:00	2018-04-05 10:26:00	2018-04-05 10:35:00	LIS	2018-04-05 12:30:00	2018-04-05 12:34:00	2018-04-05 12:20:00	J	NI	2018-04-05 10:48:43	26.0	93.0	0	17.0	280.0	17.0	6.21		FEW	M	M	1900.0								16.0	90.0	6.0	6.21		FEW	M	M	2000.0							
468301	2018-04-05 00:00:00	1097.0	CSDJH	AT7	ATR 72	WI	VLC	2018-04-05 10:00:00	2018-04-05 12:15:00	2018-04-05 12:25:00	LIS	2018-04-05 14:20:00	2018-04-05 14:25:00	2018-04-05 12:20:00	J	WI	2018-04-05 12:46:17	15.0	81.0	0	21.0	70.0	12.0	6.21		M	M	M									18.0	160.0	7.0	6.21		FEW	M	M	2500.0							
468302	2018-04-05 00:00:00	1867.0	CSTNT	320	AIRBUS A320-211	NB	LIS	2018-04-05 10:00:00	2018-04-05 11:43:00	2018-04-05 11:52:00	PDL	2018-04-05 14:11:00	2018-04-05 14:13:00	2018-04-05 12:25:00	J	TP	2018-04-05 12:02:59	78.0	89.0	0	16.0	90.0	5.0	6.21		FEW	M	M	1800.0								13.0	290.0	26.0	6.21	38.0	FEW	SCT	M	2000.0	4000.0						
468303	2018-04-05 00:00:00	1902.0	CSTTN	319	AIRBUS A319-111	NB	FAO	2018-04-05 10:00:00	2018-04-05 11:48:00	2018-04-05 11:57:00	LIS	2018-04-05 12:25:00	2018-04-05 12:28:00	2018-04-05 10:50:00	J	TP	2018-04-09 11:38:59	28.0	93.0	Q	20.0	100.0	11.0	6.21		M	M	M									16.0	90.0	6.0	6.21		FEW	M	M	2000.0							
468304	2018-04-05 00:00:00	648.0	CSTTA	319	AIRBUS A319-111	NB	LIS	2018-04-05 10:05:00	2018-04-05 11:56:00	2018-04-05 12:11:00	BRU	2018-04-05 14:25:00	2018-04-05 14:30:00	2018-04-05 12:45:00	J	TP	2018-04-05 12:12:59	111.0	89.0	0	16.0		6.0	6.21		FEW	M	M	1800.0								8.0	330.0	10.0	6.21		FEW	SCT	M	3600.0	4800.0						
468305	2018-04-05 00:00:00	1019.0	CSTNR	320	AIRBUS A320-211	NB	MAD	2018-04-05 10:10:00	2018-04-05 10:36:00	2018-04-05 10:50:00	LIS	2018-04-05 11:43:00	2018-04-05 11:48:00	2018-04-05 11:30:00	J	TP	2018-04-05 11:14:46	15.0	84.0	0	13.0	200.0	2.0	6.21		M	M	M									16.0		6.0	6.21		FEW	M	M	1800.0							
468306	2018-04-05 00:00:00	89.0	CSTOA	343	AIRBUS A340-312	WB	LIS	2018-04-05 10:15:00	2018-04-05 11:39:00	2018-04-05 11:55:00	GRU	2018-04-05 21:43:00	2018-04-05 21:48:00	2018-04-05 20:30:00	J	TP	2018-04-05 12:00:59	84.0	89.0	0	16.0	90.0	5.0	6.21		FEW	M	M	1800.0								21.0	150.0	5.0	6.21		SCT	BKN	M	1500.0	2700.0						
468307	2018-04-05 00:00:00	433.0	FHBIS	320	AIRBUS A320-211	NB	ORY	2018-04-05 10:15:00	2018-04-05 12:24:00	2018-04-05 12:30:00	LIS	2018-04-05 14:38:00	2018-04-05 14:43:00	2018-04-05 12:45:00	J	TP	2018-04-09 11:28:59	10.0	19.0	0	10.0	290.0	9.0	6.21		FEW	BKN	M	3600.0	4600.0							18.0	160.0	7.0	6.21		FEW	M	M	2500.0							
468308	2018-04-05 00:00:00	827.0	CSTNY	320	AIRBUS A320-211	NB	MXP	2018-04-05 10:15:00	2018-04-05 11:33:00	2018-04-05 11:48:00	LIS	2018-04-05 14:23:00	2018-04-05 14:27:00	2018-04-05 13:05:00	J	TP	2018-04-05 12:01:57	23.0	83.0	0	15.0	210.0	4.0	6.21		SCT	M	M	2500.0								18.0	160.0	7.0	6.21		FEW	M	M	2500.0							
468309	2018-04-05 00:00:00	9332.0	CSDJD	AT7	ATR 72	WI	XXW	2018-04-05 10:15:00	2018-04-05 11:05:00	2018-04-05 11:10:00	LIS	2018-04-05 11:30:00	2018-04-05 11:32:00	2018-04-05 10:30:00	P	WI																					16.0	90.0	5.0	6.21		FEW	M	M	1800.0							
468310	2018-04-05 00:00:00	363.0	CSTNG	320	AIRBUS A320-211	NB	LHR	2018-04-05 10:20:00	2018-04-05 10:26:00	2018-04-05 10:39:00	LIS	2018-04-05 12:58:00	2018-04-05 13:04:00	2018-04-05 13:05:00	J	TP	2018-04-05 10:56:49	6.0	93.0	0	9.0	240.0	7.0	6.21		NCD	M	M									17.0	140.0	6.0	6.21		FEW	M	M	2000.0							
468311	2018-04-05 00:00:00	872.0	CSTNK	320	AIRBUS A320-211	NB	LIS	2018-04-05 10:20:00	2018-04-05 10:30:00	2018-04-05 10:53:00	BLQ	2018-04-05 13:12:00	2018-04-05 13:17:00	2018-04-05 13:00:00	J	TP	2018-04-05 10:53:59	10.0	89.0	A	14.0	90.0	4.0	6.21		FEW	M	M	1500.0								15.0	300.0	6.0	4.35		BKN	M	M	2500.0							
468312	2018-04-05 00:00:00	686.0	CSTTS	319	AIRBUS A319-111	NB	OPO	2018-04-05 10:35:00	2018-04-05 10:37:00	2018-04-05 10:53:00	LUX	2018-04-05 12:55:00	2018-04-05 13:01:00	2018-04-05 12:55:00	J	TP	2018-04-05 10:57:39	2.0	93.0	R	14.0	180.0	13.0	6.21		FEW	M	M	2900.0								5.0	310.0	16.0	6.21		FEW	BKN	M	1000.0	3200.0						
468313	2018-04-05 00:00:00	951.0	CSTTJ	319	AIRBUS A319-111	NB	GVA	2018-04-05 10:35:00	2018-04-05 11:28:00	2018-04-05 11:43:00	LIS	2018-04-05 14:07:00	2018-04-05 14:10:00	2018-04-05 13:10:00	J	TP	2018-04-05 11:43:59	16.0	85.0	C	13.0	240.0	13.0	6.21		SCT	M	M	4200.0								19.0	140.0	8.0	6.21		FEW	M	M	2500.0							
468314	2018-04-05 00:00:00	1122.0	CSDJF	AT7	ATR 72	WI	LIS	2018-04-05 10:35:00	2018-04-05 16:28:00	2018-04-05 16:47:00	ALC	2018-04-05 18:33:00	2018-04-05 18:38:00	2018-04-05 12:50:00	J	WI	2018-04-05 16:49:59	26.0	89.0	0	18.0	230.0	12.0	6.21		M	M	M									17.0	60.0	6.0	6.21		M	M	M								
468315	2018-04-05 00:00:00	1035.0	CSTTI	319	AIRBUS A319-111	NB	BCN	2018-04-05 10:40:00	2018-04-05 14:48:00	2018-04-05 14:59:00	LIS	2018-04-05 16:33:00	2018-04-05 16:36:00	2018-04-05 12:40:00	J	TP	2018-04-05 15:07:40	248.0	93.0	R	16.0	170.0	10.0	6.21		FEW	M	M	4000.0								18.0	230.0	12.0	6.21		M	M	M								
468316	2018-04-05 00:00:00	761.0	GPOWM	320	AIRBUS A320-211	NB	OSL	2018-04-05 10:45:00	2018-04-05 12:20:00	2018-04-05 12:30:00	LIS	2018-04-05 16:27:00	2018-04-05 16:30:00	2018-04-05 14:50:00	J	TP	2018-04-05 14:01:59	95.0	93.0	0	2.0	30.0	3.0	5.59		SCT	BKN	M	200.0	400.0							18.0	230.0	12.0	6.21		M	M	M								
468317	2018-04-05 00:00:00	1453.0	CSTTO	319	AIRBUS A319-111	NB	RAK	2018-04-05 10:45:00	2018-04-05 12:21:00	2018-04-05 12:31:00	LIS	2018-04-05 13:58:00	2018-04-05 14:07:00	2018-04-05 12:20:00	J	TP	2018-04-09 11:08:59	96.0	93.0	L	24.0	320.0	5.0	6.21		M	M	M									19.0	140.0	8.0	6.21		FEW	M	M	2500.0							
468318	2018-04-05 00:00:00	483.0	CSTPU	E90	EMBRAER 190	PGA	NCE	2018-04-05 10:55:00	2018-04-05 12:01:00	2018-04-05 12:12:00	LIS	2018-04-05 14:29:00	2018-04-05 14:35:00	2018-04-05 13:35:00	J	NI	2018-04-09 09:00:59	15.0	81.0	0	15.0	100.0	8.0	6.21		FEW	M	M	1600.0								18.0	160.0	7.0	6.21		FEW	M	M	2500.0							
468319	2018-04-05 00:00:00	331.0	CSTTG	319	AIRBUS A319-111	NB	LGW	2018-04-05 11:00:00	2018-04-05 10:51:00	2018-04-05 11:07:00	OPO	2018-04-05 13:03:00	2018-04-05 13:06:00	2018-04-05 13:20:00	J	TP					9.0	320.0	5.0	6.21		FEW	M	M	3400.0								16.0	190.0	11.0	6.21		M	M	M								
468320	2018-04-05 00:00:00	693.0	CSTNI	320	AIRBUS A320-211	NB	LUX	2018-04-05 11:00:00	2018-04-05 13:14:00	2018-04-05 13:22:00	LIS	2018-04-05 15:56:00	2018-04-05 16:00:00	2018-04-05 13:50:00	J	TP	2018-04-09 10:31:59	123.0	93.0	L	6.0	290.0	8.0	6.21		FEW	BKN	M	1700.0	4000.0							18.0	210.0	12.0	6.21		FEW	M	M	3000.0							
468321	2018-04-05 00:00:00	1901.0	CSTNH	320	AIRBUS A320-211	NB	LIS	2018-04-05 11:00:00	2018-04-05 11:52:00	2018-04-05 12:03:00	FAO	2018-04-05 12:32:00	2018-04-05 12:36:00	2018-04-05 11:45:00	J	TP	2018-04-05 12:03:59	52.0	89.0	0	16.0		6.0	6.21		FEW	M	M	1800.0								21.0	110.0	9.0	6.21		M	M	M								
468322	2018-04-05 00:00:00	1936.0	CSDJE	AT7	ATR 72	WI	LIS	2018-04-05 11:00:00	2018-04-05 13:25:00	2018-04-05 13:36:00	OPO	2018-04-05 14:26:00	2018-04-05 14:31:00	2018-04-05 12:00:00	J	WI	2018-04-05 13:46:59	13.0	89.0	0	18.0	130.0	7.0	6.21		FEW	M	M	2000.0								16.0	210.0	11.0	6.21		M	M	M								
468323	2018-04-05 00:00:00	354.0	CSTPQ	E90	EMBRAER 190	PGA	OPO	2018-04-05 11:05:00	2018-04-05 11:20:00	2018-04-05 11:36:00	LCY	2018-04-05 13:30:00	2018-04-05 13:33:00	2018-04-05 13:20:00	J	NI	2018-04-05 11:41:55	10.0	63.0	A	15.0	190.0	13.0	6.21		FEW	M	M	2500.0								12.0		3.0	6.21		NCD	M	M								
468324	2018-04-05 00:00:00	541.0	CSTPR	E90	EMBRAER 190	PGA	DUS	2018-04-05 11:05:00	2018-04-05 13:44:00	2018-04-05 13:55:00	LIS	2018-04-05 16:42:00	2018-04-05 16:46:00	2018-04-05 14:10:00	J	NI	2018-04-05 14:00:14	35.0	83.0	0	7.0	300.0	14.0	6.21		SCT	BKN	M	2500.0	6000.0							17.0	220.0	12.0	6.21		M	M	M								
468325	2018-04-05 00:00:00	658.0	FHBAL	319	AIRBUS A319-111	NB	OPO	2018-04-05 11:15:00	2018-04-05 12:31:00	2018-04-05 12:48:00	AMS	2018-04-05 14:58:00	2018-04-05 15:05:00	2018-04-05 14:00:00	J	TP	2018-04-05 12:51:11	76.0	84.0	0	15.0	190.0	13.0	6.21		M	M	M									8.0	310.0	14.0	6.21		FEW	M	M	3200.0							
468326	2018-04-05 00:00:00	561.0	CSTTQ	319	AIRBUS A319-111	NB	HAM	2018-04-05 11:20:00	2018-04-05 13:33:00	2018-04-05 13:39:00	LIS	2018-04-05 16:50:00	2018-04-05 16:55:00	2018-04-05 14:50:00	J	TP	2018-04-09 11:34:59	16.0	85.0	C	9.0	250.0	16.0	6.21		BKN	M	M	2800.0								17.0	220.0	12.0	6.21		M	M	M								
468327	2018-04-05 00:00:00	1102.0	CSDJH	AT7	ATR 72	WI	LIS	2018-04-05 11:20:00	2018-04-05 15:33:00	2018-04-05 15:48:00	SVQ	2018-04-05 16:39:00	2018-04-05 16:44:00	2018-04-05 12:35:00	J	WI	2018-04-17 08:50:59	5.0	89.0	0	19.0	220.0	9.0	6.21		FEW	M	M	3000.0								25.0	100.0	5.0	6.21		M	M	M								
468328	2018-04-05 00:00:00	1140.0	CSDJD	AT7	ATR 72	WI	LIS	2018-04-05 11:20:00	2018-04-05 12:28:00	2018-04-05 12:41:00	VGO	2018-04-05 13:43:00	2018-04-05 13:46:00	2018-04-05 12:40:00	J	WI	2018-04-05 12:48:59	8.0	89.0	A	16.0	90.0	6.0	6.21		FEW	M	M	2000.0								16.0	180.0	13.0	6.21	23.0	FEW	M	M	4000.0							
468329	2018-04-05 00:00:00	1271.0	CSTOE	332	AIRBUS A330-200	WB	VIE	2018-04-05 11:20:00	2018-04-05 12:06:00	2018-04-05 12:17:00	LIS	2018-04-05 15:31:00	2018-04-05 15:36:00	2018-04-05 14:55:00	J	TP	2018-04-09 11:06:59	1.0	89.0	0	14.0	280.0	13.0	6.21		M	M	M									19.0	220.0	9.0	6.21		FEW	M	M	3000.0							
468330	2018-04-05 00:00:00	573.0	CSTTR	319	AIRBUS A319-111	NB	FRA	2018-04-05 11:25:00	2018-04-05 13:22:00	2018-04-05 13:32:00	LIS	2018-04-05 16:21:00	2018-04-05 16:25:00	2018-04-05 14:35:00	J	TP	2018-04-06 01:05:59	11.0	81.0	0	11.0	250.0	15.0	6.21		FEW	SCT	BKN	2300.0	3200.0	7500.0						18.0	230.0	12.0	6.21		M	M	M								
468331	2018-04-05 00:00:00	836.0	CSTJG	321	AIRBUS A321-211	NB	LIS	2018-04-05 11:25:00	2018-04-05 12:06:00	2018-04-05 12:14:00	FCO	2018-04-05 14:38:00	2018-04-05 14:47:00	2018-04-05 14:15:00	J	TP	2018-04-05 12:34:59	41.0	89.0	0	16.0		6.0	6.21		FEW	M	M	1800.0								17.0	270.0	10.0	6.21		FEW	M	M	3000.0							
468332	2018-04-05 00:00:00	442.0	CSTRO	320	AIRBUS A320-211	NB	LIS	2018-04-05 11:30:00	2018-04-05 12:18:00	2018-04-05 12:28:00	ORY	2018-04-05 14:26:00	2018-04-05 14:33:00	2018-04-05 13:55:00	J	TP	2018-04-05 12:29:59	48.0	89.0	0	16.0	90.0	6.0	6.21		FEW	M	M	2000.0								12.0	260.0	8.0	6.21		M	M	M								
468333	2018-04-05 00:00:00	931.0	CSTTF	319	AIRBUS A319-111	NB	ZRH	2018-04-05 11:30:00	2018-04-05 12:20:00	2018-04-05 12:30:00	LIS	2018-04-05 15:04:00	2018-04-05 15:08:00	2018-04-05 14:20:00	J	TP	2018-04-05 12:48:05	27.0	83.0	0	13.0	220.0	13.0	6.21		FEW	FEW	SCT	3000.0	5000.0	9000.0						19.0	170.0	9.0	6.21		FEW	M	M	2500.0							
468334	2018-04-05 00:00:00	557.0	CSTTK	319	AIRBUS A319-111	NB	MUC	2018-04-05 11:35:00	2018-04-05 14:07:00	2018-04-05 14:20:00	LIS	2018-04-05 17:16:00	2018-04-05 17:19:00	2018-04-05 14:50:00	J	TP	2018-04-05 14:21:25	10.0	85.0	C	13.0	270.0	10.0	6.21		BKN	FEW	M	4900.0	6000.0							17.0	230.0	13.0	6.21		FEW	M	M	3000.0							
468335	2018-04-05 00:00:00	839.0	CSTNP	320	AIRBUS A320-211	NB	FCO	2018-04-05 11:35:00	2018-04-05 15:29:00	2018-04-05 15:49:00	LIS	2018-04-05 18:37:00	2018-04-05 18:42:00	2018-04-05 14:45:00	J	TP	2018-04-09 10:45:59	9.0	89.0	0	16.0	270.0	11.0	6.21		FEW	M	M	3000.0								15.0	240.0	13.0	6.21		M	M	M								
468336	2018-04-05 00:00:00	939.0	CSTTU	319	AIRBUS A319-111	NB	GVA	2018-04-05 11:40:00	2018-04-05 11:46:00	2018-04-05 11:59:00	OPO	2018-04-05 14:06:00	2018-04-05 14:12:00	2018-04-05 13:55:00	J	TP	2018-04-05 12:00:01	6.0	85.0	C	13.0	240.0	8.0	6.21		SCT	M	M	4500.0								16.0	210.0	11.0	6.21		M	M	M								
468337	2018-04-05 00:00:00	663.0	INEOW	738	BOEING 737-800		AMS	2018-04-05 11:45:00	2018-04-05 12:38:00	2018-04-05 12:47:00	LIS	2018-04-05 15:38:00	2018-04-05 15:41:00	2018-04-05 14:50:00	J	TP	2018-04-05 14:30:59	3.0	83.0	0	6.0	320.0	20.0	6.21		FEW	SCT	BKN	1800.0	2100.0	4000.0						19.0	220.0	9.0	6.21		FEW	M	M	3000.0							
468338	2018-04-05 00:00:00	201.0	CSTOP	332	AIRBUS A330-200	WB	LIS	2018-04-05 11:55:00	2018-04-05 12:46:00	2018-04-05 13:00:00	EWR	2018-04-05 20:38:00	2018-04-05 20:47:00	2018-04-05 19:50:00	J	TP	2018-04-05 13:05:59	51.0	89.0	0	17.0	140.0	6.0	6.21		FEW	M	M	2000.0											10.0		BKN	M	M	7999.0							
468339	2018-04-05 00:00:00	368.0	CSTNX	320	AIRBUS A320-211	NB	LIS	2018-04-05 11:55:00	2018-04-05 12:06:00	2018-04-05 12:21:00	LHR	2018-04-05 14:28:00	2018-04-05 14:31:00	2018-04-05 14:35:00	J	TP	2018-04-05 12:36:59	11.0	82.0	0	16.0		6.0	6.21		FEW	M	M	1800.0								12.0	220.0	6.0	6.21		NCD	M	M								
468340	2018-04-05 00:00:00	863.0	CSTTE	319	AIRBUS A319-111	NB	VCE	2018-04-05 11:55:00	2018-04-05 12:37:00	2018-04-05 12:46:00	LIS	2018-04-05 15:41:00	2018-04-05 15:44:00	2018-04-05 15:05:00	J	TP	2018-04-05 13:38:08	28.0	83.0	0	15.0	190.0	7.0	6.21		SCT	M	M	5700.0								19.0	220.0	9.0	6.21		FEW	M	M	3000.0							
468341	2018-04-05 00:00:00	1938.0	CSDJF	AT7	ATR 72	WI	LIS	2018-04-05 12:00:00	2018-04-05 12:40:00	2018-04-05 12:53:00	OPO	2018-04-05 13:46:00	2018-04-05 13:50:00	2018-04-05 13:00:00	J	WI	2018-04-05 12:56:59	40.0	89.0	0	16.0	90.0	6.0	6.21		FEW	M	M	2000.0								16.0	210.0	11.0	6.21		M	M	M								
468342	2018-04-05 00:00:00	439.0	CSTNN	320	AIRBUS A320-211	NB	ORY	2018-04-05 12:10:00	2018-04-05 13:23:00	2018-04-05 13:39:00	LIS	2018-04-05 15:53:00	2018-04-05 15:56:00	2018-04-05 14:40:00	J	TP	2018-04-09 11:31:59	44.0	83.0	0	11.0	290.0	8.0	6.21		SCT	BKN	M	4600.0	5300.0							18.0	210.0	12.0	6.21		FEW	M	M	3000.0							
468343	2018-04-05 00:00:00	466.0	CSTPS	E90	EMBRAER 190	PGA	LIS	2018-04-05 12:10:00	2018-04-05 13:58:00	2018-04-05 14:08:00	BOD	2018-04-05 15:38:00	2018-04-05 15:42:00	2018-04-05 13:55:00	J	NI	2018-04-05 14:10:59	31.0	89.0	0	19.0	140.0	8.0	6.21		FEW	M	M	2500.0								17.0	90.0	9.0	6.21		M	M	M								
468344	2018-04-05 00:00:00	1682.0	CSTTP	319	AIRBUS A319-111	NB	FNC	2018-04-05 12:10:00	2018-04-05 13:03:00	2018-04-05 13:14:00	LIS	2018-04-05 14:35:00	2018-04-05 14:40:00	2018-04-05 13:50:00	J	TP	2018-04-05 13:16:13	3.0	83.0	0	20.0	200.0	13.0	6.21		SCT	SCT	M	1800.0	3000.0							18.0	160.0	7.0	6.21		FEW	M	M	2500.0							
468345	2018-04-05 00:00:00	79.0	CSTOO	332	AIRBUS A330-200	WB	OPO	2018-04-05 12:20:00	2018-04-05 12:26:00	2018-04-05 12:38:00	GIG	2018-04-05 22:42:00	2018-04-05 22:46:00	2018-04-05 22:40:00	J	TP	2018-04-05 13:04:17	6.0	89.0	0	15.0	190.0	13.0	6.21		M	M	M									27.0	130.0	9.0	6.21		SCT	BKN	M	2000.0	4000.0						
468346	2018-04-05 00:00:00	1028.0	CSTTN	319	AIRBUS A319-111	NB	LIS	2018-04-05 12:20:00	2018-04-05 13:59:00	2018-04-05 14:11:00	MAD	2018-04-05 14:57:00	2018-04-05 15:01:00	2018-04-05 13:35:00	J	TP	2018-04-05 14:17:59	39.0	89.0	0	19.0	140.0	8.0	6.21		FEW	M	M	2500.0								18.0	120.0	6.0	6.21		M	M	M								
468347	2018-04-05 00:00:00	1861.0	CSTTB	319	AIRBUS A319-111	NB	OPO	2018-04-05 12:20:00	2018-04-05 12:20:00	2018-04-05 12:30:00	PDL	2018-04-05 14:56:00	2018-04-05 14:59:00	2018-04-05 14:45:00	J	TP					15.0	190.0	13.0	6.21		M	M	M									14.0	290.0	24.0	6.21		FEW	SCT	M	2000.0	4000.0						
468348	2018-04-05 00:00:00	522.0	CSTPO	E90	EMBRAER 190	PGA	LIS	2018-04-05 12:25:00	2018-04-05 14:35:00	2018-04-05 14:45:00	STR	2018-04-05 17:13:00	2018-04-05 17:19:00	2018-04-05 15:15:00	J	NI	2018-04-05 14:47:59	42.0	89.0	0	18.0	160.0	7.0	6.21		FEW	M	M	2500.0								9.0	270.0	15.0	6.21		FEW	M	M	3600.0							
468349	2018-04-05 00:00:00	926.0	CSTNW	320	AIRBUS A320-211	NB	LIS	2018-04-05 12:30:00	2018-04-05 15:10:00	2018-04-05 15:28:00	ZRH	2018-04-05 17:45:00	2018-04-05 17:48:00	2018-04-05 15:10:00	J	TP	2018-04-05 15:34:59	7.0	89.0	0	19.0	170.0	9.0	6.21		FEW	M	M	2500.0								9.0	290.0	8.0	6.21		FEW	BKN	M	2000.0	2800.0						
468350	2018-04-05 00:00:00	1039.0	CSTNL	320	AIRBUS A320-211	NB	BCN	2018-04-05 12:30:00	2018-04-05 14:11:00	2018-04-05 14:22:00	LIS	2018-04-05 15:59:00	2018-04-05 16:02:00	2018-04-05 14:25:00	J	TP	2018-04-05 15:23:40	13.0	83.0	0	16.0	170.0	10.0	6.21		FEW	M	M	3000.0								18.0	210.0	12.0	6.21		FEW	M	M	3000.0							
468351	2018-04-05 00:00:00	1681.0	CSTTC	319	AIRBUS A319-111	NB	LIS	2018-04-05 12:30:00	2018-04-05 13:17:00	2018-04-05 13:26:00	FNC	2018-04-05 14:50:00	2018-04-05 14:52:00	2018-04-05 14:15:00	J	TP	2018-04-05 13:34:59	42.0	89.0	0	18.0	130.0	7.0	6.21		FEW	M	M	2000.0								20.0	10.0	7.0	6.21		SCT	SCT	M	1600.0	3000.0						
468352	2018-04-05 00:00:00	1906.0	CSTNH	320	AIRBUS A320-211	NB	FAO	2018-04-05 12:30:00	2018-04-05 13:05:00	2018-04-05 13:14:00	LIS	2018-04-05 13:55:00	2018-04-05 13:58:00	2018-04-05 13:15:00	J	TP	2018-04-09 11:39:59	35.0	93.0	M	20.0	120.0	11.0	6.21		M	M	M									19.0	140.0	8.0	6.21		FEW	M	M	2500.0							
468353	2018-04-05 00:00:00	1939.0	CSDJE	AT7	ATR 72	WI	OPO	2018-04-05 12:30:00	2018-04-05 15:15:00	2018-04-05 15:23:00	LIS	2018-04-05 16:09:00	2018-04-05 16:14:00	2018-04-05 13:30:00	J	WI	2018-04-05 15:28:37	14.0	83.0	0	16.0	230.0	10.0	6.21		M	M	M									18.0	210.0	12.0	6.21		FEW	M	M	3000.0							
468354	2018-04-05 00:00:00	359.0	CSTTM	319	AIRBUS A319-111	NB	LHR	2018-04-05 12:45:00	2018-04-05 14:37:00	2018-04-05 14:54:00	LIS	2018-04-05 17:13:00	2018-04-05 17:16:00	2018-04-05 15:30:00	J	TP	2018-04-05 15:35:29	4.0	89.0	0	13.0	230.0	8.0	6.21		NCD	M	M									17.0	230.0	13.0	6.21		FEW	M	M	3000.0							
468355	2018-04-05 00:00:00	402.0	CSTPR	E90	EMBRAER 190	PGA	LIS	2018-04-05 12:45:00	2018-04-05 17:49:00	2018-04-05 18:10:00	MRS	2018-04-05 19:56:00	2018-04-05 20:00:00	2018-04-05 15:00:00	J	NI	2018-04-05 18:14:59	19.0	89.0	0	16.0	240.0	12.0	6.21		FEW	M	M	3000.0								13.0	270.0	6.0	6.21		M	M	M								
468356	2018-04-05 00:00:00	924.0	CSTPP	E90	EMBRAER 190	PGA	OPO	2018-04-05 12:45:00	2018-04-05 12:49:00	2018-04-05 13:00:00	ZRH	2018-04-05 15:15:00	2018-04-05 15:20:00	2018-04-05 15:15:00	J	NI	2018-04-05 13:01:10	4.0	84.0	0	16.0	190.0	11.0	6.21		M	M	M									10.0	290.0	14.0	6.21		FEW	SCT	M	1900.0	4500.0						
468357	2018-04-05 00:00:00	1119.0	CSTPT	E90	EMBRAER 190	PGA	LPA	2018-04-05 12:45:00	2018-04-05 13:56:00	2018-04-05 14:12:00	LIS	2018-04-05 16:04:00	2018-04-05 16:08:00	2018-04-05 15:00:00	J	NI	2018-04-05 14:35:24	14.0	83.0	0	21.0	30.0	26.0	6.21		FEW	M	M	3000.0								18.0	210.0	12.0	6.21		FEW	M	M	3000.0							
468358	2018-04-05 00:00:00	783.0	CSTMW	320	AIRBUS A320-211	NB	ARN	2018-04-05 12:50:00	2018-04-05 14:18:00	2018-04-05 14:29:00	LIS	2018-04-05 18:32:00	2018-04-05 18:35:00	2018-04-05 17:15:00	J	TP	2018-04-05 14:42:28	21.0	38.0	0	3.0	180.0	5.0	0.25		OVC	M	M	200.0								15.0	240.0	13.0	6.21		M	M	M								
468359	2018-04-05 00:00:00	1428.0	CSDJB	AT7	ATR 72	WI	LIS	2018-04-05 13:00:00	2018-04-05 14:30:00	2018-04-05 14:42:00	FEZ	2018-04-05 16:20:00	2018-04-05 16:25:00	2018-04-05 14:55:00	J	WI	2018-04-05 15:03:59	32.0	89.0	0	18.0	160.0	7.0	6.21		FEW	M	M	2500.0								25.0	340.0	5.0	6.21		SCT	FEW	SCT	3000.0	3300.0	10000.0					
468360	2018-04-05 00:00:00	1946.0	CSDJA	AT7	ATR 72	WI	LIS	2018-04-05 13:00:00	2018-04-05 13:28:00	2018-04-05 13:39:00	OPO	2018-04-05 14:31:00	2018-04-05 14:35:00	2018-04-05 14:00:00	J	WI	2018-04-05 13:45:59	28.0	89.0	0	18.0	130.0	7.0	6.21		FEW	M	M	2000.0								16.0	210.0	11.0	6.21		M	M	M								
468361	2018-04-05 00:00:00	1042.0	CSTNM	320	AIRBUS A320-211	NB	LIS	2018-04-05 13:05:00	2018-04-05 13:30:00	2018-04-05 13:47:00	BCN	2018-04-05 15:13:00	2018-04-05 15:19:00	2018-04-05 14:55:00	J	TP	2018-04-05 13:49:59	25.0	89.0	0	18.0	130.0	7.0	6.21		FEW	M	M	2000.0								16.0	180.0	10.0	6.21		FEW	M	M	4000.0							
468362	2018-04-05 00:00:00	484.0	CSTPW	E90	EMBRAER 190	PGA	LIS	2018-04-05 13:10:00	2018-04-05 14:15:00	2018-04-05 14:33:00	NCE	2018-04-05 16:32:00	2018-04-05 16:35:00	2018-04-05 15:35:00	J	NI	2018-04-05 14:34:59	17.0	89.0	0	19.0	140.0	8.0	6.21		FEW	M	M	2500.0								15.0	140.0	4.0	6.21		FEW	M	M	2300.0							
468363	2018-04-05 00:00:00	948.0	CSTQD	320	AIRBUS A320-211	NB	LIS	2018-04-05 13:10:00	2018-04-05 13:46:00	2018-04-05 13:59:00	GVA	2018-04-05 16:04:00	2018-04-05 16:08:00	2018-04-05 15:30:00	J	TP	2018-04-05 14:04:59	36.0	89.0	0	19.0	140.0	8.0	6.21		FEW	M	M	2500.0								14.0	310.0	3.0	6.21		SCT	M	M	5500.0							
468364	2018-04-05 00:00:00	1265.0	CSTTD	319	AIRBUS A319-111	NB	WAW	2018-04-05 13:10:00	2018-04-05 14:24:00	2018-04-05 14:33:00	LIS	2018-04-05 18:27:00	2018-04-05 18:32:00	2018-04-05 17:25:00	J	TP	2018-04-05 14:38:18	5.0	87.0	0	20.0	290.0	10.0	6.21		M	M	M									15.0	240.0	13.0	6.21		M	M	M								
468365	2018-04-05 00:00:00	1450.0	CSTTZ	E95	EMBRAER 195	PGA	LIS	2018-04-05 13:10:00	2018-04-05 15:46:00	2018-04-05 16:03:00	RAK	2018-04-05 17:17:00	2018-04-05 17:21:00	2018-04-05 14:45:00	J	NI	2018-04-05 17:06:59	13.0	67.0	0	18.0	210.0	12.0	6.21		FEW	M	M	3000.0								26.0	270.0	8.0	6.21		FEW	M	M	2600.0							
468366	2018-04-05 00:00:00	1105.0	CSDJH	AT7	ATR 72	WI	SVQ	2018-04-05 13:15:00	2018-04-05 17:24:00	2018-04-05 17:33:00	LIS	2018-04-05 18:42:00	2018-04-05 18:47:00	2018-04-05 14:25:00	J	WI	2018-04-05 17:38:37	10.0	83.0	0	24.0	80.0	8.0	6.21		M	M	M									14.0	250.0	12.0	6.21		M	M	M								
468367	2018-04-05 00:00:00	1434.0	CSTNS	320	AIRBUS A320-211	NB	LIS	2018-04-05 13:15:00	2018-04-05 14:35:00	2018-04-05 14:50:00	CMN	2018-04-05 15:52:00	2018-04-05 15:56:00	2018-04-05 14:55:00	J	TP	2018-04-05 14:56:59	21.0	89.0	0	18.0	160.0	7.0	6.21		FEW	M	M	2500.0								19.0	330.0	13.0	6.21		FEW	M	M	1600.0							
468368	2018-04-05 00:00:00	1868.0	CSTNT	320	AIRBUS A320-211	NB	PDL	2018-04-05 13:15:00	2018-04-05 15:13:00	2018-04-05 15:21:00	LIS	2018-04-05 17:11:00	2018-04-05 17:16:00	2018-04-05 15:30:00	J	TP	2018-04-05 15:26:31	15.0	83.0	0	14.0	290.0	24.0	6.21		FEW	SCT	M	2000.0	4000.0							17.0	230.0	13.0	6.21		FEW	M	M	3000.0							
468369	2018-04-05 00:00:00	472.0	CSTTY	E95	EMBRAER 195	PGA	LIS	2018-04-05 13:20:00	2018-04-05 14:10:00	2018-04-05 14:27:00	LYS	2018-04-05 16:19:00	2018-04-05 16:25:00	2018-04-05 15:35:00	J	NI	2018-04-05 14:32:59	17.0	89.0	0	19.0	140.0	8.0	6.21		FEW	M	M	2500.0								14.0	10.0	9.0	6.21		M	M	M								
468370	2018-04-05 00:00:00	586.0	CSTPV	E90	EMBRAER 190	PGA	LIS	2018-04-05 13:20:00	2018-04-05 14:04:00	2018-04-05 14:17:00	CGN	2018-04-05 16:39:00	2018-04-05 16:43:00	2018-04-05 16:10:00	J	NI	2018-04-05 14:29:59	39.0	89.0	0	19.0	140.0	8.0	6.21		FEW	M	M	2500.0								8.0	310.0	13.0	6.21		FEW	SCT	M	4000.0	6000.0						
468371	2018-04-05 00:00:00	1141.0	CSDJD	AT7	ATR 72	WI	VGO	2018-04-05 13:20:00	2018-04-05 14:31:00	2018-04-05 14:46:00	LIS	2018-04-05 15:45:00	2018-04-05 15:48:00	2018-04-05 14:40:00	J	WI	2018-04-05 15:12:34	15.0	83.0	0	16.0	190.0	16.0	6.21	27.0	M	M	M									18.0	210.0	12.0	6.21		FEW	M	M	3000.0							
468372	2018-04-05 00:00:00	324.0	CSTTW	E95	EMBRAER 195	PGA	LIS	2018-04-05 13:25:00	2018-04-05 17:08:00	2018-04-05 17:24:00	MAN	2018-04-05 19:35:00	2018-04-05 19:40:00	2018-04-05 16:15:00	J	NI	2018-04-05 17:28:59	27.0	89.0	0	17.0	220.0	12.0	6.21		M	M	M									9.0	140.0	5.0	6.21		NCD	M	M								
468373	2018-04-05 00:00:00	1274.0	ECHDS	757	757		LIS	2018-04-05 13:25:00	2018-04-05 15:09:00	2018-04-05 15:23:00	VIE	2018-04-05 18:18:00	2018-04-05 18:24:00	2018-04-05 16:45:00	J	TP	2018-04-05 15:27:59	60.0	16.0	0	19.0	170.0	9.0	6.21		FEW	M	M	2500.0								12.0	310.0	6.0	6.21		M	M	M								
468374	2018-04-05 00:00:00	643.0	CSTTA	319	AIRBUS A319-111	NB	BRU	2018-04-05 13:30:00	2018-04-05 15:15:00	2018-04-05 15:25:00	LIS	2018-04-05 17:57:00	2018-04-05 18:00:00	2018-04-05 16:20:00	J	TP	2018-04-09 10:24:59	105.0	93.0	M	8.0	330.0	8.0	6.21		FEW	M	M	3900.0								16.0	240.0	12.0	6.21		FEW	M	M	3000.0							
468375	2018-04-05 00:00:00	1123.0	CSDJF	AT7	ATR 72	WI	ALC	2018-04-05 13:30:00	2018-04-05 19:18:00	2018-04-05 19:23:00	LIS	2018-04-05 21:36:00	2018-04-05 21:38:00	2018-04-05 16:00:00	J	WI	2018-04-05 19:37:58	348.0	93.0	0	16.0	30.0	4.0	6.21		M	M	M									12.0	240.0	5.0	6.21		M	M	M								
468376	2018-04-05 00:00:00	1558.0	CSTNJ	320	AIRBUS A320-211	NB	VXE	2018-04-05 13:30:00	2018-04-05 15:14:00	2018-04-05 15:20:00	LIS	2018-04-05 18:57:00	2018-04-05 18:57:00	2018-04-05 17:25:00	J	TP	2018-04-09 11:32:59	104.0	93.0	L	25.0	50.0	22.0	6.21		FEW	SCT	M	2200.0	20000.0							14.0	250.0	12.0	6.21		M	M	M								
468377	2018-04-05 00:00:00	1947.0	CSDJF	AT7	ATR 72	WI	OPO	2018-04-05 13:30:00	2018-04-05 14:25:00	2018-04-05 14:33:00	LIS	2018-04-05 15:20:00	2018-04-05 15:22:00	2018-04-05 14:30:00	J	WI	2018-04-05 14:46:21	5.0	89.0	0	16.0	210.0	11.0	6.21		M	M	M									19.0	220.0	9.0	6.21		FEW	M	M	3000.0							
468378	2018-04-05 00:00:00	1300.0	CSTNR	320	AIRBUS A320-211	NB	LIS	2018-04-05 13:35:00	2018-04-05 14:45:00	2018-04-05 14:58:00	PRG	2018-04-05 17:48:00	2018-04-05 17:52:00	2018-04-05 16:50:00	J	TP	2018-04-05 15:01:59	10.0	89.0	0	18.0	160.0	7.0	6.21		FEW	M	M	2500.0								8.0	240.0	13.0	6.21		FEW	SCT	M	4000.0	4600.0						
468379	2018-04-05 00:00:00	687.0	CSTTS	319	AIRBUS A319-111	NB	LUX	2018-04-05 13:40:00	2018-04-05 13:46:00	2018-04-05 13:56:00	OPO	2018-04-05 16:13:00	2018-04-05 16:18:00	2018-04-05 16:10:00	J	TP	2018-04-05 14:02:17	6.0	93.0	R	7.0	270.0	8.0	6.21		FEW	BKN	M	1800.0	4000.0							15.0	220.0	10.0	6.21		M	M	M								
468380	2018-04-05 00:00:00	576.0	CSTTJ	319	AIRBUS A319-111	NB	LIS	2018-04-05 13:45:00	2018-04-05 15:26:00	2018-04-05 15:42:00	FRA	2018-04-05 18:09:00	2018-04-05 18:18:00	2018-04-05 16:50:00	J	TP	2018-04-09 12:02:59	31.0	89.0	0	19.0	220.0	9.0	6.21		FEW	M	M	3000.0								8.0	310.0	8.0	6.21		FEW	BKN	M	2700.0	6000.0						
468381	2018-04-05 00:00:00	871.0	CSTNK	320	AIRBUS A320-211	NB	BLQ	2018-04-05 13:45:00	2018-04-05 14:12:00	2018-04-05 14:21:00	LIS	2018-04-05 17:03:00	2018-04-05 17:07:00	2018-04-05 16:45:00	J	TP	2018-04-05 14:35:23	10.0	83.0	0	15.0	300.0	7.0	4.97		SCT	M	M	2500.0								17.0	220.0	12.0	6.21		M	M	M								
468382	2018-04-05 00:00:00	353.0	CSTPQ	E90	EMBRAER 190	PGA	LCY	2018-04-05 13:50:00	2018-04-05 14:09:00	2018-04-05 14:21:00	OPO	2018-04-05 16:33:00	2018-04-05 16:40:00	2018-04-05 16:10:00	J	NI	2018-04-05 15:17:36	6.0	87.0	F	13.0	220.0	7.0	6.21		NCD	M	M									15.0	220.0	10.0	6.21		M	M	M								
468383	2018-04-05 00:00:00	432.0	CSTJF	321	AIRBUS A321-211	NB	LIS	2018-04-05 13:50:00	2018-04-05 15:04:00	2018-04-05 15:17:00	ORY	2018-04-05 17:13:00	2018-04-05 17:18:00	2018-04-05 16:15:00	J	TP	2018-04-05 15:21:59	12.0	89.0	0	19.0	170.0	9.0	6.21		FEW	M	M	2500.0								10.0	120.0	3.0	6.21		M	M	M								
468384	2018-04-05 00:00:00	554.0	CSTJH	321	AIRBUS A321-211	NB	LIS	2018-04-05 13:55:00	2018-04-05 14:55:00	2018-04-05 15:13:00	MUC	2018-04-05 17:48:00	2018-04-05 17:55:00	2018-04-05 16:55:00	J	TP	2018-04-05 15:22:59	33.0	89.0	0	19.0	170.0	9.0	6.21		FEW	M	M	2500.0								9.0	290.0	10.0	6.21		SCT	BKN	M	1600.0	3500.0						
468385	2018-04-05 00:00:00	662.0	CSTNG	320	AIRBUS A320-211	NB	LIS	2018-04-05 13:55:00	2018-04-05 14:59:00	2018-04-05 15:09:00	AMS	2018-04-05 17:32:00	2018-04-05 17:40:00	2018-04-05 16:50:00	J	TP	2018-04-05 15:10:59	59.0	84.0	0	19.0	170.0	9.0	6.21		FEW	M	M	2500.0								6.0	280.0	10.0	6.21		FEW	M	M	2200.0							
468386	2018-04-05 00:00:00	356.0	LYPGC	737	BOEING 737 ALL SERIES		LIS	2018-04-05 14:05:00	2018-04-05 14:51:00	2018-04-05 15:01:00	LHR	2018-04-05 17:02:00	2018-04-05 17:08:00	2018-04-05 16:45:00	J	TP	2018-04-05 15:23:59	46.0	16.0	0	19.0	170.0	9.0	6.21		FEW	M	M	2500.0								10.0	190.0	10.0	6.21		NCD	M	M								
468387	2018-04-05 00:00:00	1315.0	CSTNQ	320	AIRBUS A320-211	NB	BUD	2018-04-05 14:10:00	2018-04-05 15:43:00	2018-04-05 15:54:00	LIS	2018-04-05 19:28:00	2018-04-05 19:31:00	2018-04-05 18:00:00	J	TP	2018-04-05 15:56:34	10.0	83.0	0	18.0	260.0	9.0	6.21		M	M	M									14.0	260.0	12.0	6.21		M	M	M								
468388	2018-04-05 00:00:00	496.0	CSTPU	E90	EMBRAER 190	PGA	LIS	2018-04-05 14:15:00	2018-04-05 15:42:00	2018-04-05 16:00:00	TLS	2018-04-05 17:26:00	2018-04-05 17:33:00	2018-04-05 16:05:00	J	NI	2018-04-05 16:02:59	22.0	89.0	0	19.0	220.0	9.0	6.21		FEW	M	M	3000.0								16.0	50.0	5.0	6.21		M	M	M								
468389	2018-04-05 00:00:00	1027.0	CSTTN	319	AIRBUS A319-111	NB	MAD	2018-04-05 14:30:00	2018-04-05 15:48:00	2018-04-05 16:00:00	LIS	2018-04-05 16:58:00	2018-04-05 17:01:00	2018-04-05 15:50:00	J	TP	2018-04-05 16:16:42	2.0	83.0	0	18.0	140.0	3.0	6.21		M	M	M									17.0	220.0	12.0	6.21		M	M	M								
468390	2018-04-05 00:00:00	1949.0	CSDJA	AT7	ATR 72	WI	OPO	2018-04-05 14:30:00	2018-04-05 15:21:00	2018-04-05 15:33:00	LIS	2018-04-05 16:18:00	2018-04-05 16:30:00	2018-04-05 15:30:00	J	WI	2018-04-05 15:35:28	16.0	83.0	0	15.0	230.0	9.0	6.21		M	M	M									18.0	230.0	12.0	6.21		M	M	M								
468391	2018-04-05 00:00:00	467.0	CSTPS	E90	EMBRAER 190	PGA	BOD	2018-04-05 14:35:00	2018-04-05 16:21:00	2018-04-05 16:41:00	LIS	2018-04-05 18:19:00	2018-04-05 18:26:00	2018-04-05 16:30:00	J	NI	2018-04-09 08:55:59	106.0	93.0	0	17.0	120.0	10.0	6.21		M	M	M									15.0	240.0	13.0	6.21		M	M	M								
468392	2018-04-05 00:00:00	842.0	CSTNH	320	AIRBUS A320-211	NB	LIS	2018-04-05 14:35:00	2018-04-05 15:16:00	2018-04-05 15:31:00	FCO	2018-04-05 17:52:00	2018-04-05 18:01:00	2018-04-05 17:25:00	J	TP	2018-04-05 15:41:59	8.0	89.0	0	19.0	220.0	9.0	6.21		FEW	M	M	3000.0								14.0	300.0	8.0	6.21		FEW	M	M	500.0							
468393	2018-04-05 00:00:00	441.0	CSTRO	320	AIRBUS A320-211	NB	ORY	2018-04-05 14:40:00	2018-04-05 15:28:00	2018-04-05 15:38:00	LIS	2018-04-05 17:50:00	2018-04-05 17:52:00	2018-04-05 17:10:00	J	TP	2018-04-09 08:54:59	10.0	83.0	0	12.0	270.0	8.0	6.21		M	M	M									16.0	240.0	12.0	6.21		FEW	M	M	3000.0							
468394	2018-04-05 00:00:00	659.0	FHBAL	319	AIRBUS A319-111	NB	AMS	2018-04-05 14:45:00	2018-04-05 15:55:00	2018-04-05 16:04:00	OPO	2018-04-05 18:28:00	2018-04-05 18:31:00	2018-04-05 17:30:00	J	TP	2018-04-06 01:16:59	6.0	89.0	0	8.0	300.0	12.0	6.21		FEW	M	M	2800.0								14.0	200.0	9.0	6.21		M	M	M								
468395	2018-04-05 00:00:00	824.0	CSTTH	319	AIRBUS A319-111	NB	LIS	2018-04-05 14:50:00	2018-04-05 15:17:00	2018-04-05 15:33:00	MXP	2018-04-05 17:47:00	2018-04-05 17:58:00	2018-04-05 17:25:00	J	TP	2018-04-05 15:36:59	10.0	89.0	0	19.0	220.0	9.0	6.21		FEW	M	M	3000.0								16.0	240.0	6.0	6.21		M	M	M								
468396	2018-04-05 00:00:00	644.0	FHBIS	320	AIRBUS A320-211	NB	LIS	2018-04-05 14:55:00	2018-04-05 16:07:00	2018-04-05 16:28:00	BRU	2018-04-05 18:37:00	2018-04-05 18:43:00	2018-04-05 17:35:00	J	TP	2018-04-05 16:30:59	9.0	89.0	0	18.0	210.0	12.0	6.21		FEW	M	M	3000.0								6.0	10.0	3.0	6.21		M	M	M								
468397	2018-04-05 00:00:00	1676.0	CSTTC	319	AIRBUS A319-111	NB	FNC	2018-04-05 15:00:00	2018-04-05 15:38:00	2018-04-05 15:49:00	LIS	2018-04-05 17:08:00	2018-04-05 17:18:00	2018-04-05 16:35:00	J	TP	2018-04-05 15:49:37	8.0	83.0	0	19.0		6.0	6.21		SCT	M	M	1600.0								17.0	230.0	13.0	6.21		FEW	M	M	3000.0							
468398	2018-04-05 00:00:00	1960.0	CSDJC	AT7	ATR 72	WI	LIS	2018-04-05 15:00:00	2018-04-05 15:42:00	2018-04-05 15:58:00	OPO	2018-04-05 16:50:00	2018-04-05 16:53:00	2018-04-05 16:00:00	J	WI	2018-04-05 16:21:59	42.0	89.0	0	19.0	220.0	9.0	6.21		FEW	M	M	3000.0								15.0	220.0	10.0	6.21		M	M	M								
468399	2018-04-05 00:00:00	456.0	CSTTG	319	AIRBUS A319-111	NB	OPO	2018-04-05 15:05:00	2018-04-05 15:13:00	2018-04-05 15:21:00	ORY	2018-04-05 17:04:00	2018-04-05 17:10:00	2018-04-05 17:10:00	J	TP	2018-04-05 15:31:41	4.0	89.0	0	16.0	230.0	10.0	6.21		M	M	M									10.0		2.0	6.21		M	M	M								
468400	2018-04-05 00:00:00	833.0	CSTJG	321	AIRBUS A321-211	NB	FCO	2018-04-05 15:05:00	2018-04-05 15:46:00	2018-04-05 16:05:00	LIS	2018-04-05 18:46:00	2018-04-05 18:51:00	2018-04-05 18:10:00	J	TP	2018-04-09 10:29:59	4.0	89.0	0	16.0	280.0	9.0	6.21		M	M	M									14.0	250.0	12.0	6.21		M	M	M								
468401	2018-04-05 00:00:00	1687.0	CSTTP	319	AIRBUS A319-111	NB	LIS	2018-04-05 15:05:00	2018-04-05 15:59:00	2018-04-05 16:23:00	FNC	2018-04-05 17:55:00	2018-04-05 17:58:00	2018-04-05 16:50:00	J	TP	2018-04-05 16:24:59	5.0	89.0	0	18.0	210.0	12.0	6.21		FEW	M	M	3000.0								19.0	30.0	6.0	6.21		FEW	M	M	1600.0							
468402	2018-04-05 00:00:00	364.0	CSTNL	320	AIRBUS A320-211	NB	LIS	2018-04-05 15:10:00	2018-04-05 17:13:00	2018-04-05 17:27:00	LHR	2018-04-05 19:31:00	2018-04-05 19:37:00	2018-04-05 17:50:00	J	TP	2018-04-05 18:19:59	26.0	41.0	A	17.0	220.0	12.0	6.21		M	M	M									7.0	160.0	9.0	6.21		NCD	M	M								
468403	2018-04-05 00:00:00	942.0	CSTTU	319	AIRBUS A319-111	NB	OPO	2018-04-05 15:15:00	2018-04-05 15:18:00	2018-04-05 15:26:00	GVA	2018-04-05 17:14:00	2018-04-05 17:18:00	2018-04-05 17:20:00	J	TP	2018-04-05 15:31:44	3.0	89.0	0	15.0	230.0	9.0	6.21		M	M	M									14.0		3.0	6.21		FEW	M	M	5000.0							
468404	2018-04-05 00:00:00	1529.0	CSTNU	320	AIRBUS A320-211	NB	ACC	2018-04-05 15:15:00	2018-04-05 17:20:00	2018-04-05 17:29:00	TMS	2018-04-05 18:47:00	2018-04-05 18:50:00	2018-04-05 16:55:00	J	TP	2018-04-09 12:09:59	25.0	93.0	M	30.0	200.0	14.0	3.11		FEW	M	M	1900.0								28.0	180.0	6.0	6.21		FEW	SCT	M	2000.0	11000.0						
468405	2018-04-05 00:00:00	1024.0	CSTTO	319	AIRBUS A319-111	NB	LIS	2018-04-05 15:20:00	2018-04-05 15:50:00	2018-04-05 16:11:00	MAD	2018-04-05 16:58:00	2018-04-05 17:02:00	2018-04-05 16:35:00	J	TP	2018-04-05 16:12:59	30.0	89.0	0	18.0	210.0	12.0	6.21		FEW	M	M	3000.0								19.0	180.0	1.0	6.21		M	M	M								
468406	2018-04-05 00:00:00	1092.0	CSDJD	AT7	ATR 72	WI	LIS	2018-04-05 15:20:00	2018-04-05 16:59:00	2018-04-05 17:18:00	VLC	2018-04-05 18:54:00	2018-04-05 19:00:00	2018-04-05 17:25:00	J	WI	2018-04-05 17:01:59	11.0	89.0	0	17.0	220.0	12.0	6.21		M	M	M									16.0	70.0	5.0	6.21		M	M	M								
468407	2018-04-05 00:00:00	1903.0	CSTNY	320	AIRBUS A320-211	NB	LIS	2018-04-05 15:25:00	2018-04-05 15:57:00	2018-04-05 16:14:00	FAO	2018-04-05 16:40:00	2018-04-05 16:44:00	2018-04-05 16:10:00	J	TP	2018-04-05 16:16:59	32.0	89.0	0	18.0	210.0	12.0	6.21		FEW	M	M	3000.0								21.0	130.0	4.0	6.21		M	M	M								
468408	2018-04-05 00:00:00	1451.0	CSTTZ	E95	EMBRAER 195	PGA	RAK	2018-04-05 15:30:00	2018-04-05 18:01:00	2018-04-05 18:21:00	LIS	2018-04-05 19:37:00	2018-04-05 19:41:00	2018-04-05 17:05:00	J	NI	2018-04-05 18:24:41	151.0	93.0	R	26.0	270.0	7.0	6.21		FEW	M	M	2600.0								14.0	260.0	12.0	6.21		M	M	M								
468409	2018-04-05 00:00:00	377.0	CSTNX	320	AIRBUS A320-211	NB	LHR	2018-04-05 15:35:00	2018-04-05 15:40:00	2018-04-05 15:51:00	LIS	2018-04-05 18:13:00	2018-04-05 18:17:00	2018-04-05 18:15:00	J	TP	2018-04-05 16:01:41	5.0	89.0	0	12.0	210.0	8.0	6.21		NCD	M	M									15.0	240.0	13.0	6.21		M	M	M								
468410	2018-04-05 00:00:00	1036.0	CSTNI	320	AIRBUS A320-211	NB	LIS	2018-04-05 15:35:00	2018-04-05 17:22:00	2018-04-05 17:30:00	BCN	2018-04-05 18:55:00	2018-04-05 19:01:00	2018-04-05 17:25:00	J	TP	2018-04-05 17:36:59	27.0	89.0	0	17.0	230.0	13.0	6.21		FEW	M	M	3000.0								14.0	140.0	3.0	6.21		FEW	M	M	1000.0							
468411	2018-04-05 00:00:00	1427.0	CSDJB	AT7	ATR 72	WI	FEZ	2018-04-05 15:35:00	2018-04-05 17:00:00	2018-04-05 17:06:00	LIS	2018-04-05 18:44:00	2018-04-05 18:51:00	2018-04-05 17:40:00	J	WI	2018-04-05 17:25:45	85.0	93.0	0	24.0	320.0	6.0	6.21		SCT	FEW	SCT	3000.0	3300.0	10000.0						14.0	250.0	12.0	6.21		M	M	M								
468412	2018-04-05 00:00:00	1443.0	CSTNS	320	AIRBUS A320-211	NB	CMN	2018-04-05 15:35:00	2018-04-05 16:44:00	2018-04-05 16:59:00	LIS	2018-04-05 18:00:00	2018-04-05 18:05:00	2018-04-05 17:15:00	J	TP	2018-04-05 17:29:38	8.0	81.0	0	19.0	320.0	11.0	6.21		FEW	M	M	1600.0								16.0	240.0	12.0	6.21		FEW	M	M	3000.0							
468413	2018-04-05 00:00:00	1866.0	CSTTB	319	AIRBUS A319-111	NB	PDL	2018-04-05 15:35:00	2018-04-05 15:40:00	2018-04-05 15:50:00	OPO	2018-04-05 17:47:00	2018-04-05 17:51:00	2018-04-05 17:50:00	J	TP	2018-04-05 16:02:29	5.0	93.0	R	14.0	300.0	22.0	6.21	32.0	FEW	SCT	M	2000.0	4000.0							15.0	210.0	8.0	6.21		M	M	M								
468414	2018-04-05 00:00:00	346.0	CSTPT	E90	EMBRAER 190	PGA	LIS	2018-04-05 15:40:00	2018-04-05 17:05:00	2018-04-05 17:21:00	LCY	2018-04-05 19:36:00	2018-04-05 19:38:00	2018-04-05 18:20:00	J	NI	2018-04-05 17:27:59	17.0	89.0	0	17.0	220.0	12.0	6.21		M	M	M									8.0	150.0	7.0	6.21		NCD	M	M								
468415	2018-04-05 00:00:00	401.0	CSTPR	E90	EMBRAER 190	PGA	MRS	2018-04-05 15:40:00	2018-04-05 20:50:00	2018-04-05 21:01:00	LIS	2018-04-05 23:07:00	2018-04-05 23:11:00	2018-04-05 18:05:00	J	NI	2018-04-09 08:53:59	10.0	89.0	0	12.0	280.0	8.0	6.21		M	M	M									12.0	280.0	3.0	6.21		M	M	M								
468416	2018-04-05 00:00:00	438.0	CSTTQ	319	AIRBUS A319-111	NB	LIS	2018-04-05 15:40:00	2018-04-05 18:11:00	2018-04-05 18:26:00	ORY	2018-04-05 20:19:00	2018-04-05 20:23:00	2018-04-05 18:05:00	J	TP	2018-04-05 18:28:59	36.0	89.0	0	16.0	240.0	12.0	6.21		FEW	M	M	3000.0								7.0	120.0	3.0	6.21		M	M	M								
468417	2018-04-05 00:00:00	1037.0	CSTNM	320	AIRBUS A320-211	NB	BCN	2018-04-05 15:40:00	2018-04-05 16:04:00	2018-04-05 16:14:00	LIS	2018-04-05 17:45:00	2018-04-05 17:48:00	2018-04-05 17:35:00	J	TP	2018-04-05 16:25:37	24.0	93.0	R	15.0	170.0	8.0	6.21		FEW	M	M	4000.0								16.0	240.0	12.0	6.21		FEW	M	M	3000.0							
468418	2018-04-05 00:00:00	22.0	CSTOH	332	AIRBUS A330-200	WB	LIS	2018-04-05 15:45:00	2018-04-05 16:19:00	2018-04-05 16:44:00	SSA	2018-04-06 00:58:00	2018-04-06 01:08:00	2018-04-06 00:20:00	J	TP	2018-04-05 17:37:59	29.0	89.0	0	18.0	230.0	12.0	6.21		M	M	M									27.0	90.0	8.0	6.21		FEW	M	M	2000.0							
468419	2018-04-05 00:00:00	523.0	CSTPO	E90	EMBRAER 190	PGA	STR	2018-04-05 15:55:00	2018-04-05 17:56:00	2018-04-05 18:04:00	LIS	2018-04-05 20:43:00	2018-04-05 20:47:00	2018-04-05 19:05:00	J	NI	2018-04-09 10:18:59	23.0	93.0	R	8.0	260.0	11.0	6.21		FEW	BKN	M	3600.0	6000.0							13.0	260.0	9.0	6.21		M	M	M								
468420	2018-04-05 00:00:00	921.0	CSTPP	E90	EMBRAER 190	PGA	ZRH	2018-04-05 16:00:00	2018-04-05 16:00:00	2018-04-05 16:32:00	OPO	2018-04-05 18:51:00	2018-04-05 18:55:00	2018-04-05 18:35:00	J	NI					10.0	290.0	13.0	6.21		FEW	M	M	2500.0								13.0	200.0	9.0	6.21		M	M	M								
468421	2018-04-05 00:00:00	927.0	CSTNW	320	AIRBUS A320-211	NB	ZRH	2018-04-05 16:00:00	2018-04-05 18:36:00	2018-04-05 18:48:00	LIS	2018-04-05 21:14:00	2018-04-05 21:19:00	2018-04-05 18:50:00	J	TP	2018-04-05 18:51:56	156.0	93.0	R	8.0	310.0	9.0	6.21		FEW	SCT	M	2000.0	8000.0							12.0	240.0	5.0	6.21		M	M	M								
468422	2018-04-05 00:00:00	1962.0	CSDJA	AT7	ATR 72	WI	LIS	2018-04-05 16:00:00	2018-04-05 17:24:00	2018-04-05 17:33:00	OPO	2018-04-05 18:25:00	2018-04-05 18:27:00	2018-04-05 17:00:00	J	WI	2018-04-05 17:39:59	24.0	89.0	0	17.0	230.0	13.0	6.21		FEW	M	M	3000.0								14.0	200.0	9.0	6.21		M	M	M								
468423	2018-04-05 00:00:00	11.0	CSTON	332	AIRBUS A330-200	WB	LIS	2018-04-05 16:05:00	2018-04-05 17:45:00	2018-04-05 18:07:00	REC	2018-04-06 01:27:00	2018-04-06 01:30:00	2018-04-05 23:45:00	J	TP	2018-04-05 18:07:59	25.0	89.0	0	17.0	230.0	13.0	6.21		FEW	M	M	3000.0								28.0	80.0	6.0	6.21		BKN	M	M	1800.0							
468424	2018-04-05 00:00:00	35.0	CSTOK	332	AIRBUS A330-200	WB	LIS	2018-04-05 16:05:00	2018-04-05 16:37:00	2018-04-05 16:59:00	FOR	2018-04-06 00:26:00	2018-04-06 00:37:00	2018-04-05 23:40:00	J	TP	2018-04-05 17:11:59	32.0	89.0	0	18.0	230.0	12.0	6.21		M	M	M									28.0	350.0	4.0	6.21		SCT	M	M	1900.0							
468425	2018-04-05 00:00:00	209.0	CSTOV	333	AIRBUS A330-300	WB	LIS	2018-04-05 16:10:00	2018-04-05 16:43:00	2018-04-05 17:05:00	JFK	2018-04-06 00:22:00	2018-04-06 00:40:00	2018-04-06 00:00:00	J	TP	2018-04-05 17:11:59	33.0	89.0	0	18.0	230.0	12.0	6.21		M	M	M												10.0		CLR	M	M								
468426	2018-04-05 00:00:00	477.0	CSTTY	E95	EMBRAER 195	PGA	LYS	2018-04-05 16:15:00	2018-04-05 17:20:00	2018-04-05 17:30:00	LIS	2018-04-05 19:41:00	2018-04-05 19:45:00	2018-04-05 18:45:00	J	NI	2018-04-09 08:57:59	15.0	16.0	H	14.0	30.0	8.0	6.21		M	M	M									14.0	260.0	12.0	6.21		M	M	M								
468427	2018-04-05 00:00:00	487.0	CSTPW	E90	EMBRAER 190	PGA	NCE	2018-04-05 16:15:00	2018-04-05 17:10:00	2018-04-05 17:27:00	LIS	2018-04-05 19:44:00	2018-04-05 19:49:00	2018-04-05 18:50:00	J	NI	2018-04-09 09:01:59	55.0	93.0	0	15.0	90.0	3.0	6.21		FEW	M	M	2300.0								13.0	260.0	11.0	6.21		M	M	M								
468428	2018-04-05 00:00:00	947.0	CSTQD	320	AIRBUS A320-211	NB	GVA	2018-04-05 16:20:00	2018-04-05 17:05:00	2018-04-05 17:19:00	LIS	2018-04-05 19:34:00	2018-04-05 19:38:00	2018-04-05 18:55:00	J	TP	2018-04-09 10:46:59	7.0	15.0	D	14.0	20.0	5.0	6.21		FEW	M	M	5500.0								14.0	260.0	12.0	6.21		M	M	M								
468429	2018-04-05 00:00:00	1689.0	CSTTF	319	AIRBUS A319-111	NB	LIS	2018-04-05 16:30:00	2018-04-05 17:27:00	2018-04-05 17:37:00	FNC	2018-04-05 19:08:00	2018-04-05 19:11:00	2018-04-05 18:15:00	J	TP	2018-04-05 17:40:59	27.0	89.0	0	17.0	230.0	13.0	6.21		FEW	M	M	3000.0								19.0	20.0	3.0	6.21		FEW	M	M	1800.0							
468430	2018-04-05 00:00:00	1953.0	CSDJC	AT7	ATR 72	WI	OPO	2018-04-05 16:30:00	2018-04-05 17:43:00	2018-04-05 18:04:00	LIS	2018-04-05 18:50:00	2018-04-05 18:52:00	2018-04-05 17:30:00	J	WI	2018-04-05 18:07:47	14.0	83.0	0	15.0	220.0	8.0	6.21		M	M	M									14.0	250.0	12.0	6.21		M	M	M								
468431	2018-04-05 00:00:00	1112.0	CSDJC	AT7	ATR 72	WI	LIS	2018-04-05 16:40:00	2018-04-05 19:54:00	2018-04-05 20:09:00	OVD	2018-04-05 21:32:00	2018-04-05 21:37:00	2018-04-05 18:30:00	J	WI	2018-04-05 20:00:59	22.0	89.0	0	13.0	260.0	11.0	6.21		M	M	M									14.0	220.0	6.0	6.21		M	M	M								
468432	2018-04-05 00:00:00	493.0	CSTPU	E90	EMBRAER 190	PGA	TLS	2018-04-05 16:45:00	2018-04-05 18:18:00	2018-04-05 18:28:00	LIS	2018-04-05 20:06:00	2018-04-05 20:12:00	2018-04-05 18:45:00	J	NI	2018-04-09 10:15:59	4.0	89.0	0	14.0	90.0	5.0	6.21		M	M	M									13.0	260.0	11.0	6.21		M	M	M								
468433	2018-04-05 00:00:00	589.0	CSTPV	E90	EMBRAER 190	PGA	CGN	2018-04-05 16:50:00	2018-04-05 17:22:00	2018-04-05 17:37:00	LIS	2018-04-05 20:14:00	2018-04-05 20:19:00	2018-04-05 20:00:00	J	NI	2018-04-05 17:42:42	32.0	93.0	0	8.0	320.0	7.0	6.21		SCT	M	M	4000.0								13.0	260.0	11.0	6.21		M	M	M								
468434	2018-04-05 00:00:00	338.0	CSTPQ	E90	EMBRAER 190	PGA	OPO	2018-04-05 16:55:00	2018-04-05 18:49:00	2018-04-05 19:08:00	LGW	2018-04-05 20:48:00	2018-04-05 20:52:00	2018-04-05 19:10:00	J	NI	2018-04-05 19:11:58	49.0	82.0	0	13.0	200.0	9.0	6.21		M	M	M									6.0	140.0	6.0	6.21		M	M	M								
468435	2018-04-05 00:00:00	816.0	CSTTS	319	AIRBUS A319-111	NB	OPO	2018-04-05 16:55:00	2018-04-05 17:56:00	2018-04-05 18:15:00	MXP	2018-04-05 20:14:00	2018-04-05 20:23:00	2018-04-05 19:30:00	J	TP	2018-04-05 18:32:44	3.0	89.0	0	15.0	210.0	8.0	6.21		M	M	M									11.0	10.0	5.0	6.21		M	M	M								
468436	2018-04-05 00:00:00	1904.0	CSTNY	320	AIRBUS A320-211	NB	FAO	2018-04-05 16:55:00	2018-04-05 17:17:00	2018-04-05 17:25:00	LIS	2018-04-05 17:52:00	2018-04-05 17:54:00	2018-04-05 17:40:00	J	TP	2018-04-05 17:41:40	22.0	93.0	0	19.0	220.0	5.0	6.21		M	M	M									16.0	240.0	12.0	6.21		FEW	M	M	3000.0							
468437	2018-04-05 00:00:00	321.0	CSTTW	E95	EMBRAER 195	PGA	MAN	2018-04-05 17:00:00	2018-04-05 20:29:00	2018-04-05 20:49:00	LIS	2018-04-05 23:18:00	2018-04-05 23:22:00	2018-04-05 19:45:00	J	NI	2018-04-05 21:48:04	4.0	89.0	0	9.0	140.0	5.0	6.21		NCD	M	M									11.0	0.0	0.0	6.21		M	M	M								
468438	2018-04-05 00:00:00	431.0	CSTJF	321	AIRBUS A321-211	NB	ORY	2018-04-05 17:00:00	2018-04-05 18:30:00	2018-04-05 18:42:00	LIS	2018-04-05 20:53:00	2018-04-05 20:57:00	2018-04-05 19:30:00	J	TP	2018-04-09 11:26:59	10.0	15.0	D	8.0	90.0	3.0	6.21		M	M	M									13.0	260.0	9.0	6.21		M	M	M								
468439	2018-04-05 00:00:00	566.0	CSTTN	319	AIRBUS A319-111	NB	LIS	2018-04-05 17:00:00	2018-04-05 18:05:00	2018-04-05 18:21:00	HAM	2018-04-05 21:04:00	2018-04-05 21:09:00	2018-04-05 20:15:00	J	TP	2018-04-05 18:31:59	20.0	89.0	0	16.0	240.0	12.0	6.21		FEW	M	M	3000.0								3.0	260.0	8.0	6.21		FEW	M	M	2000.0							
468440	2018-04-05 00:00:00	1964.0	CSDJE	AT7	ATR 72	WI	LIS	2018-04-05 17:00:00	2018-04-05 17:38:00	2018-04-05 18:01:00	OPO	2018-04-05 18:46:00	2018-04-05 18:48:00	2018-04-05 18:00:00	J	WI	2018-04-05 18:02:59	38.0	89.0	0	17.0	230.0	13.0	6.21		FEW	M	M	3000.0								13.0	200.0	9.0	6.21		M	M	M								
468441	2018-04-05 00:00:00	532.0	CSTTM	319	AIRBUS A319-111	NB	LIS	2018-04-05 17:05:00	2018-04-05 18:25:00	2018-04-05 18:45:00	TXL	2018-04-05 21:35:00	2018-04-05 21:39:00	2018-04-05 20:30:00	J	TP	2018-04-05 20:24:59	24.0	89.0	0	15.0	240.0	13.0	6.21		M	M	M									6.0	290.0	11.0	6.21		SCT	BKN	M	2400.0	9800.0						
468442	2018-04-05 00:00:00	3.0	CSTOM	332	AIRBUS A330-200	WB	LIS	2018-04-05 17:10:00	2018-04-05 17:32:00	2018-04-05 17:50:00	NAT	2018-04-06 00:59:00	2018-04-06 01:04:00	2018-04-06 00:40:00	J	TP	2018-04-05 17:52:59	22.0	89.0	0	17.0	230.0	13.0	6.21		FEW	M	M	3000.0								28.0	90.0	7.0	6.21		SCT	M	M	1900.0							
468443	2018-04-05 00:00:00	448.0	CSTTE	319	AIRBUS A319-111	NB	LIS	2018-04-05 17:10:00	2018-04-05 17:33:00	2018-04-05 17:41:00	ORY	2018-04-05 19:35:00	2018-04-05 19:40:00	2018-04-05 19:35:00	J	TP	2018-04-05 17:46:59	13.0	89.0	0	17.0	230.0	13.0	6.21		FEW	M	M	3000.0								7.0	130.0	3.0	6.21		M	M	M								
468444	2018-04-05 00:00:00	572.0	CSTNT	320	AIRBUS A320-211	NB	LIS	2018-04-05 17:20:00	2018-04-05 18:25:00	2018-04-05 18:39:00	FRA	2018-04-05 21:01:00	2018-04-05 21:10:00	2018-04-05 20:20:00	J	TP	2018-04-05 18:47:59	24.0	89.0	0	15.0	240.0	13.0	6.21		M	M	M									2.0		2.0	6.21		M	M	M								
468445	2018-04-05 00:00:00	752.0	CSTNN	320	AIRBUS A320-211	NB	LIS	2018-04-05 17:20:00	2018-04-05 17:38:00	2018-04-05 17:59:00	CPH	2018-04-05 21:07:00	2018-04-05 21:16:00	2018-04-05 20:50:00	J	TP	2018-04-05 18:01:59	14.0	89.0	0	17.0	230.0	13.0	6.21		FEW	M	M	3000.0								4.0	280.0	16.0	6.21		M	M	M								
468446	2018-04-05 00:00:00	1029.0	CSTTO	319	AIRBUS A319-111	NB	MAD	2018-04-05 17:20:00	2018-04-05 17:51:00	2018-04-05 18:03:00	LIS	2018-04-05 18:54:00	2018-04-05 18:57:00	2018-04-05 18:40:00	J	TP	2018-04-05 18:08:51	4.0	83.0	0	18.0	190.0	4.0	6.21		M	M	M									14.0	250.0	12.0	6.21		M	M	M								
468447	2018-04-05 00:00:00	1955.0	CSDJA	AT7	ATR 72	WI	OPO	2018-04-05 17:30:00	2018-04-05 19:10:00	2018-04-05 19:19:00	LIS	2018-04-05 20:05:00	2018-04-05 20:08:00	2018-04-05 18:30:00	J	WI	2018-04-05 21:16:11	5.0	89.0	0	13.0	200.0	9.0	6.21		M	M	M									13.0	260.0	11.0	6.21		M	M	M								
468448	2018-04-05 00:00:00	579.0	CSTTJ	319	AIRBUS A319-111	NB	FRA	2018-04-05 17:35:00	2018-04-05 19:07:00	2018-04-05 19:25:00	LIS	2018-04-05 22:08:00	2018-04-05 22:12:00	2018-04-05 20:45:00	J	TP	2018-04-06 01:06:59	4.0	89.0	0	7.0	320.0	8.0	6.21		M	M	M									12.0	250.0	4.0	6.21		M	M	M								
468449	2018-04-05 00:00:00	668.0	CSTNK	320	AIRBUS A320-211	NB	LIS	2018-04-05 17:35:00	2018-04-05 18:20:00	2018-04-05 18:33:00	AMS	2018-04-05 20:58:00	2018-04-05 21:07:00	2018-04-05 20:30:00	J	TP	2018-04-05 18:38:59	18.0	89.0	0	15.0	240.0	13.0	6.21		M	M	M									3.0	230.0	5.0	6.21		M	M	M								
468450	2018-04-05 00:00:00	1305.0	CSTNR	320	AIRBUS A320-211	NB	PRG	2018-04-05 17:35:00	2018-04-05 18:35:00	2018-04-05 18:50:00	LIS	2018-04-05 22:04:00	2018-04-05 22:08:00	2018-04-05 21:05:00	J	TP	2018-04-05 18:52:40	60.0	93.0	R	9.0	260.0	12.0	6.21		FEW	BKN	M	3400.0	4900.0							12.0	250.0	4.0	6.21		M	M	M								
468451	2018-04-05 00:00:00	1686.0	CSTTP	319	AIRBUS A319-111	NB	FNC	2018-04-05 17:35:00	2018-04-05 18:35:00	2018-04-05 18:44:00	LIS	2018-04-05 20:00:00	2018-04-05 20:04:00	2018-04-05 19:10:00	J	TP	2018-04-05 19:00:53	5.0	93.0	M	19.0	40.0	4.0	6.21		FEW	M	M	1800.0								13.0	260.0	11.0	6.21		M	M	M								
468452	2018-04-05 00:00:00	551.0	CSTJH	321	AIRBUS A321-211	NB	MUC	2018-04-05 17:40:00	2018-04-05 18:50:00	2018-04-05 19:01:00	LIS	2018-04-05 21:56:00	2018-04-05 22:00:00	2018-04-05 20:55:00	J	TP	2018-04-09 10:22:59	33.0	93.0	M	8.0	290.0	6.0	6.21		FEW	BKN	M	3300.0	5500.0							12.0	250.0	4.0	6.21		M	M	M								
468453	2018-04-05 00:00:00	661.0	CSTNG	320	AIRBUS A320-211	NB	AMS	2018-04-05 17:40:00	2018-04-05 18:55:00	2018-04-05 19:06:00	LIS	2018-04-05 21:50:00	2018-04-05 21:55:00	2018-04-05 20:45:00	J	TP	2018-04-06 01:18:59	21.0	81.0	0	4.0	270.0	6.0	6.21		M	M	M									12.0	250.0	4.0	6.21		M	M	M								
468454	2018-04-05 00:00:00	369.0	LYPGC	737	BOEING 737 ALL SERIES		LHR	2018-04-05 17:45:00	2018-04-05 18:08:00	2018-04-05 18:38:00	LIS	2018-04-05 21:03:00	2018-04-05 21:12:00	2018-04-05 20:25:00	J	TP	2018-04-05 19:05:44	10.0	82.0	0	9.0	180.0	11.0	6.21		NCD	M	M									13.0	260.0	9.0	6.21		M	M	M								
468455	2018-04-05 00:00:00	1273.0	ECHDS	757	757		VIE	2018-04-05 17:45:00	2018-04-05 19:53:00	2018-04-05 20:02:00	LIS	2018-04-05 23:29:00	2018-04-05 23:35:00	2018-04-05 21:20:00	J	TP	2018-04-05 20:16:03	29.0	81.0	0	12.0	320.0	6.0	6.21		M	M	M									11.0	0.0	0.0	6.21		M	M	M								
468456	2018-04-05 00:00:00	457.0	CSTTG	319	AIRBUS A319-111	NB	ORY	2018-04-05 17:55:00	2018-04-05 18:00:00	2018-04-05 18:07:00	OPO	2018-04-05 20:03:00	2018-04-05 20:05:00	2018-04-05 20:00:00	J	TP	2018-04-05 18:32:41	5.0	19.0	0	9.0	70.0	2.0	6.21		M	M	M									13.0	190.0	10.0	6.21		M	M	M								
468457	2018-04-05 00:00:00	524.0	CSTPS	E90	EMBRAER 190	PGA	LIS	2018-04-05 18:00:00	2018-04-05 19:16:00	2018-04-05 19:30:00	STR	2018-04-05 21:54:00	2018-04-05 21:59:00	2018-04-05 20:50:00	J	NI	2018-04-05 19:31:59	10.0	32.0	A	14.0	260.0	12.0	6.21		M	M	M									4.0	270.0	5.0	6.21		M	M	M								
468458	2018-04-05 00:00:00	1018.0	CSTTR	319	AIRBUS A319-111	NB	LIS	2018-04-05 18:00:00	2018-04-05 18:22:00	2018-04-05 18:42:00	MAD	2018-04-05 19:29:00	2018-04-05 19:36:00	2018-04-05 19:20:00	J	TP	2018-04-09 10:48:59	9.0	89.0	0	15.0	240.0	13.0	6.21		M	M	M									14.0	350.0	4.0	6.21		M	M	M								
468459	2018-04-05 00:00:00	358.0	CSTTA	319	AIRBUS A319-111	NB	LIS	2018-04-05 18:05:00	2018-04-05 19:25:00	2018-04-05 19:36:00	LHR	2018-04-05 21:34:00	2018-04-05 21:43:00	2018-04-05 20:45:00	J	TP	2018-04-05 19:38:59	10.0	89.0	0	14.0	260.0	12.0	6.21		M	M	M									6.0	140.0	7.0	6.21		NCD	M	M								
468460	2018-04-05 00:00:00	937.0	CSTTU	319	AIRBUS A319-111	NB	GVA	2018-04-05 18:05:00	2018-04-05 18:04:00	2018-04-05 18:15:00	OPO	2018-04-05 20:17:00	2018-04-05 20:21:00	2018-04-05 20:20:00	J	TP					13.0		3.0	6.21		FEW	M	M	5500.0								13.0	180.0	10.0	6.21		M	M	M								
468461	2018-04-05 00:00:00	1093.0	CSDJD	AT7	ATR 72	WI	VLC	2018-04-05 18:05:00	2018-04-05 19:38:00	2018-04-05 19:51:00	LIS	2018-04-05 21:48:00	2018-04-05 21:53:00	2018-04-05 20:20:00	J	WI	2018-04-05 19:55:55	93.0	93.0	0	16.0	50.0	6.0	6.21		M	M	M									12.0	250.0	4.0	6.21		M	M	M								
468462	2018-04-05 00:00:00	1045.0	CSTNI	320	AIRBUS A320-211	NB	BCN	2018-04-05 18:10:00	2018-04-05 19:45:00	2018-04-05 19:56:00	LIS	2018-04-05 21:28:00	2018-04-05 21:32:00	2018-04-05 20:05:00	J	TP	2018-04-05 20:08:53	95.0	93.0	0	14.0	150.0	3.0	6.21		FEW	M	M	1000.0								12.0	240.0	5.0	6.21		M	M	M								
468463	2018-04-05 00:00:00	829.0	CSTTH	319	AIRBUS A319-111	NB	MXP	2018-04-05 18:15:00	2018-04-05 18:46:00	2018-04-05 18:59:00	LIS	2018-04-05 21:33:00	2018-04-05 21:37:00	2018-04-05 21:10:00	J	TP	2018-04-05 19:09:52	3.0	16.0	0	15.0		2.0	6.21		M	M	M									12.0	240.0	5.0	6.21		M	M	M								
468464	2018-04-05 00:00:00	9327.0	GPOWM	320	AIRBUS A320-211	NB	LIS	2018-04-05 18:15:00	2018-04-05 18:38:00	2018-04-05 18:53:00	LGW	2018-04-05 20:52:00	2018-04-05 20:56:00	2018-04-05 21:00:00	P	ZT	2018-04-05 19:17:59	23.0	63.0	A	15.0	240.0	13.0	6.21		M	M	M									6.0	140.0	6.0	6.21		M	M	M								
468465	2018-04-05 00:00:00	552.0	CSTTI	319	AIRBUS A319-111	NB	LIS	2018-04-05 18:20:00	2018-04-05 19:10:00	2018-04-05 19:22:00	MUC	2018-04-05 21:50:00	2018-04-05 21:57:00	2018-04-05 21:20:00	J	TP	2018-04-05 19:28:59	10.0	89.0	0	14.0	250.0	12.0	6.21		M	M	M									6.0	260.0	9.0	6.21		M	M	M								
468466	2018-04-05 00:00:00	649.0	FHBIS	320	AIRBUS A320-211	NB	BRU	2018-04-05 18:25:00	2018-04-05 20:22:00	2018-04-05 20:32:00	LIS	2018-04-05 23:01:00	2018-04-05 23:05:00	2018-04-05 21:15:00	J	TP	2018-04-06 00:33:54	54.0	81.0	0	5.0	100.0	2.0	6.21		M	M	M									12.0	280.0	3.0	6.21		M	M	M								
468467	2018-04-05 00:00:00	1677.0	CSTNM	320	AIRBUS A320-211	NB	LIS	2018-04-05 18:25:00	2018-04-05 19:02:00	2018-04-05 19:15:00	FNC	2018-04-05 20:46:00	2018-04-05 20:49:00	2018-04-05 20:10:00	J	TP	2018-04-05 19:24:59	17.0	31.0	B	14.0	250.0	12.0	6.21		M	M	M									17.0		2.0	6.21		FEW	M	M	1600.0							
468468	2018-04-05 00:00:00	82.0	CSTFM	772	BOEING 777-200		GRU	2018-04-05 18:30:00	2018-04-05 19:03:00	2018-04-05 19:19:00	LIS	2018-04-06 04:15:00	2018-04-06 04:19:00	2018-04-06 04:20:00	J	TP	2018-04-05 19:35:56	15.0	66.0	B	24.0	130.0	8.0	4.35		BKN	M	M	3000.0								11.0		2.0	6.21		FEW	M	M	500.0							
468469	2018-04-05 00:00:00	1479.0	CSTNS	320	AIRBUS A320-211	NB	LIS	2018-04-05 18:30:00	2018-04-05 19:30:00	2018-04-05 19:45:00	OXB	2018-04-05 23:35:00	2018-04-05 23:39:00	2018-04-05 22:50:00	J	TP	2018-04-05 19:46:59	40.0	41.0	A	14.0	260.0	12.0	6.21		M	M	M									24.0	240.0	8.0	6.21		M	M	M								
468470	2018-04-05 00:00:00	1957.0	CSDJE	AT7	ATR 72	WI	OPO	2018-04-05 18:30:00	2018-04-05 19:34:00	2018-04-05 19:46:00	LIS	2018-04-05 20:32:00	2018-04-05 20:34:00	2018-04-05 19:30:00	J	WI	2018-04-05 19:53:53	16.0	89.0	0	13.0	200.0	8.0	6.21		M	M	M									13.0	260.0	11.0	6.21		M	M	M								
468471	2018-04-05 00:00:00	1034.0	FHBAL	319	AIRBUS A319-111	NB	OPO	2018-04-05 18:35:00	2018-04-05 19:26:00	2018-04-05 19:44:00	BCN	2018-04-05 20:57:00	2018-04-05 21:00:00	2018-04-05 20:20:00	J	TP	2018-04-05 19:46:56	51.0	93.0	R	13.0	200.0	8.0	6.21		M	M	M									14.0	130.0	3.0	6.21		FEW	M	M	1000.0							
468472	2018-04-05 00:00:00	74.0	CSTOI	332	AIRBUS A330-200	WB	GIG	2018-04-05 18:40:00	2018-04-05 18:46:00	2018-04-05 19:14:00	LIS	2018-04-06 04:16:00	2018-04-06 04:23:00	2018-04-06 04:20:00	J	TP	2018-04-05 19:37:58	6.0	23.0	A	29.0	130.0	8.0	6.21		SCT	M	M	2500.0								11.0		2.0	6.21		FEW	M	M	500.0							
468473	2018-04-05 00:00:00	446.0	CSTNY	320	AIRBUS A320-211	NB	LIS	2018-04-05 18:40:00	2018-04-05 18:59:00	2018-04-05 19:11:00	ORY	2018-04-05 21:01:00	2018-04-05 21:08:00	2018-04-05 21:05:00	J	TP	2018-04-05 19:12:59	19.0	89.0	0	14.0	250.0	12.0	6.21		M	M	M									7.0	110.0	3.0	6.21		M	M	M								
468474	2018-04-05 00:00:00	1302.0	CSTTD	319	AIRBUS A319-111	NB	LIS	2018-04-05 18:40:00	2018-04-05 19:16:00	2018-04-05 19:23:00	PRG	2018-04-05 22:16:00	2018-04-05 22:20:00	2018-04-05 21:55:00	J	TP	2018-04-05 19:30:59	36.0	93.0	O	14.0	260.0	12.0	6.21		M	M	M									5.0	290.0	13.0	6.21		FEW	M	M	3000.0							
468475	2018-04-05 00:00:00	838.0	CSTMW	320	AIRBUS A320-211	NB	LIS	2018-04-05 18:45:00	2018-04-05 19:39:00	2018-04-05 19:52:00	FCO	2018-04-05 22:18:00	2018-04-05 22:29:00	2018-04-05 21:35:00	J	TP	2018-04-05 19:54:59	19.0	89.0	0	14.0	260.0	12.0	6.21		M	M	M									10.0	10.0	3.0	3.11		NSC	M	M								
468476	2018-04-05 00:00:00	347.0	CSTPT	E90	EMBRAER 190	PGA	LCY	2018-04-05 18:50:00	2018-04-05 20:06:00	2018-04-05 20:14:00	LIS	2018-04-05 22:42:00	2018-04-05 22:45:00	2018-04-05 21:25:00	J	NI	2018-04-05 20:29:01	76.0	93.0	0	8.0	150.0	9.0	6.21		NCD	M	M									12.0	270.0	4.0	6.21		M	M	M								
468477	2018-04-05 00:00:00	367.0	CSTNL	320	AIRBUS A320-211	NB	LHR	2018-04-05 18:50:00	2018-04-05 20:32:00	2018-04-05 20:49:00	LIS	2018-04-05 23:16:00	2018-04-05 23:20:00	2018-04-05 21:30:00	J	TP	2018-04-05 20:56:57	3.0	89.0	0	7.0	150.0	8.0	6.21		NCD	M	M									11.0	0.0	0.0	6.21		M	M	M								
468478	2018-04-05 00:00:00	458.0	CSTTB	319	AIRBUS A319-111	NB	OPO	2018-04-05 18:50:00	2018-04-05 18:55:00	2018-04-05 19:12:00	ORY	2018-04-05 20:49:00	2018-04-05 20:58:00	2018-04-05 20:55:00	J	TP	2018-04-05 19:14:46	3.0	89.0	0	13.0	200.0	9.0	6.21		M	M	M									7.0	110.0	3.0	6.21		M	M	M								
468479	2018-04-05 00:00:00	449.0	CSTTQ	319	AIRBUS A319-111	NB	ORY	2018-04-05 18:55:00	2018-04-05 20:56:00	2018-04-05 21:05:00	LIS	2018-04-05 23:31:00	2018-04-05 23:35:00	2018-04-05 21:20:00	J	TP	2018-04-05 21:18:57	121.0	93.0	0	7.0	110.0	3.0	6.21		M	M	M									11.0	0.0	0.0	6.21		M	M	M								
468480	2018-04-05 00:00:00	584.0	CSTTY	E95	EMBRAER 195	PGA	LIS	2018-04-05 19:00:00	2018-04-05 20:35:00	2018-04-05 20:45:00	CGN	2018-04-05 23:09:00	2018-04-05 23:13:00	2018-04-05 21:50:00	J	NI	2018-04-05 20:56:59	10.0	19.0	B	13.0	260.0	11.0	6.21		M	M	M									1.0	50.0	6.0	6.21		M	M	M								
468481	2018-04-05 00:00:00	843.0	CSTNH	320	AIRBUS A320-211	NB	FCO	2018-04-05 19:00:00	2018-04-05 19:00:00	2018-04-05 19:14:00	LIS	2018-04-05 22:02:00	2018-04-05 22:07:00	2018-04-05 21:20:00	J	TP					13.0	300.0	5.0	4.97		FEW	M	M	500.0								12.0	250.0	4.0	6.21		M	M	M								
468482	2018-04-05 00:00:00	1714.0	CSTTF	319	AIRBUS A319-111	NB	FNC	2018-04-05 19:00:00	2018-04-05 19:41:00	2018-04-05 19:47:00	OPO	2018-04-05 21:21:00	2018-04-05 21:25:00	2018-04-05 20:50:00	J	TP	2018-04-05 19:50:49	11.0	93.0	M	18.0		2.0	6.21		FEW	M	M	1800.0								13.0	170.0	12.0	6.21		M	M	M								
468483	2018-04-05 00:00:00	1970.0	CSDJA	AT7	ATR 72	WI	LIS	2018-04-05 19:00:00	2018-04-05 20:48:00	2018-04-05 20:59:00	OPO	2018-04-05 21:43:00	2018-04-05 21:45:00	2018-04-05 20:00:00	J	WI	2018-04-05 21:25:59	10.0	16.0	B	13.0	260.0	9.0	6.21		M	M	M									13.0	170.0	12.0	6.21		M	M	M								
468484	2018-04-05 00:00:00	1060.0	CSDJH	AT7	ATR 72	WI	LIS	2018-04-05 19:05:00	2018-04-05 19:32:00	2018-04-05 19:50:00	BIO	2018-04-05 21:22:00	2018-04-05 21:25:00	2018-04-05 21:10:00	J	WI	2018-04-05 19:55:59	5.0	89.0	0	14.0	260.0	12.0	6.21		M	M	M									19.0		2.0	6.21		M	M	M								
468485	2018-04-05 00:00:00	1113.0	CSDJC	AT7	ATR 72	WI	OVD	2018-04-05 19:10:00	2018-04-05 22:07:00	2018-04-05 22:15:00	LIS	2018-04-05 23:47:00	2018-04-05 23:52:00	2018-04-05 20:55:00	J	WI	2018-04-05 22:19:10	177.0	93.0	M	14.0	200.0	6.0	6.21		M	M	M									11.0	0.0	0.0	6.21		M	M	M								
468486	2018-04-05 00:00:00	1006.0	CSTPP	E90	EMBRAER 190	PGA	OPO	2018-04-05 19:15:00	2018-04-05 19:54:00	2018-04-05 20:05:00	MAD	2018-04-05 20:52:00	2018-04-05 20:57:00	2018-04-05 20:25:00	J	NI	2018-04-09 10:48:59	19.0	95.0	0	13.0	190.0	10.0	6.21		M	M	M									12.0	140.0	1.0	6.21		M	M	M								
468487	2018-04-05 00:00:00	362.0	CSTNX	320	AIRBUS A320-211	NB	LIS	2018-04-05 19:20:00	2018-04-05 19:30:00	2018-04-05 19:42:00	LHR	2018-04-05 21:38:00	2018-04-05 21:44:00	2018-04-05 21:55:00	J	TP	2018-04-05 19:45:59	5.0	89.0	0	14.0	260.0	12.0	6.21		M	M	M									6.0	140.0	7.0	6.21		NCD	M	M								
468488	2018-04-05 00:00:00	946.0	CSTTO	319	AIRBUS A319-111	NB	LIS	2018-04-05 19:25:00	2018-04-05 19:42:00	2018-04-05 19:54:00	GVA	2018-04-05 21:45:00	2018-04-05 21:50:00	2018-04-05 21:45:00	J	TP	2018-04-05 19:54:59	17.0	93.0	M	14.0	260.0	12.0	6.21		M	M	M									6.0	360.0	2.0	6.21		NSC	M	M								
468489	2018-04-05 00:00:00	1528.0	CSTNU	320	AIRBUS A320-211	NB	TMS	2018-04-05 19:35:00	2018-04-05 20:30:00	2018-04-05 20:40:00	ACC	2018-04-05 22:09:00	2018-04-05 22:16:00	2018-04-05 21:15:00	J	TP	2018-04-09 11:19:59	40.0	32.0	0	28.0	170.0	8.0	6.21		FEW	SCT	M	2000.0	11000.0							28.0	210.0	10.0	6.21		FEW	M	M	1500.0							
468490	2018-04-05 00:00:00	642.0	CSTQD	320	AIRBUS A320-211	NB	LIS	2018-04-05 19:40:00	2018-04-05 20:47:00	2018-04-05 20:57:00	BRU	2018-04-05 23:10:00	2018-04-05 23:14:00	2018-04-05 22:20:00	J	TP	2018-04-05 21:00:59	14.0	85.0	C	13.0	260.0	9.0	6.21		M	M	M									4.0	120.0	5.0	6.21		M	M	M								
468491	2018-04-05 00:00:00	1547.0	CSTRO	320	AIRBUS A320-211	NB	LIS	2018-04-05 19:45:00	2018-04-05 19:45:00	2018-04-05 19:57:00	SID	2018-04-05 23:46:00	2018-04-05 23:52:00	2018-04-05 23:55:00	J	TP					14.0	260.0	12.0	6.21		M	M	M									21.0	40.0	13.0	6.21		FEW	M	M	1300.0							
468492	2018-04-05 00:00:00	1968.0	CSTTX	E95	EMBRAER 195	PGA	LIS	2018-04-05 19:45:00	2018-04-05 21:20:00	2018-04-05 21:32:00	OPO	2018-04-05 22:06:00	2018-04-05 22:09:00	2018-04-05 20:40:00	J	NI	2018-04-05 22:06:59	95.0	46.0	0	12.0	240.0	5.0	6.21		M	M	M									12.0	170.0	13.0	6.21		M	M	M								
468493	2018-04-05 00:00:00	337.0	CSTPQ	E90	EMBRAER 190	PGA	LGW	2018-04-05 19:50:00	2018-04-05 21:36:00	2018-04-05 21:52:00	OPO	2018-04-05 23:58:00	2018-04-06 00:01:00	2018-04-05 22:10:00	J	NI	2018-04-05 22:27:05	106.0	93.0	0	5.0	130.0	6.0	6.21		M	M	M									11.0	170.0	10.0	6.21		M	M	M								
468494	2018-04-05 00:00:00	1485.0	CSTJG	321	AIRBUS A321-211	NB	LIS	2018-04-05 19:50:00	2018-04-05 19:52:00	2018-04-05 20:06:00	DSS	2018-04-05 23:50:00	2018-04-05 23:53:00	2018-04-05 23:50:00	J	TP	2018-04-09 11:17:59	2.0	93.0	R	13.0	260.0	11.0	6.21		M	M	M									21.0	340.0	15.0	6.21		M	M	M								
468495	2018-04-05 00:00:00	828.0	INEOW	738	BOEING 737-800		LIS	2018-04-05 19:55:00	2018-04-05 19:59:00	2018-04-05 20:13:00	MXP	2018-04-05 22:20:00	2018-04-05 22:30:00	2018-04-05 22:30:00	J	TP	2018-04-05 20:13:59	4.0	89.0	0	13.0	260.0	11.0	6.21		M	M	M									7.0	10.0	6.0	6.21		M	M	M								
468496	2018-04-05 00:00:00	2208.0	CSTNJ	320	AIRBUS A320-211	NB	LIS	2018-04-05 19:55:00	2018-04-05 20:28:00	2018-04-05 20:38:00	BCN	2018-04-05 22:03:00	2018-04-05 22:14:00	2018-04-05 21:45:00	J	TP	2018-04-05 20:46:59	33.0	41.0	A	13.0	260.0	11.0	6.21		M	M	M									13.0		1.0	6.21		FEW	M	M	1000.0							
468497	2018-04-05 00:00:00	58.0	CSTOX	333	AIRBUS A330-300	WB	BSB	2018-04-05 20:00:00	2018-04-05 21:17:00	2018-04-05 21:39:00	LIS	2018-04-06 06:18:00	2018-04-06 06:23:00	2018-04-06 05:00:00	J	TP	2018-04-05 21:50:06	3.0	89.0	0	22.0	240.0	4.0	6.21		FEW	FEW	M	3500.0	4000.0							12.0	160.0	9.0	6.21		FEW	SCT	BKN	300.0	700.0	1600.0					
468498	2018-04-05 00:00:00	104.0	CSTOU	333	AIRBUS A330-300	WB	CNF	2018-04-05 20:00:00	2018-04-05 20:55:00	2018-04-05 21:05:00	LIS	2018-04-06 05:51:00	2018-04-06 05:55:00	2018-04-06 05:10:00	J	TP	2018-04-05 21:25:04	55.0	93.0	M	21.0	360.0	9.0	2.49		BKN	FEW	SCT	3000.0	3500.0	10000.0						13.0	170.0	9.0	6.21		FEW	BKN	M	300.0	700.0						
468499	2018-04-05 00:00:00	1533.0	CSTTC	319	AIRBUS A319-111	NB	LIS	2018-04-05 20:00:00	2018-04-05 20:12:00	2018-04-05 20:24:00	RAI	2018-04-06 00:30:00	2018-04-06 00:33:00	2018-04-06 00:15:00	J	TP	2018-04-05 20:27:59	12.0	34.0	B	13.0	260.0	11.0	6.21		M	M	M									23.0	20.0	17.0	6.21		M	M	M								
468500	2018-04-05 00:00:00	1021.0	CSTTR	319	AIRBUS A319-111	NB	MAD	2018-04-05 20:05:00	2018-04-05 20:24:00	2018-04-05 20:37:00	LIS	2018-04-05 21:30:00	2018-04-05 21:34:00	2018-04-05 21:25:00	J	TP	2018-04-05 20:40:04	3.0	89.0	0	13.0	360.0	3.0	6.21		M	M	M									12.0	240.0	5.0	6.21		M	M	M								
468501	2018-04-05 00:00:00	1090.0	CSDJB	AT7	ATR 72	WI	LIS	2018-04-05 20:10:00	2018-04-05 20:10:00	2018-04-05 20:20:00	VLC	2018-04-05 22:03:00	2018-04-05 22:08:00	2018-04-05 22:15:00	J	WI					13.0	260.0	11.0	6.21		M	M	M									14.0	330.0	4.0	6.21		M	M	M								
468502	2018-04-05 00:00:00	224.0	CSTOW	333	AIRBUS A330-300	WB	MIA	2018-04-05 20:15:00	2018-04-05 22:23:00	2018-04-05 22:51:00	LIS	2018-04-06 06:14:00	2018-04-06 06:19:00	2018-04-06 04:20:00	J	TP	2018-04-12 07:59:59	12.0	86.0	B		50.0	7.0	10.0		OVC	M	M	10000.0								12.0	160.0	9.0	6.21		FEW	SCT	BKN	300.0	700.0	1600.0					
468503	2018-04-05 00:00:00	817.0	CSTTS	319	AIRBUS A319-111	NB	MXP	2018-04-05 20:20:00	2018-04-05 21:08:00	2018-04-05 21:19:00	OPO	2018-04-05 23:36:00	2018-04-05 23:40:00	2018-04-05 23:05:00	J	TP	2018-04-05 21:37:02	1.0	89.0	0	10.0	350.0	3.0	6.21		M	M	M									12.0	170.0	10.0	6.21		M	M	M								
468504	2018-04-05 00:00:00	1971.0	CSDJA	AT7	ATR 72	WI	OPO	2018-04-05 20:30:00	2018-04-05 22:15:00	2018-04-05 22:22:00	LIS	2018-04-05 23:14:00	2018-04-05 23:16:00	2018-04-05 21:30:00	J	WI	2018-04-05 22:25:02	105.0	93.0	R	12.0	170.0	13.0	6.21		M	M	M									11.0	0.0	0.0	6.21		M	M	M								
468505	2018-04-05 00:00:00	1022.0	CSTTP	319	AIRBUS A319-111	NB	LIS	2018-04-05 20:35:00	2018-04-05 20:52:00	2018-04-05 21:01:00	MAD	2018-04-05 21:52:00	2018-04-05 22:05:00	2018-04-05 21:50:00	J	TP	2018-04-05 21:04:59	2.0	89.0	0	13.0	260.0	9.0	6.21		M	M	M									12.0	320.0	3.0	6.21		M	M	M								
468506	2018-04-05 00:00:00	478.0	CSTPW	E90	EMBRAER 190	PGA	LIS	2018-04-05 20:40:00	2018-04-05 20:40:00	2018-04-05 20:55:00	LYS	2018-04-05 22:44:00	2018-04-05 22:50:00	2018-04-05 22:55:00	J	NI					13.0	260.0	11.0	6.21		M	M	M									8.0	260.0	2.0	6.21		M	M	M								
468507	2018-04-05 00:00:00	1136.0	CSDJF	AT7	ATR 72	WI	LIS	2018-04-05 20:40:00	2018-04-05 22:22:00	2018-04-05 22:37:00	AGP	2018-04-05 23:45:00	2018-04-05 23:50:00	2018-04-05 22:10:00	J	WI	2018-04-05 22:51:59	4.0	89.0	0	12.0	270.0	4.0	6.21		M	M	M									14.0	0.0	0.0	6.21		M	M	M								
468508	2018-04-05 00:00:00	1691.0	CSTNW	320	AIRBUS A320-211	NB	LIS	2018-04-05 20:50:00	2018-04-05 22:20:00	2018-04-05 22:32:00	FNC	2018-04-05 23:57:00	2018-04-05 23:59:00	2018-04-05 22:35:00	J	TP	2018-04-05 22:50:59	90.0	95.0	A	12.0	270.0	4.0	6.21		M	M	M									15.0		2.0	6.21		FEW	M	M	1600.0							
468509	2018-04-05 00:00:00	1713.0	CSTTG	319	AIRBUS A319-111	NB	OPO	2018-04-05 20:50:00	2018-04-05 20:51:00	2018-04-05 21:04:00	FNC	2018-04-05 22:57:00	2018-04-05 22:59:00	2018-04-05 22:50:00	J	TP	2018-04-05 21:06:56	1.0	89.0	0	13.0	180.0	11.0	6.21		M	M	M									16.0	310.0	3.0	6.21		FEW	M	M	1600.0							
468510	2018-04-05 00:00:00	1688.0	CSTNM	320	AIRBUS A320-211	NB	FNC	2018-04-05 20:55:00	2018-04-05 21:28:00	2018-04-05 21:37:00	LIS	2018-04-05 22:56:00	2018-04-05 23:01:00	2018-04-05 22:30:00	J	TP	2018-04-05 21:41:12	12.0	93.0	M	17.0	260.0	3.0	6.21		FEW	M	M	1600.0								12.0	280.0	3.0	6.21		M	M	M								
468511	2018-04-05 00:00:00	1009.0	CSTPP	E90	EMBRAER 190	PGA	MAD	2018-04-05 21:05:00	2018-04-05 21:35:00	2018-04-05 21:50:00	OPO	2018-04-05 22:41:00	2018-04-05 22:45:00	2018-04-05 22:20:00	J	NI	2018-04-05 21:52:08	30.0	93.0	0	11.0		1.0	6.21		M	M	M									12.0	160.0	14.0	6.21		M	M	M								
468512	2018-04-05 00:00:00	1031.0	FHBAL	319	AIRBUS A319-111	NB	BCN	2018-04-05 21:05:00	2018-04-05 21:42:00	2018-04-05 21:51:00	OPO	2018-04-05 23:19:00	2018-04-05 23:22:00	2018-04-05 22:55:00	J	TP	2018-04-09 10:50:59	37.0	93.0	R	14.0	110.0	4.0	6.21		FEW	M	M	1000.0								12.0	170.0	10.0	6.21		M	M	M								
468513	2018-04-05 00:00:00	1104.0	CSDJE	AT7	ATR 72	WI	LIS	2018-04-05 21:05:00	2018-04-05 22:14:00	2018-04-05 22:27:00	SVQ	2018-04-05 23:20:00	2018-04-05 23:23:00	2018-04-05 22:15:00	J	WI	2018-04-05 22:45:59	69.0	93.0	L	12.0	250.0	4.0	6.21		M	M	M									16.0	310.0	1.0	6.21		NCD	M	M								
468514	2018-04-05 00:00:00	1823.0	CSTTK	319	AIRBUS A319-111	NB	LIS	2018-04-05 21:10:00	2018-04-05 21:54:00	2018-04-05 22:06:00	TER	2018-04-06 00:25:00	2018-04-06 00:31:00	2018-04-05 23:40:00	J	TP	2018-04-05 22:07:59	44.0	95.0	A	12.0	250.0	4.0	6.21		M	M	M									12.0			6.21		FEW	SCT	M	2000.0	3500.0						
468515	2018-04-05 00:00:00	1865.0	CSTTJ	319	AIRBUS A319-111	NB	LIS	2018-04-05 21:30:00	2018-04-05 22:56:00	2018-04-05 23:10:00	PDL	2018-04-06 01:18:00	2018-04-06 01:20:00	2018-04-05 23:55:00	J	TP	2018-04-05 23:33:59	86.0	93.0	L	12.0	280.0	3.0	6.21		M	M	M									12.0	310.0	10.0	6.21		FEW	SCT	M	2000.0	3500.0						
468516	2018-04-05 00:00:00	1958.0	CSTNG	320	AIRBUS A320-211	NB	LIS	2018-04-05 21:30:00	2018-04-05 22:50:00	2018-04-05 22:59:00	OPO	2018-04-05 23:40:00	2018-04-05 23:43:00	2018-04-05 22:25:00	J	TP	2018-04-05 23:32:59	4.0	58.0	A	12.0	280.0	3.0	6.21		M	M	M									12.0	170.0	10.0	6.21		M	M	M								
468517	2018-04-05 00:00:00	202.0	CSTOP	332	AIRBUS A330-200	WB	EWR	2018-04-05 21:45:00	2018-04-05 22:27:00	2018-04-05 22:45:00	LIS	2018-04-06 04:41:00	2018-04-06 04:45:00	2018-04-06 04:35:00	J	TP	2018-04-05 23:11:04	10.0	89.0	0		280.0	12.0	10.0		SCT	M	M	7999.0								11.0		2.0	6.21		FEW	M	M	500.0							
468518	2018-04-05 00:00:00	1909.0	CSTTH	319	AIRBUS A319-111	NB	LIS	2018-04-05 22:05:00	2018-04-05 22:37:00	2018-04-05 22:46:00	FAO	2018-04-05 23:17:00	2018-04-05 23:23:00	2018-04-05 22:50:00	J	TP	2018-04-05 23:19:59	15.0	91.0	0	12.0	270.0	4.0	6.21		M	M	M									13.0	300.0	5.0	6.21		M	M	M								
468519	2018-04-05 00:00:00	1232.0	CSTNQ	320	AIRBUS A320-211	NB	LIS	2018-04-05 22:10:00	2018-04-05 22:11:00	2018-04-05 22:23:00	DME	2018-04-06 03:14:00	2018-04-06 03:19:00	2018-04-06 03:25:00	J	TP	2018-04-05 22:27:59	1.0	49.0	0	12.0	250.0	4.0	6.21		M	M	M									2.0	170.0	7.78	4.97		NSC	M	M								
468520	2018-04-05 00:00:00	1693.0	CSTNH	320	AIRBUS A320-211	NB	LIS	2018-04-05 22:10:00	2018-04-06 00:10:00	2018-04-06 00:18:00	FNC	2018-04-06 01:47:00	2018-04-06 01:50:00	2018-04-05 23:55:00	J	TP	2018-04-06 00:24:59	5.0	34.0	A	11.0		2.0	6.21		M	M	M									16.0	260.0	4.0	6.21		FEW	M	M	1600.0							
468521	2018-04-05 00:00:00	1528.0	CSTNU	320	AIRBUS A320-211	NB	ACC	2018-04-05 22:15:00	2018-04-05 23:10:00	2018-04-05 23:20:00	LIS	2018-04-06 04:45:00	2018-04-06 04:50:00	2018-04-06 03:45:00	J	TP	2018-04-09 11:21:59	15.0	93.0	H	28.0	190.0	9.0	6.21		SCT	M	M	1400.0								11.0	200.0	5.0	6.21		SCT	SCT	M	1000.0	2500.0						
468522	2018-04-05 00:00:00	1928.0	CSTTR	319	AIRBUS A319-111	NB	LIS	2018-04-05 22:15:00	2018-04-05 22:14:00	2018-04-05 22:25:00	OPO	2018-04-05 22:56:00	2018-04-05 23:00:00	2018-04-05 23:10:00	J	TP					12.0	250.0	4.0	6.21		M	M	M									12.0	160.0	12.0	6.21		M	M	M								
468523	2018-04-05 00:00:00	87.0	CSTOC	343	AIRBUS A340-312	WB	LIS	2018-04-05 22:20:00	2018-04-05 23:01:00	2018-04-05 23:18:00	GRU	2018-04-06 09:10:00	2018-04-06 09:20:00	2018-04-06 08:20:00	J	TP	2018-04-05 23:35:59	11.0	89.0	0	12.0	280.0	3.0	6.21		M	M	M									19.0	80.0	1.0	4.97		BKN	M	M	2300.0							
468524	2018-04-05 00:00:00	75.0	CSTOL	332	AIRBUS A330-200	WB	LIS	2018-04-05 22:25:00	2018-04-05 22:30:00	2018-04-05 22:48:00	GIG	2018-04-06 08:20:00	2018-04-06 08:24:00	2018-04-06 08:20:00	J	TP	2018-04-05 23:22:59	5.0	91.0	0	12.0	270.0	4.0	6.21		M	M	M									25.0	50.0	2.0	6.21		FEW	BKN	OVC	2500.0	5000.0	7000.0					
468525	2018-04-05 00:00:00	792.0	CSTNP	320	AIRBUS A320-211	NB	LIS	2018-04-05 22:25:00	2018-04-05 22:31:00	2018-04-05 22:44:00	HEL	2018-04-06 02:48:00	2018-04-06 02:55:00	2018-04-06 03:00:00	J	TP	2018-04-05 22:50:59	6.0	15.0	D	12.0	270.0	4.0	6.21		M	M	M									2.0	190.0	10.0	0.68		OVC	M	M	100.0							
468526	2018-04-05 00:00:00	289.0	CSTOE	332	AIRBUS A330-200	WB	LIS	2018-04-05 22:35:00	2018-04-05 22:47:00	2018-04-05 23:05:00	LAD	2018-04-06 06:14:00	2018-04-06 06:27:00	2018-04-06 06:05:00	J	TP	2018-04-05 23:25:59	12.0	87.0	E	12.0	280.0	3.0	6.21		M	M	M									26.0		1.0	4.35		SCT	BKN	M	2000.0	8000.0						
468527	2018-04-05 00:00:00	218.0	CSTOF	332	AIRBUS A330-200	WB	BOS	2018-04-05 22:40:00	2018-04-06 00:05:00	2018-04-06 00:25:00	LIS	2018-04-06 06:10:00	2018-04-06 06:13:00	2018-04-06 05:05:00	J	TP	2018-04-09 08:41:59	25.0	85.0	C		280.0	17.0	10.0		CLR	M	M									13.0	170.0	9.0	6.21		FEW	BKN	M	300.0	700.0						
468528	2018-04-05 00:00:00	118.0	CSTOQ	332	AIRBUS A330-200	WB	POA	2018-04-05 22:45:00	2018-04-05 23:33:00	2018-04-05 23:47:00	LIS	2018-04-06 10:05:00	2018-04-06 10:09:00	2018-04-06 09:30:00	J	TP	2018-04-09 08:41:59	5.0	93.0	R	22.0	120.0	6.0	6.21		M	M	M									14.0	160.0	11.0	6.21		BKN	M	M	600.0							
468529	2018-04-05 00:00:00	2394.0	CSTTQ	319	AIRBUS A319-111	NB	LIS	2018-04-05 22:50:00	2018-04-06 00:20:00	2018-04-06 00:28:00	OTP	2018-04-06 04:02:00	2018-04-06 04:09:00	2018-04-06 02:50:00	J	TP	2018-04-06 00:30:59	90.0	93.0	L	11.0		1.0	6.21		M	M	M									11.0	40.0	8.0	6.21		M	M	M								
468530	2018-04-05 00:00:00	782.0	CSTNR	320	AIRBUS A320-211	NB	LIS	2018-04-05 22:55:00	2018-04-05 23:18:00	2018-04-05 23:35:00	ARN	2018-04-06 03:19:00	2018-04-06 03:26:00	2018-04-06 03:10:00	J	TP	2018-04-05 23:44:59	6.0	89.0	0	11.0	0.0	0.0	6.21		M	M	M									1.0	240.0	15.0	2.3		BKN	BKN	M	600.0	900.0						
468531	2018-04-05 00:00:00	1476.0	CSTNS	320	AIRBUS A320-211	NB	OXB	2018-04-05 23:50:00	2018-04-06 01:02:00	2018-04-06 01:12:00	LIS	2018-04-06 05:14:00	2018-04-06 05:17:00	2018-04-06 04:00:00	J	TP	2018-04-23 09:03:59	21.0	86.0	0	23.0	240.0	8.0	6.21		M	M	M									13.0	180.0	8.0	6.21		FEW	BKN	M	400.0	800.0						
468532	2018-04-06 00:00:00	88.0	CSTOA	343	AIRBUS A340-312	WB	GRU	2018-04-06 00:40:00	2018-04-06 00:35:00	2018-04-06 01:05:00	LIS	2018-04-06 10:31:00	2018-04-06 10:40:00	2018-04-06 10:30:00	J	TP					21.0	130.0	3.0	6.21		SCT	BKN	M	1100.0	2400.0							14.0	210.0	19.0	3.11		FEW	BKN	M	600.0	900.0						
468533	2018-04-06 00:00:00	1484.0	CSTJG	321	AIRBUS A321-211	NB	DSS	2018-04-06 00:50:00	2018-04-06 01:13:00	2018-04-06 01:24:00	LIS	2018-04-06 04:48:00	2018-04-06 04:52:00	2018-04-06 04:45:00	J	TP	2018-04-10 09:29:59	1.0	93.0	Q	20.0	350.0	16.0	6.21		M	M	M									11.0	200.0	5.0	6.21		SCT	SCT	M	1000.0	2500.0						
468534	2018-04-06 00:00:00	1538.0	CSTRO	320	AIRBUS A320-211	NB	SID	2018-04-06 00:55:00	2018-04-06 00:52:00	2018-04-06 00:59:00	LIS	2018-04-06 04:27:00	2018-04-06 04:29:00	2018-04-06 04:35:00	J	TP					20.0	40.0	11.0	5.59		SCT	M	M	1300.0								11.0		2.0	6.21		FEW	M	M	500.0							
468535	2018-04-06 00:00:00	1532.0	CSTTC	319	AIRBUS A319-111	NB	RAI	2018-04-06 01:05:00	2018-04-06 01:50:00	2018-04-06 01:57:00	LIS	2018-04-06 05:45:00	2018-04-06 05:48:00	2018-04-06 05:05:00	J	TP	2018-04-06 02:27:16	27.0	86.0	0	22.0	10.0	14.0	6.21		M	M	M									13.0	170.0	9.0	6.21		FEW	BKN	M	300.0	700.0						
468536	2018-04-06 00:00:00	36.0	CSTOK	332	AIRBUS A330-200	WB	FOR	2018-04-06 02:05:00	2018-04-06 02:14:00	2018-04-06 02:25:00	LIS	2018-04-06 09:04:00	2018-04-06 09:10:00	2018-04-06 09:10:00	J	TP	2018-04-06 02:39:11	7.0	61.0	A	28.0	350.0	4.0	6.21		SCT	M	M	1900.0								13.0	150.0	8.0	5.59		SCT	BKN	M	200.0	400.0						
468537	2018-04-06 00:00:00	12.0	CSTON	332	AIRBUS A330-200	WB	REC	2018-04-06 02:10:00	2018-04-06 03:09:00	2018-04-06 03:20:00	LIS	2018-04-06 10:23:00	2018-04-06 10:28:00	2018-04-06 09:35:00	J	TP	2018-04-06 03:27:17	9.0	85.0	B	28.0	60.0	5.0	6.21		SCT	M	M	2000.0								14.0	210.0	19.0	3.11		FEW	BKN	M	600.0	900.0						
468538	2018-04-06 00:00:00	78.0	CSTOO	332	AIRBUS A330-200	WB	GIG	2018-04-06 02:10:00	2018-04-06 01:57:00	2018-04-06 02:12:00	OPO	2018-04-06 11:34:00	2018-04-06 11:37:00	2018-04-06 12:05:00	J	TP					25.0	70.0	5.0	6.21		BKN	OVC	M	2000.0	5000.0							12.0	190.0	13.0	5.59		SCT	BKN	M	500.0	1400.0						
468539	2018-04-06 00:00:00	21.0	CSTOH	332	AIRBUS A330-200	WB	SSA	2018-04-06 02:20:00	2018-04-06 02:28:00	2018-04-06 02:45:00	LIS	2018-04-06 10:26:00	2018-04-06 10:30:00	2018-04-06 10:25:00	J	TP	2018-04-06 02:56:09	8.0	93.0	R	27.0	90.0	9.0	6.21		SCT	M	M	2000.0								14.0	210.0	19.0	3.11		FEW	BKN	M	600.0	900.0						
468540	2018-04-06 00:00:00	9329.0	ECHDS	757	757		LIS	2018-04-06 02:50:00	2018-04-06 06:03:00	2018-04-06 06:26:00	LGW	2018-04-06 08:20:00	2018-04-06 08:25:00	2018-04-06 05:20:00	P	P6					13.0	170.0	9.0	6.21		FEW	BKN	M	300.0	700.0							9.0	130.0	11.0	6.21		M	M	M								
468541	2018-04-06 00:00:00	4.0	CSTOM	332	AIRBUS A330-200	WB	NAT	2018-04-06 03:15:00	2018-04-06 03:23:00	2018-04-06 03:32:00	LIS	2018-04-06 10:14:00	2018-04-06 10:18:00	2018-04-06 10:15:00	J	TP	2018-04-06 03:49:19	8.0	12.0	0	27.0	100.0	5.0	6.21		SCT	M	M	1900.0								14.0	210.0	19.0	3.11		FEW	BKN	M	600.0	900.0						
468542	2018-04-06 00:00:00	208.0	CSTOV	333	AIRBUS A330-300	WB	JFK	2018-04-06 03:25:00	2018-04-06 03:13:00	2018-04-06 03:33:00	LIS	2018-04-06 09:35:00	2018-04-06 10:05:00	2018-04-06 10:15:00	J	TP						260.0	9.0	10.0		M	M	M									14.0	160.0	11.0	6.21		BKN	M	M	600.0							
468543	2018-04-06 00:00:00	1325.0	CSTTQ	319	AIRBUS A319-111	NB	OTP	2018-04-06 03:35:00	2018-04-06 04:59:00	2018-04-06 05:07:00	LIS	2018-04-06 09:17:00	2018-04-06 09:22:00	2018-04-06 08:10:00	J	TP	2018-04-23 10:22:59	11.0	93.0	N	11.0	60.0	8.0	6.21		M	M	M									13.0	160.0	10.0	6.21		FEW	BKN	M	400.0	600.0						
468544	2018-04-06 00:00:00	473.0	CSTPW	E90	EMBRAER 190	PGA	LYS	2018-04-06 04:00:00	2018-04-06 04:03:00	2018-04-06 04:17:00	LIS	2018-04-06 06:30:00	2018-04-06 06:34:00	2018-04-06 06:30:00	J	NI	2018-04-06 08:29:59	3.0	16.0	0	4.0	170.0	1.0	6.21		M	M	M									12.0	160.0	9.0	6.21		FEW	SCT	BKN	300.0	700.0	1600.0					
468545	2018-04-06 00:00:00	527.0	CSTPS	E90	EMBRAER 190	PGA	STR	2018-04-06 04:00:00	2018-04-06 05:22:00	2018-04-06 05:30:00	LIS	2018-04-06 08:20:00	2018-04-06 08:25:00	2018-04-06 07:10:00	J	NI	2018-04-06 08:26:59	82.0	64.0	0	1.0	80.0	3.0	6.21		M	M	M									13.0	130.0	6.0	5.59		FEW	BKN	M	200.0	600.0						
468546	2018-04-06 00:00:00	531.0	CSTTM	319	AIRBUS A319-111	NB	TXL	2018-04-06 04:00:00	2018-04-06 04:02:00	2018-04-06 04:10:00	LIS	2018-04-06 07:37:00	2018-04-06 07:41:00	2018-04-06 07:40:00	J	TP	2018-04-06 04:28:15	2.0	89.0	0	1.0	270.0	7.0	6.21		M	M	M									12.0	140.0	5.0	5.59		SCT	BKN	M	400.0	1400.0						
468547	2018-04-06 00:00:00	567.0	CSTTN	319	AIRBUS A319-111	NB	HAM	2018-04-06 04:00:00	2018-04-06 03:59:00	2018-04-06 04:11:00	LIS	2018-04-06 07:34:00	2018-04-06 07:37:00	2018-04-06 07:30:00	J	TP					1.0	230.0	6.0	6.21		M	M	M									12.0	140.0	5.0	5.59		SCT	BKN	M	400.0	1400.0						
468548	2018-04-06 00:00:00	753.0	CSTNN	320	AIRBUS A320-211	NB	CPH	2018-04-06 04:00:00	2018-04-06 04:02:00	2018-04-06 04:12:00	LIS	2018-04-06 07:57:00	2018-04-06 08:01:00	2018-04-06 07:45:00	J	TP					3.0	260.0	16.0	6.21		FEW	M	M	2200.0								13.0	140.0	5.0	5.59		FEW	BKN	M	200.0	600.0						
468549	2018-04-06 00:00:00	791.0	CSTNP	320	AIRBUS A320-211	NB	HEL	2018-04-06 04:00:00	2018-04-06 04:05:00	2018-04-06 04:16:00	LIS	2018-04-06 09:00:00	2018-04-06 09:04:00	2018-04-06 08:55:00	J	TP	2018-04-06 04:25:08	5.0	87.0	B	3.0	180.0	7.0	1.12		BKN	M	M	100.0								13.0	150.0	8.0	5.59		SCT	BKN	M	200.0	400.0						
468550	2018-04-06 00:00:00	553.0	CSTTI	319	AIRBUS A319-111	NB	MUC	2018-04-06 04:05:00	2018-04-06 04:00:00	2018-04-06 04:11:00	LIS	2018-04-06 07:27:00	2018-04-06 07:30:00	2018-04-06 07:20:00	J	TP					0.0	10.0	1.0	6.21		M	M	M									12.0	140.0	5.0	5.59		SCT	BKN	M	400.0	1400.0						
468551	2018-04-06 00:00:00	821.0	INEOW	738	BOEING 737-800		MXP	2018-04-06 04:05:00	2018-04-06 04:09:00	2018-04-06 04:20:00	LIS	2018-04-06 07:00:00	2018-04-06 07:05:00	2018-04-06 07:00:00	J	TP	2018-04-06 04:25:10	4.0	63.0	D	5.0	20.0	3.0	6.21		M	M	M									13.0	160.0	8.0	6.21		FEW	BKN	M	200.0	700.0						
468552	2018-04-06 00:00:00	949.0	CSTTO	319	AIRBUS A319-111	NB	GVA	2018-04-06 04:10:00	2018-04-06 04:10:00	2018-04-06 04:24:00	LIS	2018-04-06 06:44:00	2018-04-06 06:50:00	2018-04-06 06:45:00	J	TP	2018-04-06 04:35:09	2.0	89.0	0	2.0	260.0	1.0	6.21		M	M	M									13.0	160.0	8.0	6.21		FEW	BKN	M	200.0	700.0						
468553	2018-04-06 00:00:00	571.0	CSTNT	320	AIRBUS A320-211	NB	FRA	2018-04-06 04:15:00	2018-04-06 04:14:00	2018-04-06 04:27:00	LIS	2018-04-06 07:29:00	2018-04-06 07:33:00	2018-04-06 07:25:00	J	TP					1.0	60.0	4.0	6.21		M	M	M									12.0	140.0	5.0	5.59		SCT	BKN	M	400.0	1400.0						
468554	2018-04-06 00:00:00	837.0	CSTMW	320	AIRBUS A320-211	NB	FCO	2018-04-06 04:15:00	2018-04-06 04:18:00	2018-04-06 04:29:00	LIS	2018-04-06 07:19:00	2018-04-06 07:24:00	2018-04-06 07:20:00	J	TP	2018-04-06 04:46:20	3.0	89.0	0	8.0		1.0	6.21		M	M	M									12.0	140.0	5.0	5.59		SCT	BKN	M	400.0	1400.0						
468555	2018-04-06 00:00:00	1235.0	CSTNQ	320	AIRBUS A320-211	NB	DME	2018-04-06 04:15:00	2018-04-06 04:15:00	2018-04-06 04:43:00	LIS	2018-04-06 10:39:00	2018-04-06 10:42:00	2018-04-06 10:10:00	J	TP					2.0	170.0	9.72	6.21		M	M	M									14.0	210.0	19.0	3.11		FEW	BKN	M	600.0	900.0						
468556	2018-04-06 00:00:00	1943.0	CSTTU	319	AIRBUS A319-111	NB	OPO	2018-04-06 04:15:00	2018-04-06 04:13:00	2018-04-06 04:25:00	LIS	2018-04-06 04:59:00	2018-04-06 05:04:00	2018-04-06 05:10:00	J	TP					12.0	150.0	9.0	6.21		FEW	SCT	M	2700.0	3800.0							11.0	200.0	5.0	6.21		SCT	SCT	M	1000.0	2500.0						
468557	2018-04-06 00:00:00	641.0	CSTQD	320	AIRBUS A320-211	NB	BRU	2018-04-06 04:20:00	2018-04-06 04:25:00	2018-04-06 04:33:00	LIS	2018-04-06 07:13:00	2018-04-06 07:17:00	2018-04-06 07:10:00	J	TP	2018-04-06 04:36:11	5.0	89.0	0	2.0	120.0	7.0	6.21		M	M	M									12.0	140.0	5.0	5.59		SCT	BKN	M	400.0	1400.0						
468558	2018-04-06 00:00:00	1095.0	CSDJB	AT7	ATR 72	WI	VLC	2018-04-06 04:20:00	2018-04-06 04:20:00	2018-04-06 04:34:00	LIS	2018-04-06 06:28:00	2018-04-06 06:34:00	2018-04-06 06:35:00	J	WI					11.0	330.0	4.0	6.21		BKN	M	M	1800.0								12.0	160.0	9.0	6.21		FEW	SCT	BKN	300.0	700.0	1600.0					
468559	2018-04-06 00:00:00	587.0	CSTTY	E95	EMBRAER 195	PGA	CGN	2018-04-06 04:25:00	2018-04-06 04:51:00	2018-04-06 04:59:00	LIS	2018-04-06 07:50:00	2018-04-06 07:53:00	2018-04-06 07:35:00	J	NI	2018-04-06 08:26:59	26.0	64.0	0	1.0	90.0	3.0	6.21		M	M	M									13.0	140.0	5.0	5.59		FEW	BKN	M	200.0	600.0						
468560	2018-04-06 00:00:00	447.0	CSTTE	319	AIRBUS A319-111	NB	ORY	2018-04-06 04:30:00	2018-04-06 04:34:00	2018-04-06 04:44:00	LIS	2018-04-06 07:07:00	2018-04-06 07:12:00	2018-04-06 07:00:00	J	TP	2018-04-06 04:54:19	4.0	89.0	0	5.0	100.0	6.0	6.21		M	M	M									13.0	160.0	8.0	6.21		FEW	BKN	M	200.0	700.0						
468561	2018-04-06 00:00:00	1049.0	CSTNJ	320	AIRBUS A320-211	NB	BCN	2018-04-06 04:40:00	2018-04-06 04:43:00	2018-04-06 05:14:00	LIS	2018-04-06 06:51:00	2018-04-06 06:54:00	2018-04-06 06:35:00	J	TP	2018-04-06 05:17:16	3.0	89.0	0	10.0	320.0	10.0	6.21		M	M	M									13.0	160.0	8.0	6.21		FEW	BKN	M	200.0	700.0						
468562	2018-04-06 00:00:00	1137.0	CSDJF	AT7	ATR 72	WI	AGP	2018-04-06 04:40:00	2018-04-06 04:45:00	2018-04-06 04:55:00	LIS	2018-04-06 06:08:00	2018-04-06 06:12:00	2018-04-06 06:15:00	J	WI	2018-04-06 05:10:09	5.0	89.0	0	12.0	290.0	3.0	6.21		M	M	M									13.0	170.0	9.0	6.21		FEW	BKN	M	300.0	700.0						
468563	2018-04-06 00:00:00	361.0	CSTNX	320	AIRBUS A320-211	NB	LHR	2018-04-06 05:00:00	2018-04-06 04:55:00	2018-04-06 05:05:00	LIS	2018-04-06 07:43:00	2018-04-06 07:48:00	2018-04-06 07:35:00	J	TP					5.0	100.0	8.0	6.21		NCD	M	M									13.0	140.0	5.0	5.59		FEW	BKN	M	200.0	600.0						
468564	2018-04-06 00:00:00	459.0	CSTTB	319	AIRBUS A319-111	NB	ORY	2018-04-06 05:00:00	2018-04-06 04:48:00	2018-04-06 04:57:00	OPO	2018-04-06 06:59:00	2018-04-06 07:02:00	2018-04-06 07:05:00	J	TP					5.0	110.0	7.0	6.21		M	M	M									11.0	170.0	14.0	3.73		SCT	BKN	OVC	400.0	900.0	2000.0					
468565	2018-04-06 00:00:00	669.0	CSTNK	320	AIRBUS A320-211	NB	AMS	2018-04-06 05:00:00	2018-04-06 05:05:00	2018-04-06 05:17:00	LIS	2018-04-06 08:09:00	2018-04-06 08:14:00	2018-04-06 08:00:00	J	TP	2018-04-06 08:29:59	5.0	89.0	0	2.0	110.0	8.0	6.21		M	M	M									13.0	140.0	5.0	5.59		FEW	BKN	M	200.0	600.0						
468566	2018-04-06 00:00:00	781.0	CSTNR	320	AIRBUS A320-211	NB	ARN	2018-04-06 05:00:00	2018-04-06 05:11:00	2018-04-06 05:21:00	LIS	2018-04-06 09:42:00	2018-04-06 09:44:00	2018-04-06 09:20:00	J	TP	2018-04-06 05:25:16	11.0	75.0	0	0.0	230.0	14.0	4.97		OVC	M	M	1600.0								13.0	160.0	10.0	6.21		FEW	BKN	M	400.0	600.0						
468567	2018-04-06 00:00:00	1101.0	CSDJE	AT7	ATR 72	WI	SVQ	2018-04-06 05:00:00	2018-04-06 04:54:00	2018-04-06 05:02:00	LIS	2018-04-06 05:55:00	2018-04-06 05:59:00	2018-04-06 06:10:00	J	WI					12.0		1.0	6.21		M	M	M									13.0	170.0	9.0	6.21		FEW	BKN	M	300.0	700.0						
468568	2018-04-06 00:00:00	1670.0	CSTNH	320	AIRBUS A320-211	NB	FNC	2018-04-06 05:00:00	2018-04-06 04:57:00	2018-04-06 05:05:00	LIS	2018-04-06 06:24:00	2018-04-06 06:28:00	2018-04-06 06:35:00	J	TP					15.0	260.0	4.0	6.21		SCT	M	M	1600.0								12.0	160.0	9.0	6.21		FEW	SCT	BKN	300.0	700.0	1600.0					
468569	2018-04-06 00:00:00	1900.0	CSTTH	319	AIRBUS A319-111	NB	FAO	2018-04-06 05:00:00	2018-04-06 04:59:00	2018-04-06 05:09:00	LIS	2018-04-06 05:42:00	2018-04-06 05:45:00	2018-04-06 05:45:00	J	TP	2018-04-07 05:18:27	2.0	65.0	0	10.0	10.0	5.0	6.21		M	M	M									13.0	180.0	8.0	6.21		FEW	BKN	M	400.0	800.0						
468570	2018-04-06 00:00:00	1711.0	CSTTF	319	AIRBUS A319-111	NB	OPO	2018-04-06 05:05:00	2018-04-06 06:22:00	2018-04-06 06:36:00	FNC	2018-04-06 08:31:00	2018-04-06 08:33:00	2018-04-06 07:00:00	J	TP	2018-04-06 06:41:26	77.0	64.0	0	11.0	190.0	10.0	1.62		FEW	OVC	M	400.0	2000.0							18.0	40.0	3.0	6.21		FEW	M	M	1600.0							
468571	2018-04-06 00:00:00	1065.0	CSDJH	AT7	ATR 72	WI	BIO	2018-04-06 05:10:00	2018-04-06 05:10:00	2018-04-06 05:16:00	LIS	2018-04-06 07:12:00	2018-04-06 07:18:00	2018-04-06 07:20:00	J	WI					16.0	180.0	7.0	6.21		M	M	M									12.0	140.0	5.0	5.59		SCT	BKN	M	400.0	1400.0						
468572	2018-04-06 00:00:00	1921.0	CSTTX	E95	EMBRAER 195	PGA	OPO	2018-04-06 05:15:00	2018-04-06 05:14:00	2018-04-06 05:36:00	LIS	2018-04-06 06:13:00	2018-04-06 06:19:00	2018-04-06 06:15:00	J	NI					13.0	170.0	14.0	6.21		BKN	M	M	2200.0								12.0	160.0	9.0	6.21		FEW	SCT	BKN	300.0	700.0	1600.0					
468573	2018-04-06 00:00:00	1023.0	CSTTP	319	AIRBUS A319-111	NB	MAD	2018-04-06 05:25:00	2018-04-06 05:30:00	2018-04-06 05:43:00	LIS	2018-04-06 06:38:00	2018-04-06 06:42:00	2018-04-06 06:45:00	J	TP	2018-04-06 05:46:19	5.0	89.0	0	6.0	330.0	5.0	6.21		M	M	M									12.0	160.0	9.0	6.21		FEW	SCT	BKN	300.0	700.0	1600.0					
468574	2018-04-06 00:00:00	436.0	LYPGC	737	BOEING 737 ALL SERIES		LIS	2018-04-06 05:30:00	2018-04-06 06:11:00	2018-04-06 06:32:00	ORY	2018-04-06 08:40:00	2018-04-06 08:52:00	2018-04-06 07:55:00	J	TP	2018-04-06 06:36:59	41.0	63.0	A	13.0	170.0	9.0	6.21		FEW	BKN	M	300.0	700.0							12.0	120.0	9.0	6.21		M	M	M								
468575	2018-04-06 00:00:00	452.0	CSTTS	319	AIRBUS A319-111	NB	OPO	2018-04-06 05:30:00	2018-04-06 05:57:00	2018-04-06 06:12:00	ORY	2018-04-06 07:44:00	2018-04-06 07:51:00	2018-04-06 07:35:00	J	TP	2018-04-06 06:18:19	27.0	64.0	0	11.0	210.0	9.0	3.11		FEW	BKN	M	1700.0	2100.0							9.0	140.0	8.0	6.21		M	M	M								
468576	2018-04-06 00:00:00	818.0	CSTTR	319	AIRBUS A319-111	NB	OPO	2018-04-06 05:30:00	2018-04-06 05:46:00	2018-04-06 05:59:00	MXP	2018-04-06 08:01:00	2018-04-06 08:06:00	2018-04-06 08:05:00	J	TP	2018-04-06 06:05:14	6.0	81.0	0	11.0	210.0	9.0	3.11		FEW	BKN	M	1700.0	2100.0							15.0	50.0	5.0	6.21		M	M	M								
468577	2018-04-06 00:00:00	834.0	CSTJH	321	AIRBUS A321-211	NB	LIS	2018-04-06 05:30:00	2018-04-06 05:39:00	2018-04-06 05:53:00	FCO	2018-04-06 08:20:00	2018-04-06 08:34:00	2018-04-06 08:20:00	J	TP	2018-04-06 06:19:59	9.0	85.0	C	13.0	180.0	8.0	6.21		FEW	BKN	M	400.0	800.0							17.0		2.0	6.21		M	M	M								
468578	2018-04-06 00:00:00	1030.0	FHBAL	319	AIRBUS A319-111	NB	OPO	2018-04-06 05:30:00	2018-04-06 05:32:00	2018-04-06 05:48:00	BCN	2018-04-06 07:10:00	2018-04-06 07:14:00	2018-04-06 07:15:00	J	TP	2018-04-06 05:53:12	2.0	81.0	0	13.0	190.0	9.0	6.21		BKN	M	M	2100.0								11.0	320.0	6.0	6.21		M	M	M								
468579	2018-04-06 00:00:00	1044.0	CSTPO	E90	EMBRAER 190	PGA	LIS	2018-04-06 05:45:00	2018-04-06 05:42:00	2018-04-06 05:59:00	BCN	2018-04-06 07:26:00	2018-04-06 07:31:00	2018-04-06 07:35:00	J	NI					13.0	180.0	8.0	6.21		FEW	BKN	M	400.0	800.0							12.0	330.0	6.0	6.21	16.0	FEW	M	M	2500.0							
468580	2018-04-06 00:00:00	443.0	CSTNY	320	AIRBUS A320-211	NB	ORY	2018-04-06 05:50:00	2018-04-06 05:54:00	2018-04-06 06:10:00	LIS	2018-04-06 08:31:00	2018-04-06 08:36:00	2018-04-06 08:20:00	J	TP	2018-04-06 06:41:24	4.0	89.0	0	5.0	100.0	7.0	6.21		M	M	M									13.0	130.0	6.0	5.59		FEW	BKN	M	200.0	600.0						
468581	2018-04-06 00:00:00	578.0	CSTNI	320	AIRBUS A320-211	NB	LIS	2018-04-06 05:50:00	2018-04-06 05:50:00	2018-04-06 06:04:00	FRA	2018-04-06 08:28:00	2018-04-06 08:39:00	2018-04-06 08:55:00	J	TP					13.0	170.0	9.0	6.21		FEW	BKN	M	300.0	700.0							8.0	90.0	14.0	6.21		M	M	M								
468582	2018-04-06 00:00:00	864.0	CSTTC	319	AIRBUS A319-111	NB	LIS	2018-04-06 05:55:00	2018-04-06 06:33:00	2018-04-06 06:45:00	VCE	2018-04-06 09:11:00	2018-04-06 09:14:00	2018-04-06 08:45:00	J	TP	2018-04-06 06:49:59	38.0	93.0	O	12.0	160.0	9.0	6.21		FEW	SCT	BKN	300.0	700.0	1600.0						15.0	90.0	6.0	6.21		M	M	M								
468583	2018-04-06 00:00:00	1026.0	FHBIS	320	AIRBUS A320-211	NB	LIS	2018-04-06 05:55:00	2018-04-06 05:59:00	2018-04-06 06:16:00	MAD	2018-04-06 07:04:00	2018-04-06 07:07:00	2018-04-06 07:10:00	J	TP	2018-04-06 06:24:59	4.0	89.0	0	13.0	170.0	9.0	6.21		FEW	BKN	M	300.0	700.0							6.0	330.0	4.0	6.21		M	M	M								
468584	2018-04-06 00:00:00	344.0	CSTPR	E90	EMBRAER 190	PGA	LIS	2018-04-06 06:00:00	2018-04-06 06:06:00	2018-04-06 06:20:00	LCY	2018-04-06 08:33:00	2018-04-06 08:39:00	2018-04-06 08:40:00	J	NI	2018-04-06 06:25:59	6.0	89.0	0	13.0	170.0	9.0	6.21		FEW	BKN	M	300.0	700.0							10.0	130.0	9.0	6.21		NCD	M	M								
468585	2018-04-06 00:00:00	646.0	CSTNM	320	AIRBUS A320-211	NB	LIS	2018-04-06 06:00:00	2018-04-06 06:21:00	2018-04-06 06:35:00	BRU	2018-04-06 08:57:00	2018-04-06 09:03:00	2018-04-06 08:40:00	J	TP	2018-04-06 06:38:59	16.0	89.0	0	12.0	160.0	9.0	6.21		FEW	SCT	BKN	300.0	700.0	1600.0						8.0	130.0	11.0	6.21		M	M	M								
468586	2018-04-06 00:00:00	754.0	CSTNU	320	AIRBUS A320-211	NB	LIS	2018-04-06 06:00:00	2018-04-06 06:23:00	2018-04-06 06:37:00	CPH	2018-04-06 09:40:00	2018-04-06 09:45:00	2018-04-06 09:35:00	J	TP	2018-04-06 06:39:59	23.0	89.0	0	12.0	160.0	9.0	6.21		FEW	SCT	BKN	300.0	700.0	1600.0						8.0	280.0	16.0	6.21	26.0	FEW	M	M	2800.0							
468587	2018-04-06 00:00:00	922.0	CSTPP	E90	EMBRAER 190	PGA	OPO	2018-04-06 06:00:00	2018-04-06 05:51:00	2018-04-06 06:07:00	ZRH	2018-04-06 08:18:00	2018-04-06 08:23:00	2018-04-06 08:30:00	J	NI					11.0	210.0	9.0	3.11		FEW	BKN	M	1700.0	2100.0							7.0		6.0	6.21		M	M	M								
468588	2018-04-06 00:00:00	1926.0	CSDJA	AT7	ATR 72	WI	LIS	2018-04-06 06:00:00	2018-04-06 06:09:00	2018-04-06 06:29:00	OPO	2018-04-06 07:13:00	2018-04-06 07:16:00	2018-04-06 07:00:00	J	WI	2018-04-06 06:33:59	9.0	32.0	A	13.0	170.0	9.0	6.21		FEW	BKN	M	300.0	700.0							11.0	170.0	12.0	3.11		BKN	BKN	M	600.0	1400.0						
468589	2018-04-06 00:00:00	336.0	CSTTU	319	AIRBUS A319-111	NB	LIS	2018-04-06 06:05:00	2018-04-06 06:45:00	2018-04-06 06:58:00	LGW	2018-04-06 08:51:00	2018-04-06 08:58:00	2018-04-06 08:45:00	J	TP	2018-04-06 07:01:59	40.0	82.0	0	12.0	160.0	9.0	6.21		FEW	SCT	BKN	300.0	700.0	1600.0						10.0	140.0	11.0	6.21		M	M	M								
468590	2018-04-06 00:00:00	1672.0	CSTNW	320	AIRBUS A320-211	NB	FNC	2018-04-06 06:05:00	2018-04-06 06:05:00	2018-04-06 06:12:00	LIS	2018-04-06 07:40:00	2018-04-06 07:44:00	2018-04-06 07:45:00	J	TP					16.0		2.0	6.21		SCT	M	M	1600.0								12.0	140.0	5.0	5.59		SCT	BKN	M	400.0	1400.0						
468591	2018-04-06 00:00:00	1710.0	CSTTG	319	AIRBUS A319-111	NB	FNC	2018-04-06 06:05:00	2018-04-06 05:54:00	2018-04-06 06:02:00	OPO	2018-04-06 07:32:00	2018-04-06 07:36:00	2018-04-06 07:55:00	J	TP					16.0		2.0	6.21		SCT	M	M	1600.0								11.0	170.0	12.0	3.11		BKN	BKN	M	600.0	1400.0						
468592	2018-04-06 00:00:00	322.0	CSTNS	320	AIRBUS A320-211	NB	LIS	2018-04-06 06:10:00	2018-04-06 07:27:00	2018-04-06 07:42:00	MAN	2018-04-06 10:03:00	2018-04-06 10:14:00	2018-04-06 09:00:00	J	TP	2018-04-06 07:44:59	37.0	89.0	0	12.0	140.0	5.0	5.59		SCT	BKN	M	400.0	1400.0							9.0	130.0	10.0	6.21		NCD	M	M								
468593	2018-04-06 00:00:00	1933.0	CSTNG	320	AIRBUS A320-211	NB	OPO	2018-04-06 06:20:00	2018-04-06 06:30:00	2018-04-06 06:44:00	LIS	2018-04-06 07:25:00	2018-04-06 07:28:00	2018-04-06 07:20:00	J	TP	2018-04-10 08:47:59	5.0	89.0	0	11.0	190.0	10.0	1.62		FEW	OVC	M	400.0	2000.0							12.0	140.0	5.0	5.59		SCT	BKN	M	400.0	1400.0						
468594	2018-04-06 00:00:00	1008.0	CSTPQ	E90	EMBRAER 190	PGA	OPO	2018-04-06 06:30:00	2018-04-06 06:29:00	2018-04-06 06:45:00	MAD	2018-04-06 07:30:00	2018-04-06 07:33:00	2018-04-06 07:40:00	J	NI					11.0	190.0	10.0	1.62		FEW	OVC	M	400.0	2000.0							7.0	340.0	3.0	6.21		M	M	M								
468595	2018-04-06 00:00:00	1679.0	CSTJG	321	AIRBUS A321-211	NB	LIS	2018-04-06 06:30:00	2018-04-06 06:47:00	2018-04-06 07:03:00	FNC	2018-04-06 08:36:00	2018-04-06 08:39:00	2018-04-06 08:15:00	J	TP	2018-04-06 07:09:59	17.0	19.0	C	13.0	160.0	8.0	6.21		FEW	BKN	M	200.0	700.0							18.0	40.0	3.0	6.21		FEW	M	M	1600.0							
468596	2018-04-06 00:00:00	1082.0	CSDJC	AT7	ATR 72	WI	LIS	2018-04-06 06:45:00	2018-04-06 07:05:00	2018-04-06 07:15:00	LCG	2018-04-06 08:26:00	2018-04-06 08:29:00	2018-04-06 08:20:00	J	WI	2018-04-06 07:18:59	20.0	89.0	0	13.0	160.0	8.0	6.21		FEW	BKN	M	200.0	700.0							11.0	130.0	4.0	6.21		FEW	SCT	M	2100.0	3000.0						
468597	2018-04-06 00:00:00	822.0	CSTRO	320	AIRBUS A320-211	NB	LIS	2018-04-06 06:50:00	2018-04-06 10:03:00	2018-04-06 10:14:00	MXP	2018-04-06 12:31:00	2018-04-06 12:36:00	2018-04-06 09:25:00	J	TP	2018-04-07 14:23:59	193.0	41.0	A	14.0	160.0	11.0	6.21		BKN	M	M	600.0								18.0	150.0	6.0	6.21		M	M	M								
468598	2018-04-06 00:00:00	1106.0	CSDJD	AT7	ATR 72	WI	LIS	2018-04-06 06:50:00	2018-04-06 06:59:00	2018-04-06 07:13:00	SVQ	2018-04-06 08:05:00	2018-04-06 08:10:00	2018-04-06 08:05:00	J	WI	2018-04-06 07:07:59	9.0	89.0	0	13.0	160.0	8.0	6.21		FEW	BKN	M	200.0	700.0							14.0	310.0	3.0	6.21		M	M	M								
468599	2018-04-06 00:00:00	1134.0	CSDJE	AT7	ATR 72	WI	LIS	2018-04-06 06:50:00	2018-04-06 06:48:00	2018-04-06 07:06:00	AGP	2018-04-06 08:15:00	2018-04-06 08:18:00	2018-04-06 08:20:00	J	WI					13.0	160.0	8.0	6.21		FEW	BKN	M	200.0	700.0							16.0		1.0	6.21		M	M	M								
468600	2018-04-06 00:00:00	492.0	CSTPV	E90	EMBRAER 190	PGA	LIS	2018-04-06 06:55:00	2018-04-06 07:06:00	2018-04-06 07:28:00	TLS	2018-04-06 08:52:00	2018-04-06 08:57:00	2018-04-06 08:45:00	J	NI	2018-04-06 07:30:59	11.0	95.0	A	13.0	160.0	8.0	6.21		FEW	BKN	M	200.0	700.0							15.0	130.0	19.0	6.21		M	M	M								
468601	2018-04-06 00:00:00	404.0	CSTPT	E90	EMBRAER 190	PGA	LIS	2018-04-06 07:00:00	2018-04-06 07:17:00	2018-04-06 07:38:00	MRS	2018-04-06 09:28:00	2018-04-06 09:31:00	2018-04-06 09:15:00	J	NI	2018-04-06 07:39:59	17.0	81.0	0	12.0	140.0	5.0	5.59		SCT	BKN	M	400.0	1400.0							19.0	170.0	8.0	6.21		FEW	M	M	1100.0							
468602	2018-04-06 00:00:00	434.0	CSTJF	321	AIRBUS A321-211	NB	LIS	2018-04-06 07:00:00	2018-04-06 07:18:00	2018-04-06 07:36:00	ORY	2018-04-06 09:23:00	2018-04-06 09:28:00	2018-04-06 09:25:00	J	TP	2018-04-06 07:43:59	18.0	89.0	0	12.0	140.0	5.0	5.59		SCT	BKN	M	400.0	1400.0							12.0	140.0	9.0	6.21		M	M	M								
468603	2018-04-06 00:00:00	476.0	CSTTX	E95	EMBRAER 195	PGA	LIS	2018-04-06 07:00:00	2018-04-06 07:05:00	2018-04-06 07:21:00	LYS	2018-04-06 09:13:00	2018-04-06 09:18:00	2018-04-06 09:15:00	J	NI	2018-04-06 07:24:59	2.0	89.0	0	13.0	160.0	8.0	6.21		FEW	BKN	M	200.0	700.0							15.0	160.0	12.0	6.21		M	M	M								
468604	2018-04-06 00:00:00	1272.0	CSTOI	332	AIRBUS A330-200	WB	LIS	2018-04-06 07:00:00	2018-04-06 07:07:00	2018-04-06 07:32:00	VIE	2018-04-06 10:24:00	2018-04-06 10:31:00	2018-04-06 10:20:00	J	TP	2018-04-06 07:33:59	7.0	81.0	0	13.0	160.0	8.0	6.21		FEW	BKN	M	200.0	700.0							10.0	340.0	13.0	6.21		FEW	SCT	M	3800.0	4200.0						
468605	2018-04-06 00:00:00	1828.0	CSTTK	319	AIRBUS A319-111	NB	TER	2018-04-06 07:00:00	2018-04-06 07:04:00	2018-04-06 07:08:00	LIS	2018-04-06 09:07:00	2018-04-06 09:11:00	2018-04-06 09:05:00	J	TP	2018-04-06 07:17:23	4.0	89.0	0	12.0			6.21		SCT	M	M	2000.0								13.0	150.0	8.0	5.59		SCT	BKN	M	200.0	400.0						
468606	2018-04-06 00:00:00	1864.0	CSTTJ	319	AIRBUS A319-111	NB	PDL	2018-04-06 07:00:00	2018-04-06 07:04:00	2018-04-06 07:13:00	LIS	2018-04-06 09:10:00	2018-04-06 09:14:00	2018-04-06 09:10:00	J	TP	2018-04-06 14:12:59	4.0	85.0	A	12.0	320.0	9.0	6.21		FEW	M	M	2000.0								13.0	150.0	8.0	5.59		SCT	BKN	M	200.0	400.0						
468607	2018-04-06 00:00:00	1924.0	CSDJF	AT7	ATR 72	WI	LIS	2018-04-06 07:00:00	2018-04-06 07:40:00	2018-04-06 07:55:00	OPO	2018-04-06 08:39:00	2018-04-06 08:42:00	2018-04-06 08:00:00	J	WI	2018-04-06 07:56:59	33.0	89.0	0	12.0	140.0	5.0	5.59		SCT	BKN	M	400.0	1400.0							11.0	170.0	12.0	5.59		BKN	M	M	700.0							
468608	2018-04-06 00:00:00	371.0	CSTTA	319	AIRBUS A319-111	NB	LHR	2018-04-06 07:10:00	2018-04-06 07:10:00	2018-04-06 07:22:00	LIS	2018-04-06 09:53:00	2018-04-06 09:56:00	2018-04-06 09:50:00	J	TP	2018-04-06 07:39:25	1.0	89.0	0	7.0	120.0	9.0	6.21		NCD	M	M									14.0	160.0	11.0	6.21		BKN	M	M	600.0							
468609	2018-04-06 00:00:00	412.0	CSTPU	E90	EMBRAER 190	PGA	LIS	2018-04-06 07:15:00	2018-04-06 07:33:00	2018-04-06 07:47:00	NTE	2018-04-06 09:18:00	2018-04-06 09:23:00	2018-04-06 09:15:00	J	NI	2018-04-06 07:53:59	13.0	89.0	0	12.0	140.0	5.0	5.59		SCT	BKN	M	400.0	1400.0							15.0	170.0	11.0	6.21		M	M	M								
468610	2018-04-06 00:00:00	1098.0	CSDJB	AT7	ATR 72	WI	LIS	2018-04-06 07:15:00	2018-04-06 07:40:00	2018-04-06 07:52:00	VLC	2018-04-06 09:36:00	2018-04-06 09:44:00	2018-04-06 09:20:00	J	WI	2018-04-06 07:58:59	25.0	19.0	B	12.0	140.0	5.0	5.59		SCT	BKN	M	400.0	1400.0							16.0	70.0	5.0	6.21		SCT	M	M	1500.0							
468611	2018-04-06 00:00:00	374.0	CSTNH	320	AIRBUS A320-211	NB	LIS	2018-04-06 07:20:00	2018-04-06 07:30:00	2018-04-06 07:45:00	LHR	2018-04-06 09:50:00	2018-04-06 10:10:00	2018-04-06 10:00:00	J	TP	2018-04-06 07:49:59	10.0	82.0	0	12.0	140.0	5.0	5.59		SCT	BKN	M	400.0	1400.0							12.0	150.0	14.0	6.21		NCD	M	M								
468612	2018-04-06 00:00:00	542.0	CSTTZ	E95	EMBRAER 195	PGA	LIS	2018-04-06 07:30:00	2018-04-06 07:58:00	2018-04-06 08:11:00	DUS	2018-04-06 10:31:00	2018-04-06 10:35:00	2018-04-06 10:25:00	J	NI	2018-04-06 08:14:59	28.0	89.0	0	13.0	140.0	5.0	5.59		FEW	BKN	M	200.0	600.0							11.0	140.0	15.0	6.21		M	M	M								
468613	2018-04-06 00:00:00	574.0	CSTTO	319	AIRBUS A319-111	NB	LIS	2018-04-06 07:30:00	2018-04-06 08:09:00	2018-04-06 08:22:00	FRA	2018-04-06 10:43:00	2018-04-06 10:48:00	2018-04-06 10:35:00	J	TP	2018-04-06 08:30:59	19.0	81.0	0	13.0	140.0	5.0	5.59		FEW	BKN	M	200.0	600.0							11.0	100.0	14.0	6.21		M	M	M								
468614	2018-04-06 00:00:00	952.0	CSTTH	319	AIRBUS A319-111	NB	LIS	2018-04-06 07:30:00	2018-04-06 07:36:00	2018-04-06 07:49:00	GVA	2018-04-06 09:43:00	2018-04-06 09:47:00	2018-04-06 09:50:00	J	TP	2018-04-06 07:55:59	6.0	89.0	0	12.0	140.0	5.0	5.59		SCT	BKN	M	400.0	1400.0							10.0	40.0	7.0	6.21		FEW	M	M	3500.0							
468615	2018-04-06 00:00:00	1941.0	CSDJA	AT7	ATR 72	WI	OPO	2018-04-06 07:30:00	2018-04-06 07:41:00	2018-04-06 07:52:00	LIS	2018-04-06 08:42:00	2018-04-06 08:44:00	2018-04-06 08:30:00	J	WI	2018-04-06 07:56:38	11.0	93.0	0	11.0	170.0	12.0	3.11		BKN	BKN	M	600.0	1400.0							13.0	130.0	6.0	5.59		FEW	BKN	M	200.0	600.0						
468616	2018-04-06 00:00:00	288.0	CSTOE	332	AIRBUS A330-200	WB	LAD	2018-04-06 07:40:00	2018-04-06 08:03:00	2018-04-06 08:09:00	LIS	2018-04-06 15:37:00	2018-04-06 15:41:00	2018-04-06 15:30:00	J	TP	2018-04-06 08:21:41	6.0	86.0	0	29.0		2.0	6.21		SCT	BKN	M	2000.0	8000.0							11.0	240.0	3.0	6.21		SCT	M	M	4200.0							
468617	2018-04-06 00:00:00	1307.0	CSTTD	319	AIRBUS A319-111	NB	PRG	2018-04-06 07:40:00	2018-04-06 08:09:00	2018-04-06 08:21:00	LIS	2018-04-06 11:38:00	2018-04-06 11:43:00	2018-04-06 11:10:00	J	TP	2018-04-06 08:23:29	29.0	83.0	0	4.0	320.0	5.0	6.21		M	M	M									13.0	230.0	10.0	4.97		FEW	BKN	M	600.0	800.0						
468618	2018-04-06 00:00:00	784.0	CSTNL	320	AIRBUS A320-211	NB	LIS	2018-04-06 07:45:00	2018-04-06 08:03:00	2018-04-06 08:18:00	ARN	2018-04-06 12:00:00	2018-04-06 12:07:00	2018-04-06 12:00:00	J	TP	2018-04-06 08:21:59	18.0	89.0	0	13.0	140.0	5.0	5.59		FEW	BKN	M	200.0	600.0							3.0	300.0	16.0	6.21		BKN	M	M	900.0							
468619	2018-04-06 00:00:00	1680.0	CSTTF	319	AIRBUS A319-111	NB	FNC	2018-04-06 07:45:00	2018-04-06 09:28:00	2018-04-06 09:35:00	LIS	2018-04-06 11:07:00	2018-04-06 11:10:00	2018-04-06 09:20:00	J	TP	2018-04-06 09:37:54	18.0	83.0	0	18.0	360.0	10.0	6.21		SCT	M	M	1600.0								13.0	230.0	9.0	3.11		SCT	BKN	M	600.0	1000.0						
468620	2018-04-06 00:00:00	334.0	CSTTB	319	AIRBUS A319-111	NB	OPO	2018-04-06 07:55:00	2018-04-06 07:57:00	2018-04-06 08:10:00	LGW	2018-04-06 09:54:00	2018-04-06 09:58:00	2018-04-06 10:05:00	J	TP	2018-04-06 08:21:38	2.0	81.0	0	11.0	160.0	11.0	3.73		BKN	BKN	M	600.0	1200.0							11.0	150.0	13.0	6.21		M	M	M								
468621	2018-04-06 00:00:00	488.0	CSTPS	E90	EMBRAER 190	PGA	LIS	2018-04-06 07:55:00	2018-04-06 09:22:00	2018-04-06 09:40:00	NCE	2018-04-06 11:40:00	2018-04-06 11:44:00	2018-04-06 10:15:00	J	NI	2018-04-06 09:57:59	17.0	89.0	0	13.0	160.0	10.0	6.21		FEW	BKN	M	400.0	600.0							16.0	90.0	10.0	6.21		FEW	M	M	1300.0							
468622	2018-04-06 00:00:00	1011.0	FHBIS	320	AIRBUS A320-211	NB	MAD	2018-04-06 07:55:00	2018-04-06 08:31:00	2018-04-06 08:42:00	LIS	2018-04-06 09:38:00	2018-04-06 09:43:00	2018-04-06 09:15:00	J	TP	2018-04-10 08:33:59	14.0	89.0	0	9.0	330.0	3.0	6.21		BKN	M	M	6800.0								13.0	160.0	10.0	6.21		FEW	BKN	M	400.0	600.0						
468623	2018-04-06 00:00:00	932.0	CSTTE	319	AIRBUS A319-111	NB	LIS	2018-04-06 08:00:00	2018-04-06 08:19:00	2018-04-06 08:35:00	ZRH	2018-04-06 10:55:00	2018-04-06 11:01:00	2018-04-06 10:40:00	J	TP	2018-04-06 08:40:59	19.0	89.0	0	13.0	130.0	6.0	5.59		FEW	BKN	M	200.0	600.0							12.0	20.0	9.0	6.21		M	M	M								
468624	2018-04-06 00:00:00	1033.0	FHBAL	319	AIRBUS A319-111	NB	BCN	2018-04-06 08:00:00	2018-04-06 08:07:00	2018-04-06 08:20:00	OPO	2018-04-06 09:48:00	2018-04-06 09:52:00	2018-04-06 09:50:00	J	TP	2018-04-06 08:24:30	7.0	81.0	0	13.0	330.0	6.0	6.21	16.0	FEW	M	M	3000.0								12.0	170.0	13.0	5.59		BKN	M	M	700.0							
468625	2018-04-06 00:00:00	1930.0	CSDJH	AT7	ATR 72	WI	LIS	2018-04-06 08:00:00	2018-04-06 08:12:00	2018-04-06 08:23:00	OPO	2018-04-06 09:14:00	2018-04-06 09:17:00	2018-04-06 09:00:00	J	WI	2018-04-06 08:26:59	12.0	89.0	0	13.0	140.0	5.0	5.59		FEW	BKN	M	200.0	600.0							12.0	170.0	11.0	6.21		BKN	M	M	700.0							
468626	2018-04-06 00:00:00	664.0	INEOW	738	BOEING 737-800		LIS	2018-04-06 08:05:00	2018-04-06 08:24:00	2018-04-06 08:40:00	AMS	2018-04-06 11:09:00	2018-04-06 11:15:00	2018-04-06 11:00:00	J	TP	2018-04-06 08:42:59	19.0	89.0	0	13.0	130.0	6.0	5.59		FEW	BKN	M	200.0	600.0							12.0	120.0	19.0	6.21		M	M	M								
468627	2018-04-06 00:00:00	1040.0	CSTTW	E95	EMBRAER 195	PGA	LIS	2018-04-06 08:05:00	2018-04-06 08:11:00	2018-04-06 08:29:00	BCN	2018-04-06 10:02:00	2018-04-06 10:08:00	2018-04-06 09:55:00	J	NI	2018-04-06 08:31:59	6.0	85.0	C	13.0	140.0	5.0	5.59		FEW	BKN	M	200.0	600.0							15.0	140.0	5.0	6.21		FEW	M	M	2000.0							
468628	2018-04-06 00:00:00	1016.0	CSTNT	320	AIRBUS A320-211	NB	LIS	2018-04-06 08:10:00	2018-04-06 08:35:00	2018-04-06 08:48:00	MAD	2018-04-06 09:36:00	2018-04-06 09:40:00	2018-04-06 09:25:00	J	TP	2018-04-13 10:28:59	2.0	89.0	0	13.0	130.0	6.0	5.59		FEW	BKN	M	200.0	600.0							13.0	310.0	3.0	6.21		BKN	M	M	6200.0							
468629	2018-04-06 00:00:00	538.0	CSTTI	319	AIRBUS A319-111	NB	LIS	2018-04-06 08:15:00	2018-04-06 08:29:00	2018-04-06 08:45:00	TXL	2018-04-06 11:42:00	2018-04-06 11:46:00	2018-04-06 11:40:00	J	TP	2018-04-06 08:47:59	14.0	82.0	0	13.0	130.0	6.0	5.59		FEW	BKN	M	200.0	600.0							10.0	250.0	8.0	6.21		M	M	M								
468630	2018-04-06 00:00:00	453.0	CSTTS	319	AIRBUS A319-111	NB	ORY	2018-04-06 08:20:00	2018-04-06 08:51:00	2018-04-06 09:02:00	OPO	2018-04-06 11:05:00	2018-04-06 11:08:00	2018-04-06 10:25:00	J	TP	2018-04-06 09:38:41	15.0	87.0	0	12.0	120.0	9.0	6.21		M	M	M									12.0	190.0	15.0	6.21		BKN	BKN	M	700.0	1400.0						
468631	2018-04-06 00:00:00	1005.0	CSTPQ	E90	EMBRAER 190	PGA	MAD	2018-04-06 08:20:00	2018-04-06 08:38:00	2018-04-06 08:52:00	OPO	2018-04-06 09:38:00	2018-04-06 09:41:00	2018-04-06 09:30:00	J	NI	2018-04-06 09:08:48	3.0	89.0	0	9.0	330.0	3.0	6.21		BKN	M	M	6800.0								12.0	170.0	11.0	6.21		BKN	M	M	700.0							
468632	2018-04-06 00:00:00	1553.0	CSTNW	320	AIRBUS A320-211	NB	LIS	2018-04-06 08:20:00	2018-04-06 08:47:00	2018-04-06 09:02:00	VXE	2018-04-06 13:09:00	2018-04-06 13:11:00	2018-04-06 12:40:00	J	TP	2018-04-06 09:42:59	7.0	89.0	0	13.0	150.0	8.0	5.59		SCT	BKN	M	200.0	400.0							25.0	60.0	26.0	6.21		FEW	M	M	2000.0							
468633	2018-04-06 00:00:00	1739.0	CSTTM	319	AIRBUS A319-111	NB	LIS	2018-04-06 08:20:00	2018-04-06 08:42:00	2018-04-06 08:51:00	PXO	2018-04-06 10:24:00	2018-04-06 10:30:00	2018-04-06 10:05:00	J	TP	2018-04-06 08:58:59	16.0	89.0	0	13.0	130.0	6.0	5.59		FEW	BKN	M	200.0	600.0							17.0	330.0	14.0	6.21		SCT	SCT	M	1300.0	3000.0						
468634	2018-04-06 00:00:00	1041.0	CSTPO	E90	EMBRAER 190	PGA	BCN	2018-04-06 08:25:00	2018-04-06 08:25:00	2018-04-06 08:35:00	LIS	2018-04-06 10:09:00	2018-04-06 10:14:00	2018-04-06 10:20:00	J	NI					14.0	320.0	6.0	6.21	16.0	FEW	M	M	3000.0								14.0	160.0	11.0	6.21		BKN	M	M	600.0							
468635	2018-04-06 00:00:00	1454.0	CSTTY	E95	EMBRAER 195	PGA	LIS	2018-04-06 08:25:00	2018-04-06 08:51:00	2018-04-06 08:57:00	RAK	2018-04-06 10:13:00	2018-04-06 10:16:00	2018-04-06 10:00:00	J	NI	2018-04-06 08:59:59	13.0	89.0	0	13.0	150.0	8.0	5.59		SCT	BKN	M	200.0	400.0							17.0		3.0	3.11		BKN	M	M	2300.0							
468636	2018-04-06 00:00:00	1531.0	CSTMW	320	AIRBUS A320-211	NB	LIS	2018-04-06 08:25:00	2018-04-06 08:53:00	2018-04-06 09:08:00	RAI	2018-04-06 13:16:00	2018-04-06 13:19:00	2018-04-06 12:45:00	J	TP	2018-04-06 09:53:59	16.0	89.0	0	13.0	150.0	8.0	5.59		SCT	BKN	M	200.0	400.0							27.0	360.0	16.0	6.21		FEW	M	M	1600.0							
468637	2018-04-06 00:00:00	1907.0	CSTNN	320	AIRBUS A320-211	NB	LIS	2018-04-06 08:30:00	2018-04-06 08:57:00	2018-04-06 09:12:00	FAO	2018-04-06 09:40:00	2018-04-06 09:44:00	2018-04-06 09:15:00	J	TP	2018-04-06 09:17:59	11.0	41.0	A	13.0	150.0	8.0	5.59		SCT	BKN	M	200.0	400.0							16.0	250.0	7.0	6.21		M	M	M								
468638	2018-04-06 00:00:00	1927.0	CSDJF	AT7	ATR 72	WI	OPO	2018-04-06 08:30:00	2018-04-06 09:27:00	2018-04-06 09:35:00	LIS	2018-04-06 10:36:00	2018-04-06 10:39:00	2018-04-06 09:30:00	J	WI	2018-04-06 09:40:44	15.0	81.0	0	12.0	170.0	11.0	6.21		BKN	M	M	700.0								14.0	210.0	19.0	3.11		FEW	BKN	M	600.0	900.0						
468639	2018-04-06 00:00:00	1262.0	CSTQD	320	AIRBUS A320-211	NB	LIS	2018-04-06 08:35:00	2018-04-06 08:41:00	2018-04-06 08:54:00	WAW	2018-04-06 12:22:00	2018-04-06 12:27:00	2018-04-06 12:25:00	J	TP	2018-04-06 08:54:59	6.0	81.0	0	13.0	130.0	6.0	5.59		FEW	BKN	M	200.0	600.0							12.0	300.0	10.0	6.21		M	M	M								
468640	2018-04-06 00:00:00	437.0	LYPGC	737	BOEING 737 ALL SERIES		ORY	2018-04-06 08:45:00	2018-04-06 10:11:00	2018-04-06 10:19:00	LIS	2018-04-06 12:50:00	2018-04-06 12:54:00	2018-04-06 11:15:00	J	TP	2018-04-07 01:41:59	34.0	83.0	0	14.0	110.0	11.0	6.21		M	M	M									13.0	230.0	8.0	4.97		FEW	BKN	M	400.0	600.0						
468641	2018-04-06 00:00:00	1107.0	CSDJD	AT7	ATR 72	WI	SVQ	2018-04-06 08:45:00	2018-04-06 08:56:00	2018-04-06 09:02:00	LIS	2018-04-06 10:30:00	2018-04-06 10:35:00	2018-04-06 09:55:00	J	WI	2018-04-06 09:25:44	11.0	83.0	0	17.0	360.0	1.0	6.21		M	M	M									14.0	210.0	19.0	3.11		FEW	BKN	M	600.0	900.0						
468642	2018-04-06 00:00:00	819.0	CSTTR	319	AIRBUS A319-111	NB	MXP	2018-04-06 08:50:00	2018-04-06 08:55:00	2018-04-06 09:09:00	OPO	2018-04-06 11:30:00	2018-04-06 11:35:00	2018-04-06 11:35:00	J	TP	2018-04-06 09:18:46	5.0	89.0	0	16.0	100.0	6.0	6.21		M	M	M									12.0	190.0	13.0	5.59		SCT	BKN	M	500.0	1400.0						
468643	2018-04-06 00:00:00	938.0	CSTTG	319	AIRBUS A319-111	NB	OPO	2018-04-06 08:50:00	2018-04-06 09:10:00	2018-04-06 09:20:00	GVA	2018-04-06 11:06:00	2018-04-06 11:12:00	2018-04-06 10:55:00	J	TP	2018-04-06 09:27:48	20.0	64.0	0	12.0	160.0	12.0	6.21		BKN	M	M	700.0								12.0	60.0	7.0	6.21		M	M	M								
468644	2018-04-06 00:00:00	440.0	CSTNK	320	AIRBUS A320-211	NB	LIS	2018-04-06 08:55:00	2018-04-06 09:07:00	2018-04-06 09:18:00	ORY	2018-04-06 11:06:00	2018-04-06 11:15:00	2018-04-06 11:20:00	J	TP	2018-04-06 09:48:59	8.0	16.0	C	13.0	150.0	8.0	5.59		SCT	BKN	M	200.0	400.0							15.0	110.0	10.0	6.21		M	M	M								
468645	2018-04-06 00:00:00	59.0	CSTOW	333	AIRBUS A330-300	WB	LIS	2018-04-06 09:00:00	2018-04-06 09:11:00	2018-04-06 09:30:00	BSB	2018-04-06 18:58:00	2018-04-06 19:05:00	2018-04-06 18:30:00	J	TP	2018-04-06 09:50:59	11.0	89.0	0	13.0	150.0	8.0	5.59		SCT	BKN	M	200.0	400.0							21.0	50.0	5.0	6.21		FEW	FEW	SCT	300.0	400.0	8000.0					
468646	2018-04-06 00:00:00	1085.0	CSDJC	AT7	ATR 72	WI	LCG	2018-04-06 09:00:00	2018-04-06 09:03:00	2018-04-06 09:10:00	LIS	2018-04-06 10:52:00	2018-04-06 10:57:00	2018-04-06 10:40:00	J	WI	2018-04-07 14:13:59	3.0	93.0	R	11.0	140.0	4.0	6.21		FEW	SCT	M	2100.0	3000.0							13.0	230.0	9.0	3.11		SCT	BKN	M	600.0	1000.0						
468647	2018-04-06 00:00:00	1133.0	CSDJE	AT7	ATR 72	WI	AGP	2018-04-06 09:00:00	2018-04-06 09:15:00	2018-04-06 09:27:00	LIS	2018-04-06 11:02:00	2018-04-06 11:10:00	2018-04-06 10:40:00	J	WI	2018-04-06 09:28:53	15.0	81.0	0	18.0	0.0	0.0	6.21		M	M	M									13.0	230.0	9.0	3.11		SCT	BKN	M	600.0	1000.0						
468648	2018-04-06 00:00:00	1674.0	CSTJG	321	AIRBUS A321-211	NB	FNC	2018-04-06 09:00:00	2018-04-06 09:34:00	2018-04-06 09:42:00	LIS	2018-04-06 11:13:00	2018-04-06 11:16:00	2018-04-06 10:35:00	J	TP	2018-04-06 09:42:52	10.0	83.0	0	18.0	360.0	10.0	6.21		SCT	M	M	1600.0								13.0	230.0	10.0	4.97		FEW	BKN	M	600.0	800.0						
468649	2018-04-06 00:00:00	1944.0	CSDJA	AT7	ATR 72	WI	LIS	2018-04-06 09:00:00	2018-04-06 09:18:00	2018-04-06 09:35:00	OPO	2018-04-06 10:22:00	2018-04-06 10:25:00	2018-04-06 10:00:00	J	WI	2018-04-06 09:49:59	4.0	89.0	0	13.0	160.0	10.0	6.21		FEW	BKN	M	400.0	600.0							12.0	180.0	12.0	4.97		SCT	BKN	M	600.0	1500.0						
468650	2018-04-06 00:00:00	366.0	CSTNX	320	AIRBUS A320-211	NB	LIS	2018-04-06 09:05:00	2018-04-06 10:52:00	2018-04-06 11:03:00	LHR	2018-04-06 13:02:00	2018-04-06 13:10:00	2018-04-06 11:45:00	J	TP	2018-04-11 16:27:59	37.0	16.0	0	13.0	230.0	9.0	3.11		SCT	BKN	M	600.0	1000.0							16.0	160.0	17.0	6.21		NCD	M	M								
468651	2018-04-06 00:00:00	349.0	CSTPR	E90	EMBRAER 190	PGA	LCY	2018-04-06 09:10:00	2018-04-06 09:16:00	2018-04-06 09:24:00	LIS	2018-04-06 12:11:00	2018-04-06 12:15:00	2018-04-06 11:45:00	J	NI	2018-04-06 11:13:00	3.0	87.0	0	10.0	130.0	13.0	6.21		NCD	M	M									13.0	230.0	8.0	3.73		FEW	BKN	M	400.0	600.0						
468652	2018-04-06 00:00:00	841.0	CSTJH	321	AIRBUS A321-211	NB	FCO	2018-04-06 09:10:00	2018-04-06 09:26:00	2018-04-06 09:41:00	LIS	2018-04-06 12:26:00	2018-04-06 12:30:00	2018-04-06 12:15:00	J	TP	2018-04-06 11:14:03	2.0	89.0	0	17.0	300.0	4.0	6.21		M	M	M									13.0	230.0	7.0	6.21		FEW	SCT	BKN	400.0	800.0	2200.0					
468653	2018-04-06 00:00:00	923.0	CSTPP	E90	EMBRAER 190	PGA	ZRH	2018-04-06 09:15:00	2018-04-06 09:06:00	2018-04-06 09:16:00	OPO	2018-04-06 11:42:00	2018-04-06 11:46:00	2018-04-06 11:50:00	J	NI					9.0	50.0	6.0	6.21		M	M	M									12.0	180.0	13.0	6.21		SCT	BKN	M	500.0	1400.0						
468654	2018-04-06 00:00:00	491.0	CSTPV	E90	EMBRAER 190	PGA	TLS	2018-04-06 09:25:00	2018-04-06 09:51:00	2018-04-06 10:03:00	LIS	2018-04-06 11:41:00	2018-04-06 11:47:00	2018-04-06 11:25:00	J	NI	2018-04-10 08:31:59	11.0	93.0	K	16.0	120.0	21.0	6.21		M	M	M									13.0	230.0	8.0	3.73		FEW	BKN	M	400.0	600.0						
468655	2018-04-06 00:00:00	647.0	CSTNM	320	AIRBUS A320-211	NB	BRU	2018-04-06 09:30:00	2018-04-06 10:08:00	2018-04-06 10:21:00	LIS	2018-04-06 13:14:00	2018-04-06 13:18:00	2018-04-06 12:20:00	J	TP	2018-04-06 10:34:42	20.0	83.0	0	11.0	130.0	14.0	6.21		M	M	M									12.0	280.0	10.0	3.73		FEW	SCT	BKN	800.0	1200.0	2400.0					
468656	2018-04-06 00:00:00	1931.0	CSDJH	AT7	ATR 72	WI	OPO	2018-04-06 09:30:00	2018-04-06 10:09:00	2018-04-06 10:27:00	LIS	2018-04-06 11:22:00	2018-04-06 11:27:00	2018-04-06 10:30:00	J	WI	2018-04-06 10:34:46	22.0	81.0	0	12.0	170.0	13.0	5.59		BKN	M	M	700.0								13.0	230.0	10.0	4.97		FEW	BKN	M	600.0	800.0						
468657	2018-04-06 00:00:00	223.0	CSTOX	333	AIRBUS A330-300	WB	LIS	2018-04-06 09:35:00	2018-04-06 10:00:00	2018-04-06 10:19:00	MIA	2018-04-06 19:35:00	2018-04-06 19:39:00	2018-04-06 18:30:00	J	TP	2018-04-06 12:51:59	25.0	39.0	C	14.0	160.0	11.0	6.21		BKN	M	M	600.0									120.0	11.0	10.0		FEW	M	M	5000.0							
468658	2018-04-06 00:00:00	339.0	CSTTU	319	AIRBUS A319-111	NB	LGW	2018-04-06 09:35:00	2018-04-06 09:55:00	2018-04-06 10:11:00	LIS	2018-04-06 12:52:00	2018-04-06 12:56:00	2018-04-06 12:15:00	J	TP	2018-04-06 10:17:01	7.0	27.0	B	11.0	150.0	13.0	6.21		M	M	M									13.0	230.0	8.0	4.97		FEW	BKN	M	400.0	600.0						
468659	2018-04-06 00:00:00	863.0	CSTTC	319	AIRBUS A319-111	NB	VCE	2018-04-06 09:35:00	2018-04-06 09:57:00	2018-04-06 10:11:00	LIS	2018-04-06 13:03:00	2018-04-06 13:06:00	2018-04-06 12:45:00	J	TP	2018-04-06 11:05:02	3.0	83.0	0	15.0	100.0	5.0	6.21		M	M	M									13.0	230.0	8.0	4.97		FEW	BKN	M	400.0	600.0						
468660	2018-04-06 00:00:00	581.0	CSTNI	320	AIRBUS A320-211	NB	FRA	2018-04-06 09:40:00	2018-04-06 09:40:00	2018-04-06 09:53:00	LIS	2018-04-06 12:58:00	2018-04-06 13:03:00	2018-04-06 12:50:00	J	TP					10.0	100.0	11.0	6.21		M	M	M									13.0	230.0	8.0	4.97		FEW	BKN	M	400.0	600.0						
468661	2018-04-06 00:00:00	1116.0	CSTPW	E90	EMBRAER 190	PGA	LIS	2018-04-06 09:40:00	2018-04-06 09:51:00	2018-04-06 10:04:00	LPA	2018-04-06 12:08:00	2018-04-06 12:12:00	2018-04-06 12:00:00	J	NI	2018-04-06 10:17:59	11.0	89.0	0	14.0	160.0	11.0	6.21		BKN	M	M	600.0								20.0	40.0	11.0	6.21		SCT	M	M	3000.0							
468662	2018-04-06 00:00:00	1671.0	CSTTQ	319	AIRBUS A319-111	NB	LIS	2018-04-06 09:40:00	2018-04-06 10:15:00	2018-04-06 10:36:00	FNC	2018-04-06 12:13:00	2018-04-06 12:16:00	2018-04-06 11:25:00	J	TP	2018-04-06 10:45:59	8.0	89.0	0	14.0	160.0	11.0	6.21		BKN	M	M	600.0								18.0	350.0	8.0	6.21		SCT	M	M	1500.0							
468663	2018-04-06 00:00:00	323.0	CSTNS	320	AIRBUS A320-211	NB	MAN	2018-04-06 09:45:00	2018-04-06 11:07:00	2018-04-06 11:25:00	LIS	2018-04-06 14:03:00	2018-04-06 14:06:00	2018-04-06 12:40:00	J	TP	2018-04-06 11:59:10	3.0	89.0	0	11.0	140.0	8.0	6.21		NCD	M	M									11.0	280.0	11.0	3.73		SCT	BKN	M	1400.0	2200.0						
468664	2018-04-06 00:00:00	217.0	CSTOP	332	AIRBUS A330-200	WB	LIS	2018-04-06 09:55:00	2018-04-06 10:18:00	2018-04-06 10:39:00	BOS	2018-04-06 17:50:00	2018-04-06 18:05:00	2018-04-06 17:20:00	J	TP	2018-04-06 10:41:59	8.0	89.0	0	14.0	210.0	19.0	3.11		FEW	BKN	M	600.0	900.0								160.0	11.0	1.5		FEW	BKN	OVC	600.0	900.0	1600.0					
468665	2018-04-06 00:00:00	413.0	CSTPU	E90	EMBRAER 190	PGA	NTE	2018-04-06 09:55:00	2018-04-06 09:58:00	2018-04-06 10:11:00	LIS	2018-04-06 12:02:00	2018-04-06 12:08:00	2018-04-06 11:55:00	J	NI	2018-04-07 01:38:59	3.0	81.0	0	16.0	170.0	11.0	6.21		M	M	M									13.0	230.0	8.0	3.73		FEW	BKN	M	400.0	600.0						
468666	2018-04-06 00:00:00	471.0	CSTTX	E95	EMBRAER 195	PGA	LYS	2018-04-06 09:55:00	2018-04-06 10:14:00	2018-04-06 10:27:00	LIS	2018-04-06 12:41:00	2018-04-06 12:47:00	2018-04-06 12:25:00	J	NI	2018-04-06 10:37:53	16.0	81.0	0	16.0	170.0	12.0	6.21		M	M	M									13.0	230.0	8.0	4.97		FEW	BKN	M	400.0	600.0						
468667	2018-04-06 00:00:00	1038.0	CSTTP	319	AIRBUS A319-111	NB	LIS	2018-04-06 09:55:00	2018-04-06 09:54:00	2018-04-06 10:07:00	BCN	2018-04-06 11:32:00	2018-04-06 11:36:00	2018-04-06 11:45:00	J	TP					14.0	160.0	11.0	6.21		BKN	M	M	600.0								15.0	120.0	6.0	6.21		FEW	M	M	2500.0							
468668	2018-04-06 00:00:00	403.0	CSTPT	E90	EMBRAER 190	PGA	MRS	2018-04-06 10:00:00	2018-04-06 10:18:00	2018-04-06 10:31:00	LIS	2018-04-06 12:38:00	2018-04-06 12:44:00	2018-04-06 12:15:00	J	NI	2018-04-10 08:26:59	18.0	81.0	0	18.0	150.0	11.0	6.21		M	M	M									13.0	230.0	7.0	6.21		FEW	SCT	BKN	400.0	800.0	2200.0					
468669	2018-04-06 00:00:00	1097.0	CSDJB	AT7	ATR 72	WI	VLC	2018-04-06 10:00:00	2018-04-06 10:24:00	2018-04-06 10:33:00	LIS	2018-04-06 12:34:00	2018-04-06 12:39:00	2018-04-06 12:20:00	J	WI	2018-04-06 10:37:51	24.0	93.0	0	18.0	40.0	5.0	6.21		FEW	M	M	1500.0								13.0	230.0	7.0	6.21		FEW	SCT	BKN	400.0	800.0	2200.0					
468670	2018-04-06 00:00:00	1867.0	CSTNP	320	AIRBUS A320-211	NB	LIS	2018-04-06 10:00:00	2018-04-06 10:00:00	2018-04-06 10:10:00	PDL	2018-04-06 12:20:00	2018-04-06 12:24:00	2018-04-06 12:25:00	J	TP					14.0	160.0	11.0	6.21		BKN	M	M	600.0								14.0	320.0	12.0	6.21		SCT	M	M	2200.0							
468671	2018-04-06 00:00:00	1902.0	CSTNN	320	AIRBUS A320-211	NB	FAO	2018-04-06 10:00:00	2018-04-06 10:42:00	2018-04-06 10:53:00	LIS	2018-04-06 11:27:00	2018-04-06 11:30:00	2018-04-06 10:50:00	J	TP	2018-04-06 11:00:04	13.0	81.0	0	16.0	240.0	7.0	6.21		M	M	M									13.0	230.0	10.0	4.97		FEW	BKN	M	600.0	800.0						
468672	2018-04-06 00:00:00	1934.0	CSDJF	AT7	ATR 72	WI	LIS	2018-04-06 10:00:00	2018-04-06 11:18:00	2018-04-06 11:35:00	OPO	2018-04-06 12:20:00	2018-04-06 12:23:00	2018-04-06 11:00:00	J	WI	2018-04-06 11:42:59	9.0	89.0	0	13.0	230.0	10.0	4.97		FEW	BKN	M	600.0	800.0							12.0	180.0	12.0	3.73		SCT	BKN	M	500.0	1200.0						
468673	2018-04-06 00:00:00	648.0	CSTTK	319	AIRBUS A319-111	NB	LIS	2018-04-06 10:05:00	2018-04-06 10:09:00	2018-04-06 10:22:00	BRU	2018-04-06 12:29:00	2018-04-06 12:32:00	2018-04-06 12:45:00	J	TP	2018-04-06 10:34:59	4.0	89.0	0	14.0	160.0	11.0	6.21		BKN	M	M	600.0								14.0	130.0	13.0	6.21		M	M	M								
468674	2018-04-06 00:00:00	1019.0	CSTNT	320	AIRBUS A320-211	NB	MAD	2018-04-06 10:10:00	2018-04-06 10:31:00	2018-04-06 10:45:00	LIS	2018-04-06 11:44:00	2018-04-06 11:49:00	2018-04-06 11:30:00	J	TP	2018-04-06 10:56:59	6.0	16.0	0	15.0	360.0	3.0	6.21		BKN	M	M	6000.0								13.0	230.0	8.0	3.73		FEW	BKN	M	400.0	600.0						
468675	2018-04-06 00:00:00	89.0	CSTOK	332	AIRBUS A330-200	WB	LIS	2018-04-06 10:15:00	2018-04-06 11:06:00	2018-04-06 11:20:00	GRU	2018-04-06 21:18:00	2018-04-06 21:27:00	2018-04-06 20:30:00	J	TP	2018-04-06 11:25:59	21.0	16.0	B	13.0	230.0	9.0	3.11		SCT	BKN	M	600.0	1000.0							22.0	150.0	6.0	6.21		SCT	M	M	2300.0							
468676	2018-04-06 00:00:00	433.0	CSTJF	321	AIRBUS A321-211	NB	ORY	2018-04-06 10:15:00	2018-04-06 10:42:00	2018-04-06 10:55:00	LIS	2018-04-06 13:20:00	2018-04-06 13:26:00	2018-04-06 12:45:00	J	TP	2018-04-10 08:44:59	24.0	87.0	0	14.0	120.0	10.0	6.21		M	M	M									12.0	280.0	10.0	3.73		FEW	SCT	BKN	800.0	1200.0	2400.0					
468677	2018-04-06 00:00:00	827.0	CSTRO	320	AIRBUS A320-211	NB	MXP	2018-04-06 10:15:00	2018-04-06 13:19:00	2018-04-06 13:28:00	LIS	2018-04-06 15:59:00	2018-04-06 16:04:00	2018-04-06 13:05:00	J	TP	2018-04-06 13:39:29	184.0	93.0	H	19.0	160.0	4.0	6.21		M	M	M									12.0	220.0	5.0	6.21		FEW	M	M	1000.0							
468678	2018-04-06 00:00:00	757.0	CSTNU	320	AIRBUS A320-211	NB	CPH	2018-04-06 10:20:00	2018-04-06 10:25:00	2018-04-06 10:34:00	LIS	2018-04-06 14:11:00	2018-04-06 14:15:00	2018-04-06 14:10:00	J	TP	2018-04-07 01:45:59	5.0	93.0	O	8.0	280.0	18.0	6.21		FEW	M	M	2800.0								11.0	280.0	11.0	3.73		SCT	BKN	M	1400.0	2200.0						
468679	2018-04-06 00:00:00	872.0	CSTTJ	319	AIRBUS A319-111	NB	LIS	2018-04-06 10:20:00	2018-04-06 10:28:00	2018-04-06 10:46:00	BLQ	2018-04-06 13:09:00	2018-04-06 13:11:00	2018-04-06 13:00:00	J	TP	2018-04-06 10:57:59	8.0	89.0	0	14.0	210.0	19.0	3.11		FEW	BKN	M	600.0	900.0							19.0	80.0	8.0	6.21		FEW	M	M	2500.0							
468680	2018-04-06 00:00:00	1935.0	CSDJA	AT7	ATR 72	WI	OPO	2018-04-06 10:30:00	2018-04-06 10:55:00	2018-04-06 11:15:00	LIS	2018-04-06 12:01:00	2018-04-06 12:04:00	2018-04-06 11:30:00	J	WI	2018-04-06 11:17:08	25.0	93.0	R	12.0	190.0	15.0	6.21		BKN	BKN	M	700.0	1400.0							13.0	230.0	8.0	3.73		FEW	BKN	M	400.0	600.0						
468681	2018-04-06 00:00:00	686.0	FHBAL	319	AIRBUS A319-111	NB	OPO	2018-04-06 10:35:00	2018-04-06 10:45:00	2018-04-06 11:02:00	LUX	2018-04-06 12:58:00	2018-04-06 13:04:00	2018-04-06 12:55:00	J	TP	2018-04-06 11:03:58	5.0	89.0	0	12.0	180.0	12.0	4.97		SCT	BKN	M	600.0	1500.0							13.0	120.0	13.0	6.21		M	M	M								
468682	2018-04-06 00:00:00	951.0	CSTTH	319	AIRBUS A319-111	NB	GVA	2018-04-06 10:35:00	2018-04-06 10:44:00	2018-04-06 10:54:00	LIS	2018-04-06 13:23:00	2018-04-06 13:26:00	2018-04-06 13:10:00	J	TP	2018-04-06 11:00:03	9.0	83.0	0	11.0	50.0	7.0	6.21		M	M	M									12.0	280.0	10.0	3.73		FEW	SCT	BKN	800.0	1200.0	2400.0					
468683	2018-04-06 00:00:00	1122.0	CSDJD	AT7	ATR 72	WI	LIS	2018-04-06 10:35:00	2018-04-06 11:14:00	2018-04-06 11:29:00	ALC	2018-04-06 13:21:00	2018-04-06 13:26:00	2018-04-06 12:50:00	J	WI	2018-04-06 11:31:59	39.0	93.0	M	13.0	230.0	9.0	3.11		SCT	BKN	M	600.0	1000.0							17.0	70.0	17.0	6.21		FEW	M	M	5000.0							
468684	2018-04-06 00:00:00	1035.0	CSTTW	E95	EMBRAER 195	PGA	BCN	2018-04-06 10:40:00	2018-04-06 10:53:00	2018-04-06 11:09:00	LIS	2018-04-06 12:46:00	2018-04-06 12:50:00	2018-04-06 12:40:00	J	NI	2018-04-06 11:23:06	13.0	93.0	N	14.0	140.0	6.0	6.21		FEW	M	M	2000.0								13.0	230.0	8.0	4.97		FEW	BKN	M	400.0	600.0						
468685	2018-04-06 00:00:00	1453.0	CSTTY	E95	EMBRAER 195	PGA	RAK	2018-04-06 10:45:00	2018-04-06 10:57:00	2018-04-06 11:06:00	LIS	2018-04-06 12:29:00	2018-04-06 12:33:00	2018-04-06 12:15:00	J	NI	2018-04-10 08:27:59	1.0	89.0	0	17.0		3.0	3.11		BKN	M	M	2300.0								13.0	230.0	7.0	6.21		FEW	SCT	BKN	400.0	800.0	2200.0					
468686	2018-04-06 00:00:00	331.0	CSTTB	319	AIRBUS A319-111	NB	LGW	2018-04-06 10:50:00	2018-04-06 10:49:00	2018-04-06 11:04:00	OPO	2018-04-06 13:17:00	2018-04-06 13:21:00	2018-04-06 13:10:00	J	TP					12.0	130.0	13.0	6.21	23.0	M	M	M									12.0	190.0	13.0	3.73		SCT	BKN	M	600.0	1200.0						
468687	2018-04-06 00:00:00	363.0	CSTNH	320	AIRBUS A320-211	NB	LHR	2018-04-06 10:55:00	2018-04-06 10:59:00	2018-04-06 11:25:00	LIS	2018-04-06 14:00:00	2018-04-06 14:05:00	2018-04-06 13:40:00	J	TP	2018-04-06 11:32:05	4.0	93.0	0	12.0	140.0	14.0	6.21		NCD	M	M									11.0	280.0	11.0	3.73		SCT	BKN	M	1400.0	2200.0						
468688	2018-04-06 00:00:00	483.0	CSTPS	E90	EMBRAER 190	PGA	NCE	2018-04-06 10:55:00	2018-04-06 12:21:00	2018-04-06 12:34:00	LIS	2018-04-06 15:02:00	2018-04-06 15:08:00	2018-04-06 13:35:00	J	NI	2018-04-10 08:28:59	17.0	93.0	M	15.0	90.0	8.0	6.21		FEW	M	M	1300.0								11.0	270.0	6.0	6.21		SCT	M	M	3600.0							
468689	2018-04-06 00:00:00	1901.0	CSTNR	320	AIRBUS A320-211	NB	LIS	2018-04-06 11:00:00	2018-04-06 11:37:00	2018-04-06 11:51:00	FAO	2018-04-06 12:18:00	2018-04-06 12:21:00	2018-04-06 11:45:00	J	TP	2018-04-10 08:19:59	37.0	95.0	B	13.0	230.0	10.0	4.97		FEW	BKN	M	600.0	800.0							17.0	220.0	10.0	6.21		FEW	M	M	1400.0							
468690	2018-04-06 00:00:00	1936.0	CSDJH	AT7	ATR 72	WI	LIS	2018-04-06 11:00:00	2018-04-06 11:57:00	2018-04-06 12:13:00	OPO	2018-04-06 12:59:00	2018-04-06 13:05:00	2018-04-06 12:00:00	J	WI	2018-04-06 12:24:59	57.0	93.0	Q	13.0	230.0	8.0	3.73		FEW	BKN	M	400.0	600.0							12.0	180.0	9.0	3.11		FEW	SCT	BKN	500.0	1000.0	2200.0					
468691	2018-04-06 00:00:00	354.0	CSTPQ	E90	EMBRAER 190	PGA	OPO	2018-04-06 11:05:00	2018-04-06 11:17:00	2018-04-06 11:27:00	LCY	2018-04-06 13:21:00	2018-04-06 13:27:00	2018-04-06 13:20:00	J	NI	2018-04-06 11:32:06	12.0	16.0	E	12.0	190.0	13.0	5.59		SCT	BKN	M	500.0	1400.0							15.0	130.0	18.0	6.21		NCD	M	M								
468692	2018-04-06 00:00:00	541.0	CSTTZ	E95	EMBRAER 195	PGA	DUS	2018-04-06 11:05:00	2018-04-06 11:16:00	2018-04-06 11:30:00	LIS	2018-04-06 14:33:00	2018-04-06 14:39:00	2018-04-06 14:10:00	J	NI	2018-04-10 08:53:59	1.0	93.0	R	13.0	130.0	15.0	6.21		M	M	M									11.0	290.0	5.0	4.35		FEW	M	M	4000.0							
468693	2018-04-06 00:00:00	658.0	CSTTS	319	AIRBUS A319-111	NB	OPO	2018-04-06 11:15:00	2018-04-06 11:48:00	2018-04-06 11:58:00	AMS	2018-04-06 14:03:00	2018-04-06 14:12:00	2018-04-06 14:00:00	J	TP	2018-04-06 12:01:13	33.0	93.0	0	12.0	180.0	13.0	6.21		SCT	BKN	M	500.0	1400.0							14.0	120.0	17.0	6.21		M	M	M								
468694	2018-04-06 00:00:00	1102.0	CSDJC	AT7	ATR 72	WI	LIS	2018-04-06 11:20:00	2018-04-06 11:37:00	2018-04-06 11:49:00	SVQ	2018-04-06 12:46:00	2018-04-06 12:51:00	2018-04-06 12:35:00	J	WI	2018-04-06 11:45:59	17.0	93.0	M	13.0	230.0	10.0	4.97		FEW	BKN	M	600.0	800.0							21.0	230.0	7.0	6.21		M	M	M								
468695	2018-04-06 00:00:00	1140.0	CSDJE	AT7	ATR 72	WI	LIS	2018-04-06 11:20:00	2018-04-06 11:48:00	2018-04-06 11:56:00	VGO	2018-04-06 12:55:00	2018-04-06 12:58:00	2018-04-06 12:40:00	J	WI	2018-04-06 11:55:59	28.0	93.0	M	13.0	230.0	8.0	3.73		FEW	BKN	M	400.0	600.0							10.0	200.0	4.0	1.86		SCT	BKN	BKN	200.0	600.0	2000.0					
468696	2018-04-06 00:00:00	1271.0	CSTOI	332	AIRBUS A330-200	WB	VIE	2018-04-06 11:20:00	2018-04-06 11:27:00	2018-04-06 11:41:00	LIS	2018-04-06 15:05:00	2018-04-06 15:11:00	2018-04-06 14:55:00	J	TP	2018-04-06 11:45:12	7.0	93.0	R	11.0	340.0	14.0	6.21		FEW	SCT	M	3800.0	4200.0							11.0	270.0	6.0	6.21		SCT	M	M	3600.0							
468697	2018-04-06 00:00:00	573.0	CSTTO	319	AIRBUS A319-111	NB	FRA	2018-04-06 11:25:00	2018-04-06 11:35:00	2018-04-06 11:47:00	LIS	2018-04-06 14:56:00	2018-04-06 14:59:00	2018-04-06 14:35:00	J	TP	2018-04-07 01:39:59	2.0	89.0	0	12.0	90.0	13.0	6.21		M	M	M									11.0	270.0	6.0	6.21		SCT	M	M	3600.0							
468698	2018-04-06 00:00:00	836.0	CSTNJ	320	AIRBUS A320-211	NB	LIS	2018-04-06 11:25:00	2018-04-06 11:28:00	2018-04-06 11:43:00	FCO	2018-04-06 14:11:00	2018-04-06 14:11:00	2018-04-06 14:15:00	J	TP	2018-04-06 11:45:59	3.0	89.0	0	13.0	230.0	10.0	4.97		FEW	BKN	M	600.0	800.0							18.0	300.0	13.0	6.21		FEW	M	M	2500.0							
468699	2018-04-06 00:00:00	442.0	CSTPO	E90	EMBRAER 190	PGA	LIS	2018-04-06 11:30:00	2018-04-06 11:38:00	2018-04-06 11:53:00	ORY	2018-04-06 13:43:00	2018-04-06 13:50:00	2018-04-06 13:55:00	J	NI	2018-04-06 12:07:59	8.0	85.0	C	13.0	230.0	10.0	4.97		FEW	BKN	M	600.0	800.0							19.0	130.0	11.0	6.21		M	M	M								
468700	2018-04-06 00:00:00	931.0	CSTTE	319	AIRBUS A319-111	NB	ZRH	2018-04-06 11:30:00	2018-04-06 11:51:00	2018-04-06 12:02:00	LIS	2018-04-06 14:51:00	2018-04-06 14:56:00	2018-04-06 14:20:00	J	TP	2018-04-06 12:05:05	21.0	93.0	R	13.0	50.0	9.0	6.21		M	M	M									11.0	270.0	6.0	6.21		SCT	M	M	3600.0							
468701	2018-04-06 00:00:00	1937.0	CSDJF	AT7	ATR 72	WI	OPO	2018-04-06 11:30:00	2018-04-06 12:52:00	2018-04-06 13:11:00	LIS	2018-04-06 13:58:00	2018-04-06 14:00:00	2018-04-06 12:30:00	J	WI	2018-04-06 13:13:11	82.0	93.0	M	12.0	180.0	9.0	3.11		FEW	SCT	BKN	500.0	1000.0	2200.0						11.0	280.0	11.0	3.73		SCT	BKN	M	1400.0	2200.0						
468702	2018-04-06 00:00:00	826.0	FHBIS	320	AIRBUS A320-211	NB	LIS	2018-04-06 11:35:00	2018-04-06 11:50:00	2018-04-06 11:57:00	MXP	2018-04-06 14:05:00	2018-04-06 14:08:00	2018-04-06 14:10:00	J	TP	2018-04-06 12:13:59	15.0	31.0	A	13.0	230.0	8.0	3.73		FEW	BKN	M	400.0	600.0							19.0	200.0	4.0	6.21		FEW	M	M	4000.0							
468703	2018-04-06 00:00:00	939.0	CSTTG	319	AIRBUS A319-111	NB	GVA	2018-04-06 11:40:00	2018-04-06 11:56:00	2018-04-06 12:08:00	OPO	2018-04-06 14:14:00	2018-04-06 14:18:00	2018-04-06 13:55:00	J	TP	2018-04-06 12:10:16	16.0	93.0	R	12.0	50.0	8.0	6.21		M	M	M									10.0	280.0	4.0	4.35		FEW	BKN	OVC	800.0	1500.0	2000.0					
468704	2018-04-06 00:00:00	663.0	INEOW	738	BOEING 737-800		AMS	2018-04-06 11:45:00	2018-04-06 12:01:00	2018-04-06 12:22:00	LIS	2018-04-06 15:23:00	2018-04-06 15:26:00	2018-04-06 14:50:00	J	TP	2018-04-06 14:02:59	1.0	89.0	0	13.0	140.0	18.0	6.21		M	M	M									11.0	240.0	3.0	6.21		SCT	M	M	4200.0							
468705	2018-04-06 00:00:00	692.0	CSTTF	319	AIRBUS A319-111	NB	LIS	2018-04-06 11:45:00	2018-04-06 11:58:00	2018-04-06 12:09:00	LUX	2018-04-06 14:18:00	2018-04-06 14:21:00	2018-04-06 14:25:00	J	TP	2018-04-06 12:18:59	3.0	89.0	0	13.0	230.0	8.0	3.73		FEW	BKN	M	400.0	600.0							14.0	130.0	12.0	6.21		M	M	M								
468706	2018-04-06 00:00:00	201.0	CSTOQ	332	AIRBUS A330-200	WB	LIS	2018-04-06 11:55:00	2018-04-06 12:30:00	2018-04-06 12:54:00	EWR	2018-04-06 20:50:00	2018-04-06 20:59:00	2018-04-06 19:50:00	J	TP	2018-04-06 13:00:59	5.0	89.0	0	13.0	230.0	7.0	6.21		FEW	SCT	BKN	400.0	800.0	2200.0									10.0		SCT	M	M	9500.0							
468707	2018-04-06 00:00:00	1938.0	CSDJA	AT7	ATR 72	WI	LIS	2018-04-06 12:00:00	2018-04-06 12:56:00	2018-04-06 13:16:00	OPO	2018-04-06 14:00:00	2018-04-06 14:03:00	2018-04-06 13:00:00	J	WI	2018-04-06 13:19:59	22.0	89.0	0	13.0	230.0	8.0	4.97		FEW	BKN	M	400.0	600.0							11.0	270.0	7.0	3.73		SCT	BKN	M	500.0	1000.0						
468708	2018-04-06 00:00:00	9700.0	CSTNQ	320	AIRBUS A320-211	NB	LIS	2018-04-06 12:00:00	2018-04-06 12:44:00	2018-04-06 13:05:00	LIS	2018-04-06 18:05:00	2018-04-06 18:12:00	2018-04-06 17:00:00	T	TP					13.0	230.0	7.0	6.21		FEW	SCT	BKN	400.0	800.0	2200.0						12.0	230.0	8.0	6.21		FEW	M	M	1800.0							
468709	2018-04-06 00:00:00	73.0	CSTON	332	AIRBUS A330-200	WB	LIS	2018-04-06 12:05:00	2018-04-06 12:24:00	2018-04-06 12:37:00	GIG	2018-04-06 22:26:00	2018-04-06 22:30:00	2018-04-06 22:00:00	J	TP	2018-04-06 12:45:59	14.0	85.0	C	13.0	230.0	7.0	6.21		FEW	SCT	BKN	400.0	800.0	2200.0						26.0	140.0	8.0	6.21		FEW	BKN	M	2000.0	4000.0						
468710	2018-04-06 00:00:00	439.0	CSTNK	320	AIRBUS A320-211	NB	ORY	2018-04-06 12:10:00	2018-04-06 12:41:00	2018-04-06 12:53:00	LIS	2018-04-06 15:26:00	2018-04-06 15:30:00	2018-04-06 14:40:00	J	TP	2018-04-06 13:29:28	31.0	83.0	0	17.0	120.0	10.0	6.21		M	M	M									11.0	240.0	3.0	6.21		SCT	M	M	4200.0							
468711	2018-04-06 00:00:00	466.0	CSTPV	E90	EMBRAER 190	PGA	LIS	2018-04-06 12:10:00	2018-04-06 12:37:00	2018-04-06 12:59:00	BOD	2018-04-06 14:29:00	2018-04-06 14:32:00	2018-04-06 13:55:00	J	NI	2018-04-06 13:01:59	10.0	31.0	D	13.0	230.0	7.0	6.21		FEW	SCT	BKN	400.0	800.0	2200.0						23.0	100.0	10.0	6.21		M	M	M								
468712	2018-04-06 00:00:00	1682.0	CSTTQ	319	AIRBUS A319-111	NB	FNC	2018-04-06 12:10:00	2018-04-06 13:07:00	2018-04-06 13:15:00	LIS	2018-04-06 14:48:00	2018-04-06 14:51:00	2018-04-06 13:50:00	J	TP	2018-04-06 13:34:22	17.0	83.0	0	17.0	360.0	11.0	6.21		SCT	SCT	M	1500.0	3000.0							11.0	270.0	6.0	6.21		SCT	M	M	3600.0							
468713	2018-04-06 00:00:00	1028.0	CSTNG	320	AIRBUS A320-211	NB	LIS	2018-04-06 12:20:00	2018-04-06 15:00:00	2018-04-06 15:01:00	LIS	2018-04-06 15:06:00	2018-04-06 15:07:00	2018-04-06 13:35:00	J	TP					11.0	270.0	6.0	6.21		SCT	M	M	3600.0								11.0	270.0	6.0	6.21		SCT	M	M	3600.0							
468714	2018-04-06 00:00:00	1861.0	CSTTR	319	AIRBUS A319-111	NB	OPO	2018-04-06 12:20:00	2018-04-06 12:21:00	2018-04-06 12:39:00	PDL	2018-04-06 14:55:00	2018-04-06 14:57:00	2018-04-06 14:45:00	J	TP	2018-04-06 12:40:20	1.0	89.0	0	12.0	180.0	12.0	3.73		SCT	BKN	M	500.0	1200.0							15.0	330.0	15.0	6.21		SCT	M	M	2500.0							
468715	2018-04-06 00:00:00	522.0	CSTPR	E90	EMBRAER 190	PGA	LIS	2018-04-06 12:25:00	2018-04-06 13:07:00	2018-04-06 13:25:00	STR	2018-04-06 15:45:00	2018-04-06 15:54:00	2018-04-06 15:15:00	J	NI	2018-04-06 13:32:59	3.0	89.0	0	13.0	230.0	8.0	4.97		FEW	BKN	M	400.0	600.0							15.0	90.0	9.0	6.21		M	M	M								
468716	2018-04-06 00:00:00	533.0	CSTTI	319	AIRBUS A319-111	NB	TXL	2018-04-06 12:25:00	2018-04-06 13:15:00	2018-04-06 13:26:00	LIS	2018-04-06 16:47:00	2018-04-06 16:50:00	2018-04-06 16:00:00	J	TP	2018-04-06 13:32:19	30.0	81.0	0	12.0	290.0	6.0	6.21		M	M	M									12.0	250.0	7.0	6.21		FEW	M	M	2000.0							
468717	2018-04-06 00:00:00	764.0	CSTJG	321	AIRBUS A321-211	NB	LIS	2018-04-06 12:25:00	2018-04-06 12:40:00	2018-04-06 12:56:00	OSL	2018-04-06 16:13:00	2018-04-06 16:18:00	2018-04-06 16:25:00	J	TP	2018-04-06 13:02:59	10.0	89.0	0	13.0	230.0	7.0	6.21		FEW	SCT	BKN	400.0	800.0	2200.0						7.0	0.0	0.0	6.21		M	M	M								
468718	2018-04-06 00:00:00	1039.0	CSTTP	319	AIRBUS A319-111	NB	BCN	2018-04-06 12:30:00	2018-04-06 12:55:00	2018-04-06 13:03:00	LIS	2018-04-06 14:42:00	2018-04-06 14:47:00	2018-04-06 14:25:00	J	TP	2018-04-06 13:07:18	25.0	83.0	0	16.0	100.0	8.0	6.21		M	M	M									11.0	270.0	6.0	6.21		SCT	M	M	3600.0							
468719	2018-04-06 00:00:00	1681.0	CSTNT	320	AIRBUS A320-211	NB	LIS	2018-04-06 12:30:00	2018-04-06 13:44:00	2018-04-06 13:59:00	PXO	2018-04-06 15:36:00	2018-04-06 15:41:00	2018-04-06 14:15:00	J	TP	2018-04-06 14:06:59	49.0	89.0	0	12.0	280.0	10.0	3.73		FEW	SCT	BKN	800.0	1200.0	2400.0						18.0	310.0	16.0	6.21		SCT	SCT	M	1400.0	3000.0						
468720	2018-04-06 00:00:00	1906.0	CSTNR	320	AIRBUS A320-211	NB	FAO	2018-04-06 12:30:00	2018-04-06 12:51:00	2018-04-06 13:00:00	LIS	2018-04-06 13:32:00	2018-04-06 13:36:00	2018-04-06 13:15:00	J	TP	2018-04-06 13:10:22	21.0	93.0	0	17.0	220.0	11.0	6.21		SCT	M	M	1400.0								12.0	280.0	10.0	3.73		FEW	SCT	BKN	800.0	1200.0	2400.0					
468721	2018-04-06 00:00:00	1939.0	CSDJH	AT7	ATR 72	WI	OPO	2018-04-06 12:30:00	2018-04-06 13:39:00	2018-04-06 13:51:00	LIS	2018-04-06 14:46:00	2018-04-06 14:51:00	2018-04-06 13:30:00	J	WI	2018-04-06 13:52:33	4.0	71.0	0	12.0	190.0	13.0	3.73		SCT	BKN	M	600.0	1200.0							11.0	270.0	6.0	6.21		SCT	M	M	3600.0							
468722	2018-04-06 00:00:00	287.0	CSTOU	333	AIRBUS A330-300	WB	LIS	2018-04-06 12:45:00	2018-04-06 13:08:00	2018-04-06 13:28:00	LAD	2018-04-06 20:35:00	2018-04-06 20:43:00	2018-04-06 20:15:00	J	TP	2018-04-06 13:47:59	23.0	15.0	A	13.0	230.0	8.0	4.97		FEW	BKN	M	400.0	600.0							28.0	240.0	4.0	6.21		FEW	SCT	M	1900.0	9000.0						
468723	2018-04-06 00:00:00	359.0	CSTNX	320	AIRBUS A320-211	NB	LHR	2018-04-06 12:45:00	2018-04-06 14:05:00	2018-04-06 14:24:00	LIS	2018-04-06 16:54:00	2018-04-06 16:59:00	2018-04-06 15:30:00	J	TP	2018-04-10 08:25:59	5.0	48.0	0	16.0	160.0	16.0	6.21		NCD	M	M									12.0	250.0	7.0	6.21		FEW	M	M	2000.0							
468724	2018-04-06 00:00:00	402.0	CSTPU	E90	EMBRAER 190	PGA	LIS	2018-04-06 12:45:00	2018-04-06 13:13:00	2018-04-06 13:31:00	MRS	2018-04-06 15:23:00	2018-04-06 15:26:00	2018-04-06 15:00:00	J	NI	2018-04-06 13:45:59	25.0	32.0	A	13.0	230.0	8.0	4.97		FEW	BKN	M	400.0	600.0							17.0	150.0	15.0	6.21		M	M	M								
468725	2018-04-06 00:00:00	924.0	CSTPP	E90	EMBRAER 190	PGA	OPO	2018-04-06 12:45:00	2018-04-06 12:45:00	2018-04-06 12:57:00	ZRH	2018-04-06 15:04:00	2018-04-06 15:11:00	2018-04-06 15:15:00	J	NI					12.0	180.0	12.0	3.73		SCT	BKN	M	500.0	1200.0							16.0	30.0	7.0	6.21		M	M	M								
468726	2018-04-06 00:00:00	1119.0	CSTPW	E90	EMBRAER 190	PGA	LPA	2018-04-06 12:45:00	2018-04-06 13:09:00	2018-04-06 13:24:00	LIS	2018-04-06 15:31:00	2018-04-06 15:36:00	2018-04-06 15:00:00	J	NI	2018-04-06 14:17:32	19.0	83.0	0	20.0	70.0	8.0	6.21		FEW	M	M	3500.0								11.0	240.0	3.0	6.21		SCT	M	M	4200.0							
468727	2018-04-06 00:00:00	783.0	CSTNL	320	AIRBUS A320-211	NB	ARN	2018-04-06 12:50:00	2018-04-06 13:11:00	2018-04-06 13:25:00	LIS	2018-04-06 17:48:00	2018-04-06 17:54:00	2018-04-06 17:15:00	J	TP	2018-04-10 08:47:59	2.0	93.0	M	5.0	300.0	15.0	6.21		SCT	BKN	OVC	1500.0	1900.0	4500.0						12.0	230.0	8.0	6.21		FEW	M	M	1800.0							
468728	2018-04-06 00:00:00	1428.0	CSDJB	AT7	ATR 72	WI	LIS	2018-04-06 13:00:00	2018-04-06 13:44:00	2018-04-06 13:56:00	FEZ	2018-04-06 15:52:00	2018-04-06 15:54:00	2018-04-06 14:55:00	J	WI	2018-04-06 13:59:59	25.0	89.0	0	12.0	280.0	10.0	3.73		FEW	SCT	BKN	800.0	1200.0	2400.0						15.0	240.0	6.0	3.73		OVC	M	M	600.0							
468729	2018-04-06 00:00:00	1946.0	CSDJF	AT7	ATR 72	WI	LIS	2018-04-06 13:00:00	2018-04-06 15:37:00	2018-04-06 15:55:00	OPO	2018-04-06 16:39:00	2018-04-06 16:42:00	2018-04-06 14:00:00	J	WI	2018-04-06 16:04:59	67.0	89.0	0	11.0	240.0	3.0	6.21		SCT	M	M	4200.0								9.0	170.0	7.0	4.97		FEW	BKN	M	2500.0	4500.0						
468730	2018-04-06 00:00:00	1042.0	CSTTU	319	AIRBUS A319-111	NB	LIS	2018-04-06 13:05:00	2018-04-06 14:27:00	2018-04-06 14:47:00	BCN	2018-04-06 16:14:00	2018-04-06 16:22:00	2018-04-06 14:55:00	J	TP	2018-04-06 14:59:59	41.0	89.0	0	11.0	290.0	5.0	4.35		FEW	M	M	4000.0								16.0	60.0	12.0	6.21		M	M	M								
468731	2018-04-06 00:00:00	484.0	CSTTX	E95	EMBRAER 195	PGA	LIS	2018-04-06 13:10:00	2018-04-06 13:35:00	2018-04-06 13:50:00	NCE	2018-04-06 15:49:00	2018-04-06 15:52:00	2018-04-06 15:35:00	J	NI	2018-04-06 13:51:59	8.0	83.0	0	12.0	280.0	10.0	3.73		FEW	SCT	BKN	800.0	1200.0	2400.0						15.0	90.0	5.0	6.21		FEW	M	M	1200.0							
468732	2018-04-06 00:00:00	1265.0	CSTQD	320	AIRBUS A320-211	NB	WAW	2018-04-06 13:10:00	2018-04-06 13:25:00	2018-04-06 13:37:00	LIS	2018-04-06 17:30:00	2018-04-06 17:33:00	2018-04-06 17:25:00	J	TP	2018-04-06 13:55:38	5.0	89.0	0	12.0	280.0	11.0	6.21		M	M	M									12.0	230.0	5.0	6.21		FEW	M	M	2000.0							
468733	2018-04-06 00:00:00	1450.0	CSTTY	E95	EMBRAER 195	PGA	LIS	2018-04-06 13:10:00	2018-04-06 13:23:00	2018-04-06 13:41:00	RAK	2018-04-06 14:58:00	2018-04-06 15:05:00	2018-04-06 14:45:00	J	NI	2018-04-06 13:43:59	10.0	66.0	B	12.0	280.0	10.0	3.73		FEW	SCT	BKN	800.0	1200.0	2400.0						21.0	260.0	6.0	4.97		SCT	M	M	2300.0							
468734	2018-04-06 00:00:00	1105.0	CSDJC	AT7	ATR 72	WI	SVQ	2018-04-06 13:15:00	2018-04-06 13:30:00	2018-04-06 13:38:00	LIS	2018-04-06 14:54:00	2018-04-06 14:59:00	2018-04-06 14:25:00	J	WI	2018-04-06 13:43:34	9.0	83.0	0	21.0	230.0	9.0	6.21		SCT	M	M	4300.0								11.0	270.0	6.0	6.21		SCT	M	M	3600.0							
468735	2018-04-06 00:00:00	1434.0	CSTPT	E90	EMBRAER 190	PGA	LIS	2018-04-06 13:15:00	2018-04-06 13:48:00	2018-04-06 14:07:00	CMN	2018-04-06 15:09:00	2018-04-06 15:14:00	2018-04-06 14:55:00	J	NI	2018-04-06 14:11:59	24.0	89.0	0	11.0	280.0	11.0	3.73		SCT	BKN	M	1400.0	2200.0							19.0	320.0	11.0	6.21		SCT	M	M	1600.0							
468736	2018-04-06 00:00:00	1868.0	CSTNP	320	AIRBUS A320-211	NB	PDL	2018-04-06 13:15:00	2018-04-06 13:14:00	2018-04-06 13:26:00	LIS	2018-04-06 15:34:00	2018-04-06 15:38:00	2018-04-06 15:30:00	J	TP					14.0	320.0	11.0	6.21		SCT	M	M	2200.0								11.0	240.0	3.0	6.21		SCT	M	M	4200.0							
468737	2018-04-06 00:00:00	586.0	CSTTW	E95	EMBRAER 195	PGA	LIS	2018-04-06 13:20:00	2018-04-06 13:53:00	2018-04-06 14:05:00	CGN	2018-04-06 16:22:00	2018-04-06 16:27:00	2018-04-06 16:10:00	J	NI	2018-04-06 14:16:59	23.0	89.0	0	11.0	280.0	11.0	3.73		SCT	BKN	M	1400.0	2200.0							15.0	120.0	12.0	6.21		M	M	M								
468738	2018-04-06 00:00:00	1141.0	CSDJE	AT7	ATR 72	WI	VGO	2018-04-06 13:20:00	2018-04-06 14:00:00	2018-04-06 14:07:00	LIS	2018-04-06 15:16:00	2018-04-06 15:23:00	2018-04-06 14:40:00	J	WI	2018-04-06 14:24:31	32.0	83.0	0	9.0	260.0	8.0	2.49		SCT	BKN	BKN	900.0	2000.0	2700.0						11.0	240.0	3.0	6.21		SCT	M	M	4200.0							
468739	2018-04-06 00:00:00	324.0	CSTTD	319	AIRBUS A319-111	NB	LIS	2018-04-06 13:25:00	2018-04-06 14:00:00	2018-04-06 14:14:00	MAN	2018-04-06 16:30:00	2018-04-06 16:36:00	2018-04-06 16:15:00	J	TP	2018-04-06 14:43:59	25.0	89.0	0	11.0	280.0	11.0	3.73		SCT	BKN	M	1400.0	2200.0							14.0	150.0	4.0	6.21		SCT	M	M	4500.0							
468740	2018-04-06 00:00:00	1274.0	CSTJH	321	AIRBUS A321-211	NB	LIS	2018-04-06 13:25:00	2018-04-06 13:59:00	2018-04-06 14:10:00	VIE	2018-04-06 17:09:00	2018-04-06 17:14:00	2018-04-06 16:45:00	J	TP	2018-04-06 14:18:59	34.0	41.0	A	11.0	280.0	11.0	3.73		SCT	BKN	M	1400.0	2200.0							10.0	20.0	5.0	6.21		M	M	M								
468741	2018-04-06 00:00:00	643.0	CSTTK	319	AIRBUS A319-111	NB	BRU	2018-04-06 13:30:00	2018-04-06 13:28:00	2018-04-06 13:43:00	LIS	2018-04-06 16:22:00	2018-04-06 16:27:00	2018-04-06 16:20:00	J	TP					15.0	150.0	13.0	6.21	23.0	M	M	M									12.0	230.0	5.0	6.21		FEW	M	M	1200.0							
468742	2018-04-06 00:00:00	1123.0	CSDJD	AT7	ATR 72	WI	ALC	2018-04-06 13:30:00	2018-04-06 14:05:00	2018-04-06 14:16:00	LIS	2018-04-06 16:20:00	2018-04-06 16:24:00	2018-04-06 16:00:00	J	WI	2018-04-06 14:21:42	35.0	93.0	0	17.0	70.0	14.0	6.21		FEW	M	M	5000.0								12.0	230.0	5.0	6.21		FEW	M	M	1200.0							
468743	2018-04-06 00:00:00	1558.0	CSTNW	320	AIRBUS A320-211	NB	VXE	2018-04-06 13:30:00	2018-04-06 13:59:00	2018-04-06 14:04:00	LIS	2018-04-06 17:43:00	2018-04-06 17:48:00	2018-04-06 17:25:00	J	TP	2018-04-10 08:23:59	29.0	93.0	0	26.0	60.0	27.0	6.21	37.0	FEW	M	M	2200.0								12.0	230.0	8.0	6.21		FEW	M	M	1800.0							
468744	2018-04-06 00:00:00	1947.0	CSDJA	AT7	ATR 72	WI	OPO	2018-04-06 13:30:00	2018-04-06 14:54:00	2018-04-06 15:07:00	LIS	2018-04-06 15:54:00	2018-04-06 15:56:00	2018-04-06 14:30:00	J	WI	2018-04-06 16:05:57	4.0	71.0	0	10.0	270.0	4.0	4.97		FEW	BKN	M	700.0	1300.0							12.0	220.0	5.0	6.21		FEW	M	M	1000.0							
468745	2018-04-06 00:00:00	1300.0	CSTNM	320	AIRBUS A320-211	NB	LIS	2018-04-06 13:35:00	2018-04-06 15:18:00	2018-04-06 15:30:00	PRG	2018-04-06 18:16:00	2018-04-06 18:22:00	2018-04-06 16:50:00	J	TP	2018-04-06 15:40:59	75.0	89.0	0	11.0	240.0	3.0	6.21		SCT	M	M	4200.0								5.0	90.0	8.0	6.21		M	M	M								
468746	2018-04-06 00:00:00	1530.0	CSTMW	320	AIRBUS A320-211	NB	RAI	2018-04-06 13:35:00	2018-04-06 14:03:00	2018-04-06 14:12:00	LIS	2018-04-06 18:01:00	2018-04-06 18:05:00	2018-04-06 17:30:00	J	TP	2018-04-10 08:23:59	28.0	93.0	0	27.0	10.0	16.0	6.21		FEW	M	M	1500.0								12.0	230.0	8.0	6.21		FEW	M	M	1800.0							
468747	2018-04-06 00:00:00	687.0	FHBAL	319	AIRBUS A319-111	NB	LUX	2018-04-06 13:40:00	2018-04-06 13:54:00	2018-04-06 14:03:00	OPO	2018-04-06 16:24:00	2018-04-06 16:27:00	2018-04-06 16:10:00	J	TP	2018-04-06 15:07:43	5.0	58.0	C	14.0	130.0	12.0	6.21		M	M	M									9.0	170.0	7.0	4.97		FEW	BKN	M	2500.0	4500.0						
468748	2018-04-06 00:00:00	576.0	CSTTC	319	AIRBUS A319-111	NB	LIS	2018-04-06 13:45:00	2018-04-06 14:28:00	2018-04-06 14:43:00	FRA	2018-04-06 17:07:00	2018-04-06 17:14:00	2018-04-06 16:50:00	J	TP	2018-04-06 14:47:59	23.0	89.0	0	11.0	290.0	5.0	4.35		FEW	M	M	4000.0								14.0	90.0	11.0	6.21		M	M	M								
468749	2018-04-06 00:00:00	871.0	CSTTJ	319	AIRBUS A319-111	NB	BLQ	2018-04-06 13:45:00	2018-04-06 13:49:00	2018-04-06 13:57:00	LIS	2018-04-06 16:37:00	2018-04-06 16:40:00	2018-04-06 16:45:00	J	TP	2018-04-06 14:07:39	4.0	93.0	M	19.0	90.0	9.0	6.21		FEW	M	M	3500.0								12.0	230.0	5.0	6.21		FEW	M	M	1200.0							
468750	2018-04-06 00:00:00	353.0	CSTPQ	E90	EMBRAER 190	PGA	LCY	2018-04-06 13:50:00	2018-04-06 13:58:00	2018-04-06 14:07:00	OPO	2018-04-06 16:26:00	2018-04-06 16:29:00	2018-04-06 16:10:00	J	NI	2018-04-06 14:26:36	1.0	16.0	B	16.0	140.0	17.0	6.21		NCD	M	M									9.0	170.0	7.0	4.97		FEW	BKN	M	2500.0	4500.0						
468751	2018-04-06 00:00:00	432.0	CSTTN	319	AIRBUS A319-111	NB	LIS	2018-04-06 13:50:00	2018-04-06 14:12:00	2018-04-06 14:31:00	ORY	2018-04-06 16:20:00	2018-04-06 16:23:00	2018-04-06 16:15:00	J	TP	2018-04-06 14:34:59	22.0	89.0	0	11.0	280.0	11.0	3.73		SCT	BKN	M	1400.0	2200.0							19.0	130.0	8.0	6.21		M	M	M								
468752	2018-04-06 00:00:00	554.0	CSTJF	321	AIRBUS A321-211	NB	LIS	2018-04-06 13:55:00	2018-04-06 15:00:00	2018-04-06 15:16:00	MUC	2018-04-06 17:48:00	2018-04-06 17:55:00	2018-04-06 16:55:00	J	TP	2018-04-10 08:39:59	14.0	93.0	Q	11.0	270.0	6.0	6.21		SCT	M	M	3600.0								10.0	70.0	7.0	6.21		M	M	M								
468753	2018-04-06 00:00:00	662.0	CSTNI	320	AIRBUS A320-211	NB	LIS	2018-04-06 13:55:00	2018-04-06 15:10:00	2018-04-06 15:21:00	AMS	2018-04-06 17:39:00	2018-04-06 17:45:00	2018-04-06 16:50:00	J	TP	2018-04-06 15:33:59	52.0	89.0	0	11.0	270.0	6.0	6.21		SCT	M	M	3600.0								13.0	120.0	14.0	6.21		M	M	M								
468754	2018-04-06 00:00:00	1952.0	CSDJH	AT7	ATR 72	WI	LIS	2018-04-06 14:00:00	2018-04-06 16:15:00	2018-04-06 16:25:00	OPO	2018-04-06 17:15:00	2018-04-06 17:21:00	2018-04-06 15:00:00	J	WI	2018-04-06 16:37:59	54.0	89.0	0	12.0	220.0	5.0	6.21		FEW	M	M	1000.0								10.0	130.0	7.0	6.21		M	M	M								
468755	2018-04-06 00:00:00	356.0	LYPGC	737	BOEING 737 ALL SERIES		LIS	2018-04-06 14:05:00	2018-04-06 14:49:00	2018-04-06 15:04:00	LHR	2018-04-06 17:02:00	2018-04-06 17:10:00	2018-04-06 16:40:00	J	TP	2018-04-06 15:08:59	44.0	89.0	0	11.0	270.0	6.0	6.21		SCT	M	M	3600.0								15.0	160.0	8.0	6.21		NCD	M	M								
468756	2018-04-06 00:00:00	496.0	CSTPS	E90	EMBRAER 190	PGA	LIS	2018-04-06 14:15:00	2018-04-06 16:24:00	2018-04-06 16:35:00	TLS	2018-04-06 18:00:00	2018-04-06 18:04:00	2018-04-06 16:05:00	J	NI	2018-04-06 16:49:59	28.0	89.0	0	12.0	230.0	5.0	6.21		FEW	M	M	1200.0								15.0	130.0	24.0	6.21	34.0	FEW	SCT	BKN	1200.0	16000.0	19000.0					
468757	2018-04-06 00:00:00	1949.0	CSDJF	AT7	ATR 72	WI	OPO	2018-04-06 14:30:00	2018-04-06 17:30:00	2018-04-06 17:42:00	LIS	2018-04-06 18:31:00	2018-04-06 18:34:00	2018-04-06 15:30:00	J	WI	2018-04-06 17:50:01	4.0	89.0	0	10.0	130.0	7.0	6.21		M	M	M									12.0	210.0	9.0	6.21		FEW	M	M	1800.0							
468758	2018-04-06 00:00:00	467.0	CSTPV	E90	EMBRAER 190	PGA	BOD	2018-04-06 14:35:00	2018-04-06 15:11:00	2018-04-06 15:24:00	LIS	2018-04-06 16:58:00	2018-04-06 17:02:00	2018-04-06 16:30:00	J	NI	2018-04-06 17:04:59	36.0	93.0	0	23.0	130.0	12.0	6.21		M	M	M									12.0	250.0	7.0	6.21		FEW	M	M	2000.0							
468759	2018-04-06 00:00:00	842.0	CSTRO	320	AIRBUS A320-211	NB	LIS	2018-04-06 14:35:00	2018-04-06 17:20:00	2018-04-06 17:34:00	FCO	2018-04-06 20:00:00	2018-04-06 20:11:00	2018-04-06 17:25:00	J	TP	2018-04-07 14:24:59	20.0	89.0	0	12.0	230.0	5.0	6.21		FEW	M	M	2000.0								13.0		2.0	6.21		M	M	M								
468760	2018-04-06 00:00:00	862.0	CSTTA	319	AIRBUS A319-111	NB	LIS	2018-04-06 14:35:00	2018-04-06 15:10:00	2018-04-06 15:24:00	VCE	2018-04-06 17:57:00	2018-04-06 18:01:00	2018-04-06 17:25:00	J	TP	2018-04-06 18:06:59	35.0	89.0	0	11.0	270.0	6.0	6.21		SCT	M	M	3600.0								15.0		2.0	6.21		M	M	M								
468761	2018-04-06 00:00:00	441.0	CSTPO	E90	EMBRAER 190	PGA	ORY	2018-04-06 14:40:00	2018-04-06 14:48:00	2018-04-06 15:00:00	LIS	2018-04-06 17:24:00	2018-04-06 17:27:00	2018-04-06 17:10:00	J	NI	2018-04-06 18:39:59	8.0	83.0	0	19.0	110.0	12.0	6.21		M	M	M									12.0	230.0	5.0	6.21		FEW	M	M	2000.0							
468762	2018-04-06 00:00:00	659.0	CSTTS	319	AIRBUS A319-111	NB	AMS	2018-04-06 14:45:00	2018-04-06 15:12:00	2018-04-06 15:21:00	OPO	2018-04-06 17:49:00	2018-04-06 17:52:00	2018-04-06 17:30:00	J	TP	2018-04-07 01:42:59	16.0	89.0	0	15.0	130.0	16.0	6.21		M	M	M									10.0	140.0	8.0	6.21		FEW	M	M	3000.0							
468763	2018-04-06 00:00:00	824.0	CSTNS	320	AIRBUS A320-211	NB	LIS	2018-04-06 14:50:00	2018-04-06 15:15:00	2018-04-06 15:27:00	MXP	2018-04-06 17:28:00	2018-04-06 17:32:00	2018-04-06 17:25:00	J	TP	2018-04-06 15:28:59	24.0	89.0	0	11.0	270.0	6.0	6.21		SCT	M	M	3600.0								18.0	180.0	5.0	6.21		M	M	M								
468764	2018-04-06 00:00:00	213.0	CSTOO	332	AIRBUS A330-200	WB	OPO	2018-04-06 14:55:00	2018-04-06 15:13:00	2018-04-06 15:27:00	EWR	2018-04-06 23:09:00	2018-04-06 23:24:00	2018-04-06 22:45:00	J	TP	2018-04-06 15:31:50	3.0	89.0	0	10.0	270.0	4.0	4.97		FEW	BKN	M	700.0	1300.0								220.0	12.0	10.0		BKN	M	M	9500.0							
468765	2018-04-06 00:00:00	644.0	CSTNU	320	AIRBUS A320-211	NB	LIS	2018-04-06 14:55:00	2018-04-06 15:45:00	2018-04-06 16:00:00	BRU	2018-04-06 18:04:00	2018-04-06 18:09:00	2018-04-06 17:35:00	J	TP	2018-04-06 16:07:59	45.0	89.0	0	11.0	240.0	3.0	6.21		SCT	M	M	4200.0								14.0	120.0	8.0	6.21		M	M	M								
468766	2018-04-06 00:00:00	823.0	FHBIS	320	AIRBUS A320-211	NB	MXP	2018-04-06 15:00:00	2018-04-06 14:58:00	2018-04-06 15:09:00	LIS	2018-04-06 17:45:00	2018-04-06 17:48:00	2018-04-06 17:50:00	J	TP					20.0		2.0	6.21		FEW	M	M	4000.0								12.0	230.0	8.0	6.21		FEW	M	M	1800.0							
468767	2018-04-06 00:00:00	1676.0	CSTNT	320	AIRBUS A320-211	NB	FNC	2018-04-06 15:00:00	2018-04-06 17:13:00	2018-04-06 17:19:00	LIS	2018-04-06 18:38:00	2018-04-06 18:42:00	2018-04-06 16:35:00	J	TP	2018-04-10 08:22:59	133.0	93.0	R	17.0	10.0	15.0	6.21		SCT	M	M	1500.0								12.0	210.0	9.0	6.21		FEW	M	M	1800.0							
468768	2018-04-06 00:00:00	1960.0	CSDJA	AT7	ATR 72	WI	LIS	2018-04-06 15:00:00	2018-04-06 17:04:00	2018-04-06 17:21:00	OPO	2018-04-06 18:13:00	2018-04-06 18:15:00	2018-04-06 16:00:00	J	WI	2018-04-06 17:23:59	38.0	89.0	0	12.0	250.0	7.0	6.21		FEW	M	M	2000.0								10.0	140.0	8.0	6.21		FEW	M	M	3000.0							
468769	2018-04-06 00:00:00	456.0	CSTTB	319	AIRBUS A319-111	NB	OPO	2018-04-06 15:05:00	2018-04-06 15:24:00	2018-04-06 15:39:00	ORY	2018-04-06 17:19:00	2018-04-06 17:22:00	2018-04-06 17:10:00	J	TP	2018-04-06 15:55:55	3.0	89.0	0	10.0	240.0	4.0	4.97		FEW	SCT	OVC	700.0	1400.0	4500.0						19.0	120.0	7.0	6.21		M	M	M								
468770	2018-04-06 00:00:00	833.0	CSTNJ	320	AIRBUS A320-211	NB	FCO	2018-04-06 15:05:00	2018-04-06 15:22:00	2018-04-06 15:37:00	LIS	2018-04-06 18:27:00	2018-04-06 18:27:00	2018-04-06 18:10:00	J	TP	2018-04-10 08:36:59	8.0	89.0	0	18.0	280.0	11.0	6.21		M	M	M									12.0	210.0	9.0	6.21		FEW	M	M	1800.0							
468771	2018-04-06 00:00:00	1066.0	CSDJC	AT7	ATR 72	WI	LIS	2018-04-06 15:05:00	2018-04-06 15:39:00	2018-04-06 16:00:00	BIO	2018-04-06 17:25:00	2018-04-06 17:30:00	2018-04-06 17:10:00	J	WI	2018-04-06 16:04:59	34.0	93.0	Q	11.0	240.0	3.0	6.21		SCT	M	M	4200.0								22.0	160.0	19.0	6.21	41.0	FEW	M	M	5500.0							
468772	2018-04-06 00:00:00	1687.0	CSTTQ	319	AIRBUS A319-111	NB	LIS	2018-04-06 15:05:00	2018-04-06 15:57:00	2018-04-06 16:08:00	FNC	2018-04-06 17:38:00	2018-04-06 17:42:00	2018-04-06 16:50:00	J	TP	2018-04-06 16:22:59	21.0	89.0	0	12.0	220.0	5.0	6.21		FEW	M	M	1000.0								17.0	350.0	14.0	6.21	26.0	SCT	M	M	1500.0							
468773	2018-04-06 00:00:00	364.0	CSTTE	319	AIRBUS A319-111	NB	LIS	2018-04-06 15:10:00	2018-04-06 16:00:00	2018-04-06 16:13:00	LHR	2018-04-06 18:23:00	2018-04-06 18:38:00	2018-04-06 17:50:00	J	TP	2018-04-06 17:46:59	10.0	82.0	0	12.0	220.0	5.0	6.21		FEW	M	M	1000.0								14.0	180.0	5.0	6.21		NCD	M	M								
468774	2018-04-06 00:00:00	691.0	CSTTF	319	AIRBUS A319-111	NB	LUX	2018-04-06 15:15:00	2018-04-06 15:23:00	2018-04-06 15:39:00	LIS	2018-04-06 18:21:00	2018-04-06 18:26:00	2018-04-06 18:05:00	J	TP	2018-04-07 01:45:59	8.0	85.0	0	15.0	120.0	11.0	6.21		M	M	M									12.0	210.0	9.0	6.21		FEW	M	M	1800.0							
468775	2018-04-06 00:00:00	942.0	CSTTG	319	AIRBUS A319-111	NB	OPO	2018-04-06 15:15:00	2018-04-06 16:59:00	2018-04-06 17:10:00	GVA	2018-04-06 18:57:00	2018-04-06 19:01:00	2018-04-06 17:20:00	J	TP	2018-04-06 17:15:04	104.0	95.0	B	9.0	140.0	7.0	6.21		FEW	SCT	M	2500.0	4200.0							11.0		2.0	6.21		M	M	M								
468776	2018-04-06 00:00:00	1024.0	CSTNH	320	AIRBUS A320-211	NB	LIS	2018-04-06 15:20:00	2018-04-06 15:23:00	2018-04-06 15:33:00	MAD	2018-04-06 16:25:00	2018-04-06 16:30:00	2018-04-06 16:35:00	J	TP	2018-04-06 15:52:59	3.0	15.0	D	11.0	240.0	3.0	6.21		SCT	M	M	4200.0								16.0	340.0	8.0	6.21		SCT	M	M	6500.0							
468777	2018-04-06 00:00:00	1092.0	CSDJE	AT7	ATR 72	WI	LIS	2018-04-06 15:20:00	2018-04-06 16:21:00	2018-04-06 16:32:00	VLC	2018-04-06 18:13:00	2018-04-06 18:19:00	2018-04-06 17:25:00	J	WI	2018-04-06 16:37:59	18.0	89.0	0	12.0	230.0	5.0	6.21		FEW	M	M	1200.0								15.0	50.0	8.0	6.21		BKN	M	M	1800.0							
468778	2018-04-06 00:00:00	1903.0	CSTNK	320	AIRBUS A320-211	NB	LIS	2018-04-06 15:25:00	2018-04-06 16:16:00	2018-04-06 16:28:00	FAO	2018-04-06 16:55:00	2018-04-06 16:58:00	2018-04-06 16:10:00	J	TP	2018-04-06 16:37:59	1.0	89.0	0	12.0	230.0	5.0	6.21		FEW	M	M	1200.0								14.0	260.0	10.0	4.97		FEW	SCT	BKN	600.0	1400.0	4000.0					
468779	2018-04-06 00:00:00	1451.0	CSTTY	E95	EMBRAER 195	PGA	RAK	2018-04-06 15:30:00	2018-04-06 15:44:00	2018-04-06 15:56:00	LIS	2018-04-06 17:14:00	2018-04-06 17:17:00	2018-04-06 17:05:00	J	NI	2018-04-10 08:28:59	14.0	93.0	R	21.0	330.0	4.0	4.97		SCT	M	M	2300.0								12.0	230.0	5.0	6.21		FEW	M	M	2000.0							
468780	2018-04-06 00:00:00	1951.0	CSDJH	AT7	ATR 72	WI	OPO	2018-04-06 15:30:00	2018-04-06 17:55:00	2018-04-06 18:06:00	LIS	2018-04-06 18:47:00	2018-04-06 18:51:00	2018-04-06 16:30:00	J	WI	2018-04-06 18:16:06	4.0	89.0	0	10.0	140.0	8.0	6.21		FEW	M	M	3000.0								12.0	210.0	7.0	6.21		FEW	M	M	1800.0							
468781	2018-04-06 00:00:00	1036.0	CSTTZ	E95	EMBRAER 195	PGA	LIS	2018-04-06 15:35:00	2018-04-06 15:47:00	2018-04-06 16:05:00	BCN	2018-04-06 17:27:00	2018-04-06 17:34:00	2018-04-06 17:25:00	J	NI	2018-04-06 16:21:59	12.0	95.0	A	12.0	220.0	5.0	6.21		FEW	M	M	1000.0								15.0	60.0	10.0	6.21		FEW	M	M	2000.0							
468782	2018-04-06 00:00:00	1427.0	CSDJB	AT7	ATR 72	WI	FEZ	2018-04-06 15:35:00	2018-04-06 16:20:00	2018-04-06 16:30:00	LIS	2018-04-06 18:17:00	2018-04-06 18:20:00	2018-04-06 17:40:00	J	WI	2018-04-10 08:29:59	45.0	93.0	0	16.0	240.0	5.0	4.97		BKN	BKN	M	1000.0	2300.0							12.0	210.0	9.0	6.21		FEW	M	M	1800.0							
468783	2018-04-06 00:00:00	1443.0	CSTPT	E90	EMBRAER 190	PGA	CMN	2018-04-06 15:35:00	2018-04-06 16:42:00	2018-04-06 16:52:00	LIS	2018-04-06 17:59:00	2018-04-06 18:02:00	2018-04-06 17:15:00	J	NI	2018-04-06 17:16:54	48.0	41.0	0	18.0	320.0	12.0	6.21		SCT	M	M	1600.0								12.0	230.0	8.0	6.21		FEW	M	M	1800.0							
468784	2018-04-06 00:00:00	1866.0	CSTTR	319	AIRBUS A319-111	NB	PDL	2018-04-06 15:35:00	2018-04-06 15:47:00	2018-04-06 15:55:00	OPO	2018-04-06 17:59:00	2018-04-06 18:02:00	2018-04-06 17:50:00	J	TP	2018-04-06 16:29:50	5.0	32.0	B	15.0	340.0	17.0	6.21		SCT	M	M	2500.0								10.0	140.0	8.0	6.21		FEW	M	M	3000.0							
468785	2018-04-06 00:00:00	346.0	CSTPW	E90	EMBRAER 190	PGA	LIS	2018-04-06 15:40:00	2018-04-06 16:47:00	2018-04-06 16:59:00	LCY	2018-04-06 19:05:00	2018-04-06 19:14:00	2018-04-06 18:20:00	J	NI	2018-04-06 17:12:59	31.0	82.0	0	12.0	250.0	7.0	6.21		FEW	M	M	2000.0								14.0	100.0	6.0	6.21		NCD	M	M								
468786	2018-04-06 00:00:00	401.0	CSTPU	E90	EMBRAER 190	PGA	MRS	2018-04-06 15:40:00	2018-04-06 16:02:00	2018-04-06 16:14:00	LIS	2018-04-06 18:24:00	2018-04-06 18:28:00	2018-04-06 18:05:00	J	NI	2018-04-06 16:15:45	22.0	93.0	0	17.0	160.0	16.0	6.21		M	M	M									12.0	210.0	9.0	6.21		FEW	M	M	1800.0							
468787	2018-04-06 00:00:00	438.0	CSTNR	320	AIRBUS A320-211	NB	LIS	2018-04-06 15:40:00	2018-04-06 16:00:00	2018-04-06 16:14:00	ORY	2018-04-06 18:07:00	2018-04-06 18:18:00	2018-04-06 18:05:00	J	TP	2018-04-06 16:33:59	15.0	89.0	0	12.0	220.0	5.0	6.21		FEW	M	M	1000.0								17.0	80.0	5.0	6.21		M	M	M								
468788	2018-04-06 00:00:00	1037.0	CSTTU	319	AIRBUS A319-111	NB	BCN	2018-04-06 15:40:00	2018-04-06 17:11:00	2018-04-06 17:23:00	LIS	2018-04-06 19:06:00	2018-04-06 19:11:00	2018-04-06 17:35:00	J	TP	2018-04-10 08:31:59	4.0	89.0	0	15.0	60.0	10.0	6.21		FEW	M	M	2000.0								12.0	210.0	7.0	6.21		FEW	M	M	1800.0							
468789	2018-04-06 00:00:00	1525.0	CSTNY	320	AIRBUS A320-211	NB	LIS	2018-04-06 15:40:00	2018-04-06 15:53:00	2018-04-06 16:11:00	LFW	2018-04-06 21:38:00	2018-04-06 21:48:00	2018-04-06 21:20:00	J	TP	2018-04-06 16:28:59	7.0	89.0	0	12.0	220.0	5.0	6.21		FEW	M	M	1000.0								29.0	230.0	8.0	6.21		FEW	M	M	1400.0							
468790	2018-04-06 00:00:00	22.0	CSTOM	332	AIRBUS A330-200	WB	LIS	2018-04-06 15:45:00	2018-04-06 16:10:00	2018-04-06 16:29:00	SSA	2018-04-07 00:52:00	2018-04-07 01:00:00	2018-04-07 00:20:00	J	TP	2018-04-06 16:38:59	25.0	16.0	B	12.0	220.0	5.0	6.21		FEW	M	M	1000.0								27.0	110.0	9.0	6.21		FEW	M	M	2000.0							
468791	2018-04-06 00:00:00	523.0	CSTPR	E90	EMBRAER 190	PGA	STR	2018-04-06 15:55:00	2018-04-06 16:37:00	2018-04-06 16:43:00	LIS	2018-04-06 19:28:00	2018-04-06 19:35:00	2018-04-06 19:05:00	J	NI	2018-04-10 08:37:59	9.0	93.0	D	14.0	80.0	13.0	6.21		M	M	M									11.0	210.0	6.0	6.21		FEW	FEW	M	1400.0	2000.0						
468792	2018-04-06 00:00:00	921.0	CSTPP	E90	EMBRAER 190	PGA	ZRH	2018-04-06 16:00:00	2018-04-06 16:00:00	2018-04-06 16:33:00	OPO	2018-04-06 18:52:00	2018-04-06 18:55:00	2018-04-06 18:35:00	J	NI					16.0	30.0	8.0	6.21		M	M	M									10.0	170.0	9.0	6.21		FEW	M	M	3000.0							
468793	2018-04-06 00:00:00	1962.0	CSDJF	AT7	ATR 72	WI	LIS	2018-04-06 16:00:00	2018-04-06 19:37:00	2018-04-06 19:47:00	OPO	2018-04-06 20:41:00	2018-04-06 20:44:00	2018-04-06 17:00:00	J	WI	2018-04-06 20:13:59	35.0	41.0	A	11.0	210.0	6.0	6.21		FEW	FEW	M	1400.0	2000.0							10.0	170.0	11.0	6.21		FEW	M	M	2500.0							
468794	2018-04-06 00:00:00	11.0	CSTOH	332	AIRBUS A330-200	WB	LIS	2018-04-06 16:05:00	2018-04-06 16:48:00	2018-04-06 17:05:00	REC	2018-04-07 00:41:00	2018-04-07 00:46:00	2018-04-06 23:45:00	J	TP	2018-04-06 17:17:59	43.0	89.0	0	12.0	250.0	7.0	6.21		FEW	M	M	2000.0								25.0	70.0	7.0	6.21		BKN	BKN	M	1000.0	5000.0						
468795	2018-04-06 00:00:00	35.0	CSTOA	343	AIRBUS A340-312	WB	LIS	2018-04-06 16:05:00	2018-04-06 16:45:00	2018-04-06 17:03:00	FOR	2018-04-07 00:08:00	2018-04-07 00:17:00	2018-04-06 23:40:00	J	TP	2018-04-10 08:01:59	40.0	89.0	0	12.0	230.0	5.0	6.21		FEW	M	M	1200.0								27.0	60.0	2.0	6.21		FEW	SCT	M	2000.0	10000.0						
468796	2018-04-06 00:00:00	47.0	CSTOF	332	AIRBUS A330-200	WB	LIS	2018-04-06 16:05:00	2018-04-06 16:31:00	2018-04-06 16:46:00	BEL	2018-04-07 00:36:00	2018-04-07 00:49:00	2018-04-07 00:10:00	J	TP	2018-04-07 01:37:59	26.0	89.0	0	12.0	230.0	5.0	6.21		FEW	M	M	1200.0								24.0	220.0	4.0	6.21		SCT	BKN	FEW	1000.0	2000.0	2500.0					
468797	2018-04-06 00:00:00	209.0	CSTOV	333	AIRBUS A330-300	WB	LIS	2018-04-06 16:10:00	2018-04-06 16:40:00	2018-04-06 16:53:00	JFK	2018-04-07 00:30:00	2018-04-07 00:42:00	2018-04-07 00:00:00	J	TP	2018-04-06 17:09:59	30.0	89.0	0	12.0	230.0	5.0	6.21		FEW	M	M	1200.0									180.0	12.0	10.0		CLR	M	M								
468798	2018-04-06 00:00:00	487.0	CSTTX	E95	EMBRAER 195	PGA	NCE	2018-04-06 16:15:00	2018-04-06 16:31:00	2018-04-06 16:43:00	LIS	2018-04-06 18:58:00	2018-04-06 19:02:00	2018-04-06 18:50:00	J	NI	2018-04-10 08:30:59	8.0	93.0	L	15.0	90.0	3.0	6.21		FEW	M	M	1200.0								12.0	210.0	7.0	6.21		FEW	M	M	1800.0							
468799	2018-04-06 00:00:00	1689.0	CSTTP	319	AIRBUS A319-111	NB	LIS	2018-04-06 16:30:00	2018-04-06 16:58:00	2018-04-06 17:13:00	FNC	2018-04-06 18:48:00	2018-04-06 18:53:00	2018-04-06 18:15:00	J	TP	2018-04-06 17:17:59	28.0	89.0	0	12.0	250.0	7.0	6.21		FEW	M	M	2000.0								15.0	300.0	11.0	6.21		SCT	M	M	1500.0							
468800	2018-04-06 00:00:00	1953.0	CSDJA	AT7	ATR 72	WI	OPO	2018-04-06 16:30:00	2018-04-06 18:45:00	2018-04-06 18:58:00	LIS	2018-04-06 19:39:00	2018-04-06 19:42:00	2018-04-06 17:30:00	J	WI	2018-04-06 19:01:04	135.0	93.0	0	11.0	140.0	9.0	6.21		FEW	M	M	3000.0								11.0	210.0	6.0	6.21		FEW	FEW	M	1400.0	2000.0						
468801	2018-04-06 00:00:00	1112.0	CSDJD	AT7	ATR 72	WI	LIS	2018-04-06 16:40:00	2018-04-06 17:25:00	2018-04-06 17:37:00	OVD	2018-04-06 18:53:00	2018-04-06 18:58:00	2018-04-06 18:30:00	J	WI	2018-04-10 09:00:59	6.0	93.0	R	12.0	230.0	5.0	6.21		FEW	M	M	2000.0								10.0	0.0	0.0	6.21		SCT	BKN	M	1000.0	1500.0						
468802	2018-04-06 00:00:00	493.0	CSTPS	E90	EMBRAER 190	PGA	TLS	2018-04-06 16:45:00	2018-04-06 18:41:00	2018-04-06 18:54:00	LIS	2018-04-06 20:36:00	2018-04-06 20:41:00	2018-04-06 18:45:00	J	NI	2018-04-10 08:35:59	35.0	93.0	M	14.0	120.0	20.0	6.21		M	M	M									11.0	220.0	4.0	6.21		FEW	FEW	M	1600.0	2000.0						
468803	2018-04-06 00:00:00	338.0	CSTPQ	E90	EMBRAER 190	PGA	OPO	2018-04-06 16:50:00	2018-04-06 17:59:00	2018-04-06 18:16:00	LGW	2018-04-06 19:53:00	2018-04-06 19:56:00	2018-04-06 19:05:00	J	NI	2018-04-06 18:23:04	50.0	95.0	B	10.0	140.0	8.0	6.21		FEW	M	M	3000.0								12.0	170.0	2.0	6.21		M	M	M								
468804	2018-04-06 00:00:00	589.0	CSTTW	E95	EMBRAER 195	PGA	CGN	2018-04-06 16:50:00	2018-04-06 17:20:00	2018-04-06 17:26:00	LIS	2018-04-06 20:24:00	2018-04-06 20:26:00	2018-04-06 20:00:00	J	NI	2018-04-10 08:58:59	13.0	55.0	0	14.0	120.0	11.0	6.21		M	M	M									11.0	220.0	4.0	6.21		FEW	FEW	M	1600.0	2000.0						
468805	2018-04-06 00:00:00	816.0	FHBAL	319	AIRBUS A319-111	NB	OPO	2018-04-06 16:55:00	2018-04-06 17:13:00	2018-04-06 17:27:00	MXP	2018-04-06 19:24:00	2018-04-06 19:31:00	2018-04-06 19:30:00	J	TP	2018-04-10 08:38:59	1.0	89.0	0	9.0	140.0	7.0	6.21		FEW	SCT	M	2500.0	4200.0							14.0		2.0	6.21		M	M	M								
468806	2018-04-06 00:00:00	1904.0	CSTNK	320	AIRBUS A320-211	NB	FAO	2018-04-06 16:55:00	2018-04-06 17:27:00	2018-04-06 17:35:00	LIS	2018-04-06 18:18:00	2018-04-06 18:22:00	2018-04-06 17:40:00	J	TP	2018-04-10 08:18:59	32.0	93.0	0	14.0	280.0	9.0	6.21		SCT	SCT	BKN	600.0	1400.0	4000.0						12.0	210.0	9.0	6.21		FEW	M	M	1800.0							
468807	2018-04-06 00:00:00	321.0	CSTTD	319	AIRBUS A319-111	NB	MAN	2018-04-06 17:00:00	2018-04-06 17:46:00	2018-04-06 17:57:00	LIS	2018-04-06 20:41:00	2018-04-06 20:45:00	2018-04-06 19:45:00	J	TP	2018-04-10 08:22:59	18.0	89.0	0	14.0		4.0	6.21		NCD	M	M									11.0	220.0	4.0	6.21		FEW	FEW	M	1600.0	2000.0						
468808	2018-04-06 00:00:00	431.0	CSTTN	319	AIRBUS A319-111	NB	ORY	2018-04-06 17:00:00	2018-04-06 17:12:00	2018-04-06 17:22:00	LIS	2018-04-06 19:47:00	2018-04-06 19:50:00	2018-04-06 19:30:00	J	TP	2018-04-06 17:34:07	4.0	89.0	0	19.0	110.0	9.0	6.21		M	M	M									12.0	220.0	5.0	6.21		FEW	FEW	M	1600.0	2000.0						
468809	2018-04-06 00:00:00	566.0	CSTTI	319	AIRBUS A319-111	NB	LIS	2018-04-06 17:00:00	2018-04-06 17:45:00	2018-04-06 17:54:00	HAM	2018-04-06 20:40:00	2018-04-06 20:43:00	2018-04-06 20:15:00	J	TP	2018-04-06 18:06:59	10.0	89.0	0	12.0	230.0	5.0	6.21		FEW	M	M	2000.0								8.0	110.0	10.0	6.21		M	M	M								
468810	2018-04-06 00:00:00	1964.0	CSDJH	AT7	ATR 72	WI	LIS	2018-04-06 17:00:00	2018-04-06 19:32:00	2018-04-06 19:43:00	OPO	2018-04-06 20:34:00	2018-04-06 20:39:00	2018-04-06 18:00:00	J	WI	2018-04-06 20:02:59	12.0	89.0	0	11.0	210.0	6.0	6.21		FEW	FEW	M	1400.0	2000.0							10.0	170.0	11.0	6.21		FEW	M	M	2500.0							
468811	2018-04-06 00:00:00	448.0	CSTTH	319	AIRBUS A319-111	NB	LIS	2018-04-06 17:10:00	2018-04-06 18:12:00	2018-04-06 18:25:00	ORY	2018-04-06 20:14:00	2018-04-06 20:19:00	2018-04-06 19:35:00	J	TP	2018-04-06 18:53:59	23.0	89.0	0	12.0	230.0	8.0	6.21		FEW	M	M	1800.0								14.0	90.0	4.0	6.21		M	M	M								
468812	2018-04-06 00:00:00	763.0	CSTJG	321	AIRBUS A321-211	NB	OSL	2018-04-06 17:10:00	2018-04-06 17:20:00	2018-04-06 17:31:00	LIS	2018-04-06 21:42:00	2018-04-06 21:47:00	2018-04-06 21:15:00	J	TP	2018-04-10 08:39:59	10.0	55.0	0	5.0		5.0	6.21		M	M	M									10.0	250.0	3.0	6.21		FEW	FEW	M	1600.0	2000.0						
468813	2018-04-06 00:00:00	572.0	CSTTK	319	AIRBUS A319-111	NB	LIS	2018-04-06 17:20:00	2018-04-06 17:33:00	2018-04-06 17:44:00	FRA	2018-04-06 19:59:00	2018-04-06 20:07:00	2018-04-06 20:20:00	J	TP	2018-04-06 17:57:59	13.0	89.0	0	12.0	230.0	5.0	6.21		FEW	M	M	2000.0								9.0	60.0	9.0	6.21		M	M	M								
468814	2018-04-06 00:00:00	752.0	CSTNP	320	AIRBUS A320-211	NB	LIS	2018-04-06 17:20:00	2018-04-06 19:57:00	2018-04-06 20:09:00	CPH	2018-04-06 23:02:00	2018-04-06 23:08:00	2018-04-06 20:50:00	J	TP	2018-04-06 20:37:59	157.0	95.0	A	12.0	220.0	5.0	6.21		FEW	FEW	M	1600.0	2000.0							4.0	140.0	5.0	6.21		M	M	M								
468815	2018-04-06 00:00:00	1029.0	CSTNH	320	AIRBUS A320-211	NB	MAD	2018-04-06 17:20:00	2018-04-06 17:41:00	2018-04-06 17:56:00	LIS	2018-04-06 18:51:00	2018-04-06 18:54:00	2018-04-06 18:40:00	J	TP	2018-04-10 08:32:59	21.0	16.0	0	15.0	360.0	6.0	6.21		SCT	BKN	M	3000.0	6000.0							12.0	210.0	7.0	6.21		FEW	M	M	1800.0							
468816	2018-04-06 00:00:00	259.0	CSTOG	332	AIRBUS A330-200	WB	LIS	2018-04-06 17:25:00	2018-04-06 17:35:00	2018-04-06 17:49:00	YYZ	2018-04-07 01:27:00	2018-04-07 01:42:00	2018-04-07 01:35:00	J	TP	2018-04-06 18:01:59	10.0	85.0	0	12.0	230.0	5.0	6.21		FEW	M	M	2000.0								-2.0	290.0	18.0	15.0	28.0	FEW	BKN	M	8500.0	11000.0						
468817	2018-04-06 00:00:00	1955.0	CSDJF	AT7	ATR 72	WI	OPO	2018-04-06 17:30:00	2018-04-06 21:11:00	2018-04-06 21:28:00	LIS	2018-04-06 22:14:00	2018-04-06 22:18:00	2018-04-06 18:30:00	J	WI	2018-04-06 21:37:22	221.0	93.0	R	10.0	160.0	10.0	6.21		FEW	M	M	2500.0								10.0	210.0	5.0	6.21		FEW	M	M	2000.0							
468818	2018-04-06 00:00:00	579.0	CSTTC	319	AIRBUS A319-111	NB	FRA	2018-04-06 17:35:00	2018-04-06 18:05:00	2018-04-06 18:23:00	LIS	2018-04-06 21:13:00	2018-04-06 21:17:00	2018-04-06 20:45:00	J	TP	2018-04-10 08:57:59	6.0	89.0	0	14.0	90.0	11.0	6.21		M	M	M									11.0	240.0	3.0	6.21		FEW	FEW	M	1600.0	2000.0						
468819	2018-04-06 00:00:00	668.0	CSTTJ	319	AIRBUS A319-111	NB	LIS	2018-04-06 17:35:00	2018-04-06 17:40:00	2018-04-06 17:52:00	AMS	2018-04-06 20:12:00	2018-04-06 20:21:00	2018-04-06 20:30:00	J	TP	2018-04-06 18:03:59	5.0	89.0	0	12.0	230.0	5.0	6.21		FEW	M	M	2000.0								12.0	130.0	15.0	6.21		M	M	M								
468820	2018-04-06 00:00:00	1305.0	CSTNM	320	AIRBUS A320-211	NB	PRG	2018-04-06 17:35:00	2018-04-06 19:15:00	2018-04-06 19:27:00	LIS	2018-04-06 22:42:00	2018-04-06 22:45:00	2018-04-06 21:05:00	J	TP	2018-04-10 09:03:59	20.0	93.0	Q	7.0	100.0	5.0	6.21		M	M	M									10.0	210.0	5.0	6.21		FEW	M	M	2000.0							
468821	2018-04-06 00:00:00	1686.0	CSTTQ	319	AIRBUS A319-111	NB	FNC	2018-04-06 17:35:00	2018-04-06 18:28:00	2018-04-06 18:35:00	LIS	2018-04-06 19:56:00	2018-04-06 19:59:00	2018-04-06 19:10:00	J	TP	2018-04-06 18:44:12	1.0	89.0	0	15.0		10.0	6.21	25.0	SCT	M	M	1500.0								12.0	220.0	5.0	6.21		FEW	FEW	M	1600.0	2000.0						
468822	2018-04-06 00:00:00	551.0	CSTJF	321	AIRBUS A321-211	NB	MUC	2018-04-06 17:40:00	2018-04-06 18:45:00	2018-04-06 19:03:00	LIS	2018-04-06 22:05:00	2018-04-06 22:10:00	2018-04-06 20:55:00	J	TP	2018-04-10 08:56:59	5.0	93.0	R	9.0	70.0	6.0	6.21		M	M	M									10.0	250.0	3.0	6.21		FEW	FEW	M	1600.0	2000.0						
468823	2018-04-06 00:00:00	661.0	CSTNI	320	AIRBUS A320-211	NB	AMS	2018-04-06 17:40:00	2018-04-06 18:44:00	2018-04-06 18:55:00	LIS	2018-04-06 21:45:00	2018-04-06 21:49:00	2018-04-06 20:45:00	J	TP	2018-04-07 01:44:59	11.0	89.0	0	13.0	130.0	13.0	6.21		M	M	M									10.0	250.0	3.0	6.21		FEW	FEW	M	1600.0	2000.0						
468824	2018-04-06 00:00:00	369.0	LYPGC	737	BOEING 737 ALL SERIES		LHR	2018-04-06 17:45:00	2018-04-06 18:22:00	2018-04-06 18:41:00	LIS	2018-04-06 21:24:00	2018-04-06 21:30:00	2018-04-06 20:25:00	J	TP	2018-04-06 19:41:59	3.0	89.0	0	14.0	200.0	7.0	6.21		NCD	M	M									11.0	240.0	3.0	6.21		FEW	FEW	M	1600.0	2000.0						
468825	2018-04-06 00:00:00	1273.0	CSTJH	321	AIRBUS A321-211	NB	VIE	2018-04-06 17:45:00	2018-04-06 18:06:00	2018-04-06 18:17:00	LIS	2018-04-06 21:34:00	2018-04-06 21:38:00	2018-04-06 21:20:00	J	TP	2018-04-06 18:20:14	1.0	89.0	0	9.0	350.0	5.0	6.21		M	M	M									11.0	240.0	3.0	6.21		FEW	FEW	M	1600.0	2000.0						
468826	2018-04-06 00:00:00	1067.0	CSDJC	AT7	ATR 72	WI	BIO	2018-04-06 17:50:00	2018-04-06 18:09:00	2018-04-06 18:17:00	LIS	2018-04-06 20:17:00	2018-04-06 20:23:00	2018-04-06 20:00:00	J	WI	2018-04-06 18:20:14	19.0	93.0	0	21.0	160.0	21.0	6.21	35.0	FEW	M	M	5500.0								11.0	220.0	4.0	6.21		FEW	FEW	M	1600.0	2000.0						
468827	2018-04-06 00:00:00	457.0	CSTTB	319	AIRBUS A319-111	NB	ORY	2018-04-06 17:55:00	2018-04-06 18:24:00	2018-04-06 18:31:00	OPO	2018-04-06 20:30:00	2018-04-06 20:34:00	2018-04-06 20:00:00	J	TP	2018-04-06 18:47:17	18.0	34.0	B	17.0	80.0	5.0	6.21		M	M	M									10.0	170.0	11.0	6.21		FEW	M	M	2500.0							
468828	2018-04-06 00:00:00	524.0	CSTPT	E90	EMBRAER 190	PGA	LIS	2018-04-06 18:00:00	2018-04-06 18:50:00	2018-04-06 19:08:00	STR	2018-04-06 21:28:00	2018-04-06 21:35:00	2018-04-06 20:50:00	J	NI	2018-04-06 19:16:59	8.0	32.0	A	12.0	210.0	7.0	6.21		FEW	M	M	1800.0								7.0	90.0	4.0	6.21		M	M	M								
468829	2018-04-06 00:00:00	928.0	CSTNX	320	AIRBUS A320-211	NB	LIS	2018-04-06 18:00:00	2018-04-06 18:11:00	2018-04-06 18:23:00	ZRH	2018-04-06 20:38:00	2018-04-06 20:43:00	2018-04-06 20:40:00	J	TP	2018-04-06 18:29:59	11.0	89.0	0	12.0	230.0	8.0	6.21		FEW	M	M	1800.0								8.0	320.0	5.0	6.21		M	M	M								
468830	2018-04-06 00:00:00	1046.0	CSTTY	E95	EMBRAER 195	PGA	LIS	2018-04-06 18:00:00	2018-04-06 18:00:00	2018-04-06 18:17:00	BCN	2018-04-06 19:41:00	2018-04-06 19:50:00	2018-04-06 19:50:00	J	NI					12.0	230.0	8.0	6.21		FEW	M	M	1800.0								15.0	50.0	14.0	6.21		FEW	M	M	3500.0							
468831	2018-04-06 00:00:00	1966.0	CSDJA	AT7	ATR 72	WI	LIS	2018-04-06 18:00:00	2018-04-06 20:15:00	2018-04-06 20:28:00	OPO	2018-04-06 21:17:00	2018-04-06 21:21:00	2018-04-06 19:00:00	J	WI	2018-04-06 20:34:59	3.0	89.0	0	12.0	220.0	5.0	6.21		FEW	FEW	M	1600.0	2000.0							10.0	160.0	9.0	6.21		FEW	M	M	2500.0							
468832	2018-04-06 00:00:00	358.0	CSTTO	319	AIRBUS A319-111	NB	LIS	2018-04-06 18:05:00	2018-04-06 19:03:00	2018-04-06 19:14:00	LHR	2018-04-06 21:12:00	2018-04-06 21:29:00	2018-04-06 20:45:00	J	TP	2018-04-06 19:33:59	3.0	85.0	C	12.0	210.0	7.0	6.21		FEW	M	M	1800.0								10.0	130.0	5.0	6.21		NCD	M	M								
468833	2018-04-06 00:00:00	937.0	CSTTG	319	AIRBUS A319-111	NB	GVA	2018-04-06 18:05:00	2018-04-06 19:46:00	2018-04-06 20:01:00	OPO	2018-04-06 22:06:00	2018-04-06 22:09:00	2018-04-06 20:20:00	J	TP	2018-04-06 20:02:13	101.0	93.0	K	9.0	310.0	2.0	6.21		M	M	M									10.0	160.0	10.0	6.21		FEW	M	M	2500.0							
468834	2018-04-06 00:00:00	1093.0	CSDJE	AT7	ATR 72	WI	VLC	2018-04-06 18:05:00	2018-04-06 18:59:00	2018-04-06 19:09:00	LIS	2018-04-06 21:19:00	2018-04-06 21:24:00	2018-04-06 20:20:00	J	WI	2018-04-07 14:23:59	54.0	93.0	0	15.0	60.0	7.0	6.21		BKN	M	M	1500.0								11.0	240.0	3.0	6.21		FEW	FEW	M	1600.0	2000.0						
468835	2018-04-06 00:00:00	283.0	CSTOB	343	AIRBUS A340-312	WB	LIS	2018-04-06 18:10:00	2018-04-06 18:30:00	2018-04-06 18:48:00	MPM	2018-04-07 05:01:00	2018-04-07 05:06:00	2018-04-07 04:30:00	J	TP	2018-04-06 18:55:59	20.0	32.0	A	12.0	210.0	9.0	6.21		FEW	M	M	1800.0								25.0	210.0	3.0	6.21		FEW	M	M	2500.0							
468836	2018-04-06 00:00:00	861.0	CSTTA	319	AIRBUS A319-111	NB	VCE	2018-04-06 18:10:00	2018-04-06 18:57:00	2018-04-06 19:07:00	LIS	2018-04-06 21:57:00	2018-04-06 22:04:00	2018-04-06 21:20:00	J	TP	2018-04-06 19:38:13	15.0	89.0	0	14.0	180.0	3.0	6.21		M	M	M									10.0	250.0	3.0	6.21		FEW	FEW	M	1600.0	2000.0						
468837	2018-04-06 00:00:00	1045.0	CSTTZ	E95	EMBRAER 195	PGA	BCN	2018-04-06 18:10:00	2018-04-06 18:25:00	2018-04-06 18:33:00	LIS	2018-04-06 20:08:00	2018-04-06 20:14:00	2018-04-06 20:05:00	J	NI	2018-04-06 18:41:08	6.0	19.0	A	15.0	60.0	10.0	6.21		FEW	M	M	3500.0								12.0	220.0	5.0	6.21		FEW	FEW	M	1600.0	2000.0						
468838	2018-04-06 00:00:00	829.0	CSTNS	320	AIRBUS A320-211	NB	MXP	2018-04-06 18:15:00	2018-04-06 18:14:00	2018-04-06 18:26:00	LIS	2018-04-06 20:55:00	2018-04-06 20:58:00	2018-04-06 21:10:00	J	TP					16.0	200.0	6.0	6.21		M	M	M									11.0	220.0	5.0	6.21		FEW	FEW	M	1600.0	2000.0						
468839	2018-04-06 00:00:00	843.0	CSTRO	320	AIRBUS A320-211	NB	FCO	2018-04-06 18:15:00	2018-04-06 21:15:00	2018-04-06 21:28:00	LIS	2018-04-07 00:09:00	2018-04-07 00:11:00	2018-04-06 21:20:00	J	TP	2018-04-10 08:35:59	10.0	89.0	0	12.0	90.0	6.0	6.21		M	M	M									10.0	230.0	5.0	6.21		FEW	M	M	2000.0							
468840	2018-04-06 00:00:00	649.0	CSTNU	320	AIRBUS A320-211	NB	BRU	2018-04-06 18:25:00	2018-04-06 19:03:00	2018-04-06 19:12:00	LIS	2018-04-06 21:48:00	2018-04-06 21:51:00	2018-04-06 21:15:00	J	TP	2018-04-06 19:41:02	9.0	89.0	0	13.0	120.0	7.0	6.21		M	M	M									10.0	250.0	3.0	6.21		FEW	FEW	M	1600.0	2000.0						
468841	2018-04-06 00:00:00	1507.0	FHBIS	320	AIRBUS A320-211	NB	LIS	2018-04-06 18:30:00	2018-04-06 18:56:00	2018-04-06 19:10:00	ABJ	2018-04-07 00:12:00	2018-04-07 00:15:00	2018-04-06 23:50:00	J	TP	2018-04-10 08:26:59	23.0	89.0	0	12.0	210.0	7.0	6.21		FEW	M	M	1800.0								29.0	220.0	8.0	4.97		FEW	M	M	1200.0							
468842	2018-04-06 00:00:00	1957.0	CSDJH	AT7	ATR 72	WI	OPO	2018-04-06 18:30:00	2018-04-06 21:06:00	2018-04-06 21:22:00	LIS	2018-04-06 22:03:00	2018-04-06 22:07:00	2018-04-06 19:30:00	J	WI	2018-04-06 21:24:23	156.0	93.0	M	10.0	160.0	10.0	6.21		FEW	M	M	2500.0								10.0	250.0	3.0	6.21		FEW	FEW	M	1600.0	2000.0						
468843	2018-04-06 00:00:00	1034.0	CSTTS	319	AIRBUS A319-111	NB	OPO	2018-04-06 18:35:00	2018-04-06 21:29:00	2018-04-06 21:37:00	BCN	2018-04-06 22:57:00	2018-04-06 23:05:00	2018-04-06 20:20:00	J	TP	2018-04-06 21:46:22	174.0	94.0	0	10.0	160.0	9.0	6.21		FEW	M	M	2500.0								14.0	50.0	11.0	6.21		FEW	M	M	3500.0							
468844	2018-04-06 00:00:00	74.0	CSTOL	332	AIRBUS A330-200	WB	GIG	2018-04-06 18:40:00	2018-04-06 18:39:00	2018-04-06 18:53:00	LIS	2018-04-07 03:49:00	2018-04-07 03:55:00	2018-04-07 04:20:00	J	TP					27.0	140.0	11.0	6.21		SCT	FEW	M	2000.0	2500.0							9.0	0.0	0.0	6.21		FEW	FEW	M	2000.0	2500.0						
468845	2018-04-06 00:00:00	446.0	CSTNK	320	AIRBUS A320-211	NB	LIS	2018-04-06 18:40:00	2018-04-06 19:07:00	2018-04-06 19:16:00	ORY	2018-04-06 20:59:00	2018-04-06 21:07:00	2018-04-06 21:05:00	J	TP	2018-04-06 19:42:59	27.0	93.0	Q	12.0	210.0	7.0	6.21		FEW	M	M	1800.0								13.0	80.0	4.0	6.21		M	M	M								
468846	2018-04-06 00:00:00	838.0	CSTTU	319	AIRBUS A319-111	NB	LIS	2018-04-06 18:45:00	2018-04-06 19:54:00	2018-04-06 20:07:00	FCO	2018-04-06 22:28:00	2018-04-06 22:36:00	2018-04-06 21:35:00	J	TP	2018-04-06 20:23:59	2.0	89.0	0	12.0	220.0	5.0	6.21		FEW	FEW	M	1600.0	2000.0							10.0	80.0	5.0	6.21		M	M	M								
468847	2018-04-06 00:00:00	347.0	CSTPW	E90	EMBRAER 190	PGA	LCY	2018-04-06 18:50:00	2018-04-06 19:43:00	2018-04-06 19:48:00	LIS	2018-04-06 22:32:00	2018-04-06 22:36:00	2018-04-06 21:25:00	J	NI	2018-04-06 20:10:22	53.0	93.0	0	14.0	110.0	6.0	6.21		NCD	M	M									10.0	210.0	5.0	6.21		FEW	M	M	2000.0							
468848	2018-04-06 00:00:00	367.0	CSTTE	319	AIRBUS A319-111	NB	LHR	2018-04-06 18:50:00	2018-04-06 19:28:00	2018-04-06 19:45:00	LIS	2018-04-06 22:28:00	2018-04-06 22:33:00	2018-04-06 21:30:00	J	TP	2018-04-06 21:45:37	2.0	89.0	0	13.0	180.0	4.0	6.21		NCD	M	M									10.0	210.0	5.0	6.21		FEW	M	M	2000.0							
468849	2018-04-06 00:00:00	458.0	CSTTR	319	AIRBUS A319-111	NB	OPO	2018-04-06 18:50:00	2018-04-06 19:03:00	2018-04-06 19:12:00	ORY	2018-04-06 20:46:00	2018-04-06 20:51:00	2018-04-06 20:55:00	J	TP	2018-04-06 19:16:14	13.0	83.0	0	10.0	170.0	9.0	6.21		FEW	M	M	3000.0								13.0	80.0	4.0	6.21		M	M	M								
468850	2018-04-06 00:00:00	449.0	CSTNR	320	AIRBUS A320-211	NB	ORY	2018-04-06 18:55:00	2018-04-06 19:04:00	2018-04-06 19:18:00	LIS	2018-04-06 21:37:00	2018-04-06 21:40:00	2018-04-06 21:20:00	J	TP	2018-04-06 19:32:23	1.0	89.0	0	16.0	90.0	5.0	6.21		M	M	M									11.0	240.0	3.0	6.21		FEW	FEW	M	1600.0	2000.0						
468851	2018-04-06 00:00:00	642.0	CSTTF	319	AIRBUS A319-111	NB	LIS	2018-04-06 18:55:00	2018-04-06 19:08:00	2018-04-06 19:18:00	BRU	2018-04-06 21:30:00	2018-04-06 21:34:00	2018-04-06 21:35:00	J	TP	2018-04-06 21:07:59	13.0	93.0	Q	12.0	210.0	7.0	6.21		FEW	M	M	1800.0								10.0	120.0	5.0	6.21		M	M	M								
468852	2018-04-06 00:00:00	584.0	CSTPU	E90	EMBRAER 190	PGA	LIS	2018-04-06 19:00:00	2018-04-06 19:09:00	2018-04-06 19:24:00	CGN	2018-04-06 21:45:00	2018-04-06 21:51:00	2018-04-06 21:50:00	J	NI	2018-04-06 19:53:59	1.0	89.0	0	12.0	210.0	7.0	6.21		FEW	M	M	1800.0								12.0	120.0	11.0	6.21		M	M	M								
468853	2018-04-06 00:00:00	1714.0	CSTTP	319	AIRBUS A319-111	NB	FNC	2018-04-06 19:00:00	2018-04-06 19:35:00	2018-04-06 19:44:00	OPO	2018-04-06 21:19:00	2018-04-06 21:25:00	2018-04-06 20:50:00	J	TP	2018-04-06 19:49:14	7.0	93.0	M	15.0	330.0	12.0	6.21		SCT	M	M	1500.0								10.0	160.0	9.0	6.21		FEW	M	M	2500.0							
468854	2018-04-06 00:00:00	1060.0	CSDJB	AT7	ATR 72	WI	LIS	2018-04-06 19:05:00	2018-04-06 19:15:00	2018-04-06 19:20:00	BIO	2018-04-06 21:09:00	2018-04-06 21:14:00	2018-04-06 21:10:00	J	WI	2018-04-06 19:58:59	10.0	36.0	A	12.0	210.0	7.0	6.21		FEW	M	M	1800.0								18.0	160.0	19.0	6.21	35.0	FEW	M	M	5500.0							
468855	2018-04-06 00:00:00	1113.0	CSDJD	AT7	ATR 72	WI	OVD	2018-04-06 19:10:00	2018-04-06 19:22:00	2018-04-06 19:30:00	LIS	2018-04-06 21:08:00	2018-04-06 21:15:00	2018-04-06 20:55:00	J	WI	2018-04-06 19:34:09	12.0	93.0	M	10.0	280.0	5.0	4.35		SCT	BKN	M	1000.0	1500.0							11.0	220.0	5.0	6.21		FEW	FEW	M	1600.0	2000.0						
468856	2018-04-06 00:00:00	1006.0	CSTPP	E90	EMBRAER 190	PGA	OPO	2018-04-06 19:15:00	2018-04-06 19:44:00	2018-04-06 19:57:00	MAD	2018-04-06 20:47:00	2018-04-06 20:57:00	2018-04-06 20:25:00	J	NI	2018-04-06 20:23:24	9.0	16.0	B	10.0	170.0	9.0	6.21		FEW	M	M	3000.0								13.0	20.0	3.0	6.21		SCT	BKN	BKN	4500.0	5500.0	7000.0					
468857	2018-04-06 00:00:00	362.0	CSTNH	320	AIRBUS A320-211	NB	LIS	2018-04-06 19:20:00	2018-04-06 19:43:00	2018-04-06 19:55:00	LHR	2018-04-06 21:44:00	2018-04-06 21:51:00	2018-04-06 21:55:00	J	TP	2018-04-06 20:16:59	4.0	89.0	0	11.0	210.0	6.0	6.21		FEW	FEW	M	1400.0	2000.0							10.0	120.0	4.0	6.21		NCD	M	M								
468858	2018-04-06 00:00:00	946.0	CSTNJ	320	AIRBUS A320-211	NB	LIS	2018-04-06 19:25:00	2018-04-06 19:26:00	2018-04-06 19:34:00	GVA	2018-04-06 21:33:00	2018-04-06 21:33:00	2018-04-06 21:45:00	J	TP	2018-04-06 20:01:59	1.0	89.0	0	11.0	210.0	6.0	6.21		FEW	FEW	M	1400.0	2000.0							8.0	280.0	1.0	6.21		M	M	M								
468859	2018-04-06 00:00:00	1959.0	CSDJA	AT7	ATR 72	WI	OPO	2018-04-06 19:30:00	2018-04-06 21:43:00	2018-04-06 21:54:00	LIS	2018-04-06 22:41:00	2018-04-06 22:45:00	2018-04-06 20:30:00	J	WI	2018-04-10 08:18:59	133.0	93.0	M	10.0	160.0	9.0	6.21		FEW	M	M	2500.0								10.0	210.0	5.0	6.21		FEW	M	M	2000.0							
468860	2018-04-06 00:00:00	1547.0	CSTNT	320	AIRBUS A320-211	NB	LIS	2018-04-06 19:45:00	2018-04-06 19:42:00	2018-04-06 19:49:00	SID	2018-04-06 23:47:00	2018-04-06 23:52:00	2018-04-06 23:55:00	J	TP					11.0	210.0	6.0	6.21		FEW	FEW	M	1400.0	2000.0							21.0	40.0	16.0	6.21		SCT	BKN	M	1300.0	20000.0						
468861	2018-04-06 00:00:00	1968.0	CSTPS	E90	EMBRAER 190	PGA	LIS	2018-04-06 19:45:00	2018-04-06 21:25:00	2018-04-06 21:39:00	OPO	2018-04-06 22:10:00	2018-04-06 22:14:00	2018-04-06 20:40:00	J	NI	2018-04-06 21:46:59	4.0	31.0	B	11.0	240.0	3.0	6.21		FEW	FEW	M	1600.0	2000.0							10.0	160.0	10.0	6.21		FEW	M	M	2500.0							
468862	2018-04-06 00:00:00	337.0	CSTPQ	E90	EMBRAER 190	PGA	LGW	2018-04-06 19:50:00	2018-04-06 20:40:00	2018-04-06 20:57:00	OPO	2018-04-06 23:03:00	2018-04-06 23:07:00	2018-04-06 22:10:00	J	NI	2018-04-10 08:24:59	50.0	93.0	K	11.0	130.0	3.0	6.21		M	M	M									10.0	160.0	11.0	6.21		FEW	M	M	2500.0							
468863	2018-04-06 00:00:00	1485.0	CSTJE	321	AIRBUS A321-211	NB	LIS	2018-04-06 19:50:00	2018-04-06 19:54:00	2018-04-06 20:05:00	DSS	2018-04-07 00:01:00	2018-04-07 00:03:00	2018-04-06 23:50:00	J	TP	2018-04-06 20:06:59	4.0	85.0	C	12.0	220.0	5.0	6.21		FEW	FEW	M	1600.0	2000.0							20.0	350.0	19.0	6.21		M	M	M								
468864	2018-04-06 00:00:00	828.0	INEOW	738	BOEING 737-800		LIS	2018-04-06 19:55:00	2018-04-06 20:39:00	2018-04-06 20:51:00	MXP	2018-04-06 22:58:00	2018-04-06 23:05:00	2018-04-06 22:30:00	J	TP	2018-04-06 21:00:59	44.0	89.0	0	11.0	220.0	4.0	6.21		FEW	FEW	M	1600.0	2000.0							12.0	80.0	7.0	6.21		M	M	M								
468865	2018-04-06 00:00:00	58.0	CSTOW	333	AIRBUS A330-300	WB	BSB	2018-04-06 20:00:00	2018-04-06 20:38:00	2018-04-06 20:52:00	LIS	2018-04-07 05:29:00	2018-04-07 05:34:00	2018-04-07 05:00:00	J	TP	2018-04-06 21:15:28	3.0	66.0	B	0.0	80.0	4.0	6.21		FEW	FEW	SCT	500.0	4000.0	10000.0						8.0	0.0	0.0	6.21		FEW	FEW	M	400.0	2000.0						
468866	2018-04-06 00:00:00	1533.0	CSTQD	320	AIRBUS A320-211	NB	LIS	2018-04-06 20:00:00	2018-04-06 20:11:00	2018-04-06 20:18:00	RAI	2018-04-07 00:34:00	2018-04-07 00:36:00	2018-04-07 00:15:00	J	TP	2018-04-06 20:32:59	11.0	19.0	C	12.0	220.0	5.0	6.21		FEW	FEW	M	1600.0	2000.0							21.0	10.0	16.0	6.21		M	M	M								
468867	2018-04-06 00:00:00	494.0	CSTPR	E90	EMBRAER 190	PGA	LIS	2018-04-06 20:05:00	2018-04-06 20:08:00	2018-04-06 20:21:00	TLS	2018-04-06 21:48:00	2018-04-06 21:54:00	2018-04-06 21:55:00	J	NI	2018-04-06 20:29:59	3.0	93.0	M	12.0	220.0	5.0	6.21		FEW	FEW	M	1600.0	2000.0							14.0	120.0	14.0	6.21		M	M	M								
468868	2018-04-06 00:00:00	1090.0	CSDJH	AT7	ATR 72	WI	LIS	2018-04-06 20:10:00	2018-04-06 22:59:00	2018-04-06 23:11:00	VLC	2018-04-07 00:52:00	2018-04-07 00:56:00	2018-04-06 22:15:00	J	WI	2018-04-06 23:15:59	12.0	35.0	A	10.0	200.0	6.0	6.21		FEW	FEW	M	2000.0	2500.0							14.0	60.0	4.0	6.21		SCT	M	M	3000.0							
468869	2018-04-06 00:00:00	224.0	CSTOX	333	AIRBUS A330-300	WB	MIA	2018-04-06 20:15:00	2018-04-06 21:24:00	2018-04-06 21:41:00	LIS	2018-04-07 04:55:00	2018-04-07 05:01:00	2018-04-07 04:20:00	J	TP	2018-04-10 08:04:59	44.0	93.0	Q		90.0	8.0	10.0		BKN	M	M	3900.0								8.0	0.0	0.0	6.21		FEW	FEW	M	2000.0	2500.0						
468870	2018-04-06 00:00:00	817.0	FHBAL	319	AIRBUS A319-111	NB	MXP	2018-04-06 20:20:00	2018-04-06 20:06:00	2018-04-06 20:19:00	OPO	2018-04-06 22:31:00	2018-04-06 22:35:00	2018-04-06 23:05:00	J	TP					11.0	40.0	3.0	6.21		M	M	M									10.0	160.0	12.0	6.21		FEW	M	M	2300.0							
468871	2018-04-06 00:00:00	1047.0	CSTTY	E95	EMBRAER 195	PGA	BCN	2018-04-06 20:35:00	2018-04-06 20:53:00	2018-04-06 21:12:00	LIS	2018-04-06 22:55:00	2018-04-06 23:04:00	2018-04-06 22:30:00	J	NI	2018-04-06 21:15:28	18.0	81.0	0	14.0	60.0	14.0	6.21		FEW	M	M	3500.0								10.0	200.0	6.0	6.21		FEW	FEW	M	2000.0	2500.0						
468872	2018-04-06 00:00:00	478.0	CSTTX	E95	EMBRAER 195	PGA	LIS	2018-04-06 20:40:00	2018-04-06 20:39:00	2018-04-06 20:52:00	LYS	2018-04-06 22:46:00	2018-04-06 22:50:00	2018-04-06 22:55:00	J	NI					11.0	220.0	4.0	6.21		FEW	FEW	M	1600.0	2000.0							14.0	160.0	14.0	6.21		M	M	M								
468873	2018-04-06 00:00:00	1136.0	CSDJC	AT7	ATR 72	WI	LIS	2018-04-06 20:40:00	2018-04-06 21:00:00	2018-04-06 21:10:00	AGP	2018-04-06 22:19:00	2018-04-06 22:26:00	2018-04-06 22:10:00	J	WI	2018-04-07 14:22:59	20.0	93.0	R	11.0	220.0	5.0	6.21		FEW	FEW	M	1600.0	2000.0							14.0	0.0	0.0	6.21		FEW	M	M	4000.0							
468874	2018-04-06 00:00:00	1691.0	CSTMW	320	AIRBUS A320-211	NB	LIS	2018-04-06 20:50:00	2018-04-06 20:50:00	2018-04-06 21:02:00	FNC	2018-04-06 22:31:00	2018-04-06 22:34:00	2018-04-06 22:35:00	J	TP					11.0	220.0	5.0	6.21		FEW	FEW	M	1600.0	2000.0							15.0	290.0	6.0	6.21		FEW	M	M	1600.0							
468875	2018-04-06 00:00:00	1713.0	CSTTB	319	AIRBUS A319-111	NB	OPO	2018-04-06 20:50:00	2018-04-06 21:34:00	2018-04-06 21:48:00	FNC	2018-04-06 23:32:00	2018-04-06 23:35:00	2018-04-06 22:50:00	J	TP	2018-04-06 21:56:27	5.0	39.0	C	10.0	160.0	9.0	6.21		FEW	M	M	2500.0								14.0		4.0	6.21		FEW	M	M	1600.0							
468876	2018-04-06 00:00:00	1009.0	CSTPP	E90	EMBRAER 190	PGA	MAD	2018-04-06 21:05:00	2018-04-06 21:40:00	2018-04-06 21:59:00	OPO	2018-04-06 22:49:00	2018-04-06 22:52:00	2018-04-06 22:20:00	J	NI	2018-04-06 22:02:34	3.0	89.0	0	14.0	140.0	3.0	6.21		FEW	BKN	M	1800.0	4000.0							10.0	160.0	11.0	6.21		FEW	M	M	2500.0							
468877	2018-04-06 00:00:00	1031.0	CSTTS	319	AIRBUS A319-111	NB	BCN	2018-04-06 21:05:00	2018-04-06 23:41:00	2018-04-06 23:49:00	OPO	2018-04-07 01:16:00	2018-04-07 01:20:00	2018-04-06 22:55:00	J	TP	2018-04-06 23:58:25	156.0	93.0	J	14.0	50.0	11.0	6.21		FEW	M	M	3500.0								10.0	170.0	12.0	6.21		FEW	M	M	2400.0							
468878	2018-04-06 00:00:00	1104.0	CSDJE	AT7	ATR 72	WI	LIS	2018-04-06 21:05:00	2018-04-06 22:04:00	2018-04-06 22:15:00	SVQ	2018-04-06 23:12:00	2018-04-06 23:15:00	2018-04-06 22:15:00	J	WI	2018-04-06 22:15:59	59.0	93.0	R	10.0	250.0	3.0	6.21		FEW	FEW	M	1600.0	2000.0							13.0	330.0	7.0	6.21		BKN	M	M	4500.0							
468879	2018-04-06 00:00:00	1432.0	CSDJD	AT7	ATR 72	WI	LIS	2018-04-06 21:10:00	2018-04-06 21:46:00	2018-04-06 21:56:00	TNG	2018-04-06 23:10:00	2018-04-06 23:15:00	2018-04-06 22:40:00	J	WI	2018-04-10 09:27:59	8.0	93.0	Q	10.0	250.0	3.0	6.21		FEW	FEW	M	1600.0	2000.0							14.0	200.0	9.0	4.97		SCT	M	M	2000.0							
468880	2018-04-06 00:00:00	1823.0	CSTNW	320	AIRBUS A320-211	NB	LIS	2018-04-06 21:10:00	2018-04-06 21:09:00	2018-04-06 21:17:00	TER	2018-04-06 23:33:00	2018-04-06 23:42:00	2018-04-06 23:40:00	J	TP					11.0	220.0	5.0	6.21		FEW	FEW	M	1600.0	2000.0							14.0			6.21		FEW	M	M	2500.0							
468881	2018-04-06 00:00:00	1865.0	CSTNI	320	AIRBUS A320-211	NB	LIS	2018-04-06 21:30:00	2018-04-06 22:53:00	2018-04-06 23:06:00	PDL	2018-04-07 01:07:00	2018-04-07 01:10:00	2018-04-06 23:55:00	J	TP	2018-04-06 23:13:59	19.0	35.0	A	10.0	200.0	6.0	6.21		FEW	FEW	M	2000.0	2500.0							13.0	320.0	8.0	6.21		FEW	SCT	M	2200.0	4000.0						
468882	2018-04-06 00:00:00	1958.0	CSTTC	319	AIRBUS A319-111	NB	LIS	2018-04-06 21:30:00	2018-04-06 22:00:00	2018-04-06 22:07:00	OPO	2018-04-06 22:41:00	2018-04-06 22:43:00	2018-04-06 22:25:00	J	TP	2018-04-06 22:11:59	30.0	95.0	A	10.0	250.0	3.0	6.21		FEW	FEW	M	1600.0	2000.0							10.0	160.0	12.0	6.21		FEW	M	M	2300.0							
468883	2018-04-06 00:00:00	202.0	CSTOQ	332	AIRBUS A330-200	WB	EWR	2018-04-06 21:45:00	2018-04-06 22:51:00	2018-04-06 23:23:00	LIS	2018-04-07 05:35:00	2018-04-07 05:40:00	2018-04-07 04:35:00	J	TP	2018-04-07 00:16:34	12.0	87.0	0	15.61	220.0	11.0	10.0	21.0	BKN	M	M	9500.0						31.0	230.0	8.0	0.0	0.0	6.21		FEW	FEW	M	400.0	2000.0						
468884	2018-04-06 00:00:00	286.0	CSTOU	333	AIRBUS A330-300	WB	LAD	2018-04-06 21:45:00	2018-04-06 23:43:00	2018-04-06 23:50:00	LIS	2018-04-07 07:20:00	2018-04-07 07:24:00	2018-04-07 05:35:00	J	TP	2018-04-23 10:14:59	5.0	89.0	0	27.0		2.0	6.21		FEW	BKN	M	1800.0	8000.0							10.0	230.0	3.0	6.21		FEW	FEW	M	800.0	3000.0						
468885	2018-04-06 00:00:00	82.0	CSTOK	332	AIRBUS A330-200	WB	GRU	2018-04-06 22:00:00	2018-04-06 23:44:00	2018-04-06 23:59:00	LIS	2018-04-07 08:57:00	2018-04-07 09:02:00	2018-04-07 07:50:00	J	TP	2018-04-07 01:30:43	47.0	67.0	0	21.0	130.0	3.0	6.21		SCT	SCT	M	1300.0	2500.0							13.0	180.0	7.0	6.21		FEW	FEW	M	2500.0	3500.0						
468886	2018-04-06 00:00:00	1909.0	CSTJG	321	AIRBUS A321-211	NB	LIS	2018-04-06 22:05:00	2018-04-06 22:27:00	2018-04-06 22:35:00	FAO	2018-04-06 23:01:00	2018-04-06 23:04:00	2018-04-06 22:50:00	J	TP	2018-04-06 22:35:59	22.0	93.0	Q	10.0	210.0	5.0	6.21		FEW	M	M	2000.0								12.0	80.0	2.0	6.21		FEW	M	M	4000.0							
468887	2018-04-06 00:00:00	1232.0	CSTNS	320	AIRBUS A320-211	NB	LIS	2018-04-06 22:10:00	2018-04-06 22:08:00	2018-04-06 22:21:00	DME	2018-04-07 03:13:00	2018-04-07 03:19:00	2018-04-07 03:25:00	J	TP					10.0	250.0	3.0	6.21		FEW	FEW	M	1600.0	2000.0							3.0	250.0	9.72	6.21		BKN	M	M	3700.0							
468888	2018-04-06 00:00:00	1525.0	CSTNY	320	AIRBUS A320-211	NB	LFW	2018-04-06 22:10:00	2018-04-06 22:21:00	2018-04-06 22:34:00	ACC	2018-04-06 22:57:00	2018-04-06 23:08:00	2018-04-06 22:55:00	J	TP	2018-04-07 01:36:59	11.0	93.0	R	29.0	230.0	8.0	6.21		FEW	M	M	1400.0								29.0	220.0	10.0	6.21		FEW	M	M	1700.0							
468889	2018-04-06 00:00:00	1693.0	CSTTA	319	AIRBUS A319-111	NB	LIS	2018-04-06 22:10:00	2018-04-06 22:51:00	2018-04-06 23:00:00	FNC	2018-04-07 00:27:00	2018-04-07 00:30:00	2018-04-06 23:55:00	J	TP	2018-04-06 23:07:59	2.0	89.0	0	10.0	200.0	6.0	6.21		FEW	FEW	M	2000.0	2500.0							14.0		5.0	6.21		FEW	M	M	1600.0							
468890	2018-04-06 00:00:00	1928.0	CSTJH	321	AIRBUS A321-211	NB	LIS	2018-04-06 22:15:00	2018-04-06 22:42:00	2018-04-06 22:50:00	OPO	2018-04-06 23:26:00	2018-04-06 23:28:00	2018-04-06 23:10:00	J	TP	2018-04-06 23:04:59	7.0	19.0	A	10.0	210.0	5.0	6.21		FEW	M	M	2000.0								10.0	160.0	12.0	6.21		FEW	M	M	2500.0							
468891	2018-04-06 00:00:00	87.0	CSTOE	332	AIRBUS A330-200	WB	LIS	2018-04-06 22:20:00	2018-04-06 22:32:00	2018-04-06 22:48:00	GRU	2018-04-07 08:36:00	2018-04-07 08:43:00	2018-04-07 08:20:00	J	TP	2018-04-06 23:00:59	12.0	89.0	0	10.0	210.0	5.0	6.21		FEW	M	M	2000.0								16.0	0.0	0.0	4.97		NSC	M	M								
468892	2018-04-06 00:00:00	75.0	CSTOI	332	AIRBUS A330-200	WB	LIS	2018-04-06 22:25:00	2018-04-06 22:27:00	2018-04-06 22:43:00	GIG	2018-04-07 08:18:00	2018-04-07 08:22:00	2018-04-07 08:20:00	J	TP	2018-04-06 22:49:59	2.0	89.0	0	10.0	210.0	5.0	6.21		FEW	M	M	2000.0								24.0	300.0	2.0	6.21		SCT	BKN	M	1200.0	3000.0						
468893	2018-04-06 00:00:00	792.0	CSTNR	320	AIRBUS A320-211	NB	LIS	2018-04-06 22:25:00	2018-04-06 22:25:00	2018-04-06 22:46:00	HEL	2018-04-07 02:48:00	2018-04-07 02:55:00	2018-04-07 03:00:00	J	TP	2018-04-06 22:50:59	3.0	89.0	0	10.0	210.0	5.0	6.21		FEW	M	M	2000.0								0.0	280.0	11.0	6.21		M	M	M								
468894	2018-04-06 00:00:00	218.0	CSTOP	332	AIRBUS A330-200	WB	BOS	2018-04-06 22:40:00	2018-04-06 22:54:00	2018-04-06 23:05:00	LIS	2018-04-07 05:00:00	2018-04-07 05:06:00	2018-04-07 05:05:00	J	TP	2018-04-07 01:04:59	14.0	75.0	0	3.89	230.0	9.0	10.0		FEW	FEW	SCT	900.0	2100.0	13000.0						8.0	0.0	0.0	6.21		FEW	FEW	M	2000.0	2500.0						
468895	2018-04-06 00:00:00	782.0	CSTNU	320	AIRBUS A320-211	NB	LIS	2018-04-06 22:55:00	2018-04-06 23:00:00	2018-04-06 23:14:00	ARN	2018-04-07 02:47:00	2018-04-07 02:52:00	2018-04-07 03:10:00	J	TP	2018-04-06 23:16:59	5.0	19.0	A	10.0	200.0	6.0	6.21		FEW	FEW	M	2000.0	2500.0							-4.0	190.0	4.0	6.21		M	M	M								
468896	2018-04-06 00:00:00	1314.0	CSTJF	321	AIRBUS A321-211	NB	LIS	2018-04-06 23:20:00	2018-04-06 23:11:00	2018-04-06 23:21:00	BUD	2018-04-07 02:42:00	2018-04-07 02:47:00	2018-04-07 02:55:00	J	TP					10.0	200.0	6.0	6.21		FEW	FEW	M	2000.0	2500.0							9.0	330.0	4.0	6.21		FEW	BKN	M	4800.0	6400.0						
468897	2018-04-06 00:00:00	1525.0	CSTNY	320	AIRBUS A320-211	NB	ACC	2018-04-06 23:55:00	2018-04-07 00:00:00	2018-04-07 00:09:00	LIS	2018-04-07 05:13:00	2018-04-07 05:17:00	2018-04-07 05:20:00	J	TP	2018-04-07 00:59:10	5.0	36.0	0	28.0	210.0	11.0	6.21		SCT	M	M	1500.0								8.0	0.0	0.0	6.21		FEW	FEW	M	400.0	2000.0						
468898	2018-04-07 00:00:00	214.0	CSTOO	332	AIRBUS A330-200	WB	EWR	2018-04-07 00:15:00	2018-04-07 01:13:00	2018-04-07 01:27:00	OPO	2018-04-07 07:19:00	2018-04-07 07:23:00	2018-04-07 07:00:00	J	TP	2018-04-07 01:43:44	19.0	87.0	0		160.0	6.0	10.0		BKN	OVC	M	10000.0	11000.0							10.0	160.0	11.0	6.21		FEW	FEW	BKN	1700.0	2200.0	3000.0					
468899	2018-04-07 00:00:00	88.0	CSTOC	343	AIRBUS A340-312	WB	GRU	2018-04-07 00:40:00	2018-04-07 01:14:00	2018-04-07 01:29:00	LIS	2018-04-07 10:51:00	2018-04-07 10:52:00	2018-04-07 10:30:00	J	TP	2018-04-11 14:39:59	34.0	44.0	A	21.0	120.0	4.0	6.21		BKN	M	M	1300.0								14.0	210.0	16.0	6.21		SCT	FEW	M	2200.0	3500.0						
468900	2018-04-07 00:00:00	70.0	CSTON	332	AIRBUS A330-200	WB	GIG	2018-04-07 00:45:00	2018-04-07 00:37:00	2018-04-07 01:00:00	LIS	2018-04-07 10:25:00	2018-04-07 10:29:00	2018-04-07 10:25:00	J	TP					25.0	360.0	4.0	6.21		FEW	BKN	M	1000.0	3000.0							14.0	210.0	15.0	6.21		SCT	FEW	M	2200.0	3500.0						
468901	2018-04-07 00:00:00	1484.0	CSTJE	321	AIRBUS A321-211	NB	DSS	2018-04-07 00:50:00	2018-04-07 01:22:00	2018-04-07 01:32:00	LIS	2018-04-07 05:02:00	2018-04-07 05:06:00	2018-04-07 04:45:00	J	TP	2018-04-23 10:24:59	4.0	15.0	A	20.0	350.0	21.0	6.21		M	M	M									8.0	0.0	0.0	6.21		FEW	FEW	M	2000.0	2500.0						
468902	2018-04-07 00:00:00	1508.0	FHBIS	320	AIRBUS A320-211	NB	ABJ	2018-04-07 00:50:00	2018-04-07 01:59:00	2018-04-07 02:15:00	LIS	2018-04-07 07:27:00	2018-04-07 07:31:00	2018-04-07 06:00:00	J	TP	2018-04-11 14:40:59	54.0	41.0	B	28.0	230.0	8.0	4.97		FEW	M	M	1200.0								10.0	230.0	3.0	6.21		FEW	FEW	M	800.0	3000.0						
468903	2018-04-07 00:00:00	1538.0	CSTNT	320	AIRBUS A320-211	NB	SID	2018-04-07 00:55:00	2018-04-07 00:48:00	2018-04-07 00:56:00	LIS	2018-04-07 04:20:00	2018-04-07 04:24:00	2018-04-07 04:35:00	J	TP					21.0	40.0	16.0	6.21		SCT	SCT	M	1400.0	20000.0							8.0	250.0	3.0	6.21		FEW	M	M	2000.0							
468904	2018-04-07 00:00:00	1532.0	CSTQD	320	AIRBUS A320-211	NB	RAI	2018-04-07 01:05:00	2018-04-07 01:23:00	2018-04-07 01:32:00	LIS	2018-04-07 05:10:00	2018-04-07 05:14:00	2018-04-07 05:05:00	J	TP	2018-04-08 04:36:59	18.0	93.0	A	21.0	10.0	16.0	6.21		M	M	M									8.0	0.0	0.0	6.21		FEW	FEW	M	2000.0	2500.0						
468905	2018-04-07 00:00:00	48.0	CSTOF	332	AIRBUS A330-200	WB	BEL	2018-04-07 01:40:00	2018-04-07 02:49:00	2018-04-07 03:02:00	LIS	2018-04-07 10:13:00	2018-04-07 10:16:00	2018-04-07 09:10:00	J	TP	2018-04-07 03:29:39	30.0	71.0	0	23.0	70.0	2.0	6.21		BKN	BKN	OVC	600.0	2000.0	8000.0						14.0	210.0	15.0	6.21		SCT	FEW	M	2200.0	3500.0						
468906	2018-04-07 00:00:00	36.0	CSTOA	343	AIRBUS A340-312	WB	FOR	2018-04-07 02:05:00	2018-04-07 02:09:00	2018-04-07 02:18:00	LIS	2018-04-07 08:54:00	2018-04-07 08:59:00	2018-04-07 09:10:00	J	TP	2018-04-11 14:37:59	4.0	41.0	B	27.0	130.0	3.0	6.21		FEW	M	M	2000.0								13.0	180.0	7.0	6.21		FEW	FEW	M	2500.0	3500.0						
468907	2018-04-07 00:00:00	12.0	CSTOH	332	AIRBUS A330-200	WB	REC	2018-04-07 02:10:00	2018-04-07 02:34:00	2018-04-07 02:47:00	LIS	2018-04-07 09:52:00	2018-04-07 09:56:00	2018-04-07 09:35:00	J	TP	2018-04-07 02:59:31	18.0	35.0	A	25.0	0.0	0.0	6.21		SCT	BKN	M	1500.0	5000.0							14.0	210.0	13.0	6.21		FEW	SCT	FEW	1800.0	2200.0	3500.0					
468908	2018-04-07 00:00:00	21.0	CSTOM	332	AIRBUS A330-200	WB	SSA	2018-04-07 02:20:00	2018-04-07 02:26:00	2018-04-07 02:35:00	LIS	2018-04-07 10:19:00	2018-04-07 10:25:00	2018-04-07 10:25:00	J	TP	2018-04-07 02:37:41	6.0	93.0	0	28.0	100.0	9.0	6.21		FEW	M	M	2000.0								14.0	210.0	15.0	6.21		SCT	FEW	M	2200.0	3500.0						
468909	2018-04-07 00:00:00	208.0	CSTOV	333	AIRBUS A330-300	WB	JFK	2018-04-07 03:25:00	2018-04-07 04:04:00	2018-04-07 04:27:00	LIS	2018-04-07 10:21:00	2018-04-07 10:27:00	2018-04-07 10:15:00	J	TP	2018-04-07 04:45:29	19.0	85.0	0		0.0	0.0	8.0		BKN	M	M	11000.0								14.0	210.0	15.0	6.21		SCT	FEW	M	2200.0	3500.0						
468910	2018-04-07 00:00:00	1311.0	CSTJF	321	AIRBUS A321-211	NB	BUD	2018-04-07 03:40:00	2018-04-07 04:04:00	2018-04-07 04:11:00	LIS	2018-04-07 07:42:00	2018-04-07 07:47:00	2018-04-07 07:25:00	J	TP	2018-04-11 08:32:59	24.0	82.0	0	9.0		2.0	6.21		BKN	M	M	4800.0								11.0	210.0	5.0	6.21		FEW	FEW	M	800.0	3000.0						
468911	2018-04-07 00:00:00	262.0	CSTOG	332	AIRBUS A330-200	WB	YYZ	2018-04-07 03:55:00	2018-04-07 03:56:00	2018-04-07 04:26:00	LIS	2018-04-07 10:41:00	2018-04-07 10:45:00	2018-04-07 10:50:00	J	TP	2018-04-10 14:43:59	1.0	89.0	0	-2.0	300.0	17.0	15.0	24.0	FEW	M	M	9000.0								14.0	210.0	15.0	6.21		SCT	FEW	M	2200.0	3500.0						
468912	2018-04-07 00:00:00	473.0	CSTTX	E95	EMBRAER 195	PGA	LYS	2018-04-07 04:00:00	2018-04-07 04:02:00	2018-04-07 04:15:00	LIS	2018-04-07 06:22:00	2018-04-07 06:26:00	2018-04-07 06:30:00	J	NI	2018-04-07 08:48:59	2.0	16.0	0	13.0	140.0	10.0	6.21		M	M	M									9.0		1.0	6.21		FEW	FEW	SCT	800.0	2000.0	4000.0					
468913	2018-04-07 00:00:00	527.0	CSTPT	E90	EMBRAER 190	PGA	STR	2018-04-07 04:00:00	2018-04-07 04:00:00	2018-04-07 04:10:00	LIS	2018-04-07 06:54:00	2018-04-07 07:00:00	2018-04-07 07:10:00	J	NI					2.0		1.0	6.21		M	M	M									10.0	200.0	5.0	6.21		FEW	FEW	BKN	400.0	2500.0	4700.0					
468914	2018-04-07 00:00:00	567.0	CSTTI	319	AIRBUS A319-111	NB	HAM	2018-04-07 04:00:00	2018-04-07 03:55:00	2018-04-07 04:05:00	LIS	2018-04-07 07:14:00	2018-04-07 07:18:00	2018-04-07 07:30:00	J	TP					6.0	120.0	8.0	6.21		M	M	M									10.0	230.0	3.0	6.21		FEW	FEW	M	800.0	3000.0						
468915	2018-04-07 00:00:00	753.0	CSTNP	320	AIRBUS A320-211	NB	CPH	2018-04-07 04:00:00	2018-04-07 04:06:00	2018-04-07 04:17:00	LIS	2018-04-07 07:45:00	2018-04-07 07:48:00	2018-04-07 07:45:00	J	TP	2018-04-07 08:46:59	6.0	37.0	A	4.0	130.0	11.0	6.21		M	M	M									11.0	210.0	5.0	6.21		FEW	FEW	M	800.0	3000.0						
468916	2018-04-07 00:00:00	791.0	CSTNR	320	AIRBUS A320-211	NB	HEL	2018-04-07 04:00:00	2018-04-07 04:03:00	2018-04-07 04:15:00	LIS	2018-04-07 09:08:00	2018-04-07 09:11:00	2018-04-07 08:55:00	J	TP	2018-04-07 04:24:28	3.0	87.0	0	0.0	280.0	9.0	6.21		M	M	M									13.0	180.0	7.0	6.21		FEW	FEW	M	2500.0	3500.0						
468917	2018-04-07 00:00:00	821.0	INEOW	738	BOEING 737-800		MXP	2018-04-07 04:05:00	2018-04-07 04:04:00	2018-04-07 04:24:00	LIS	2018-04-07 06:57:00	2018-04-07 07:02:00	2018-04-07 07:00:00	J	TP					8.0	20.0	5.0	4.97		NSC	M	M									10.0	200.0	5.0	6.21		FEW	FEW	BKN	400.0	2500.0	4700.0					
468918	2018-04-07 00:00:00	949.0	CSTNJ	320	AIRBUS A320-211	NB	GVA	2018-04-07 04:10:00	2018-04-07 04:16:00	2018-04-07 04:24:00	LIS	2018-04-07 06:33:00	2018-04-07 06:33:00	2018-04-07 06:45:00	J	TP	2018-04-07 13:03:13	6.0	15.0	D	4.0		1.0	6.21		M	M	M									9.0		1.0	6.21		FEW	FEW	SCT	800.0	2000.0	4000.0					
468919	2018-04-07 00:00:00	499.0	CSTPR	E90	EMBRAER 190	PGA	TLS	2018-04-07 04:15:00	2018-04-07 06:19:00	2018-04-07 06:29:00	LIS	2018-04-07 08:05:00	2018-04-07 08:10:00	2018-04-07 06:15:00	J	NI	2018-04-07 08:45:59	16.0	84.0	0	13.0	130.0	23.0	6.21	37.0	FEW	M	M	1100.0								11.0	210.0	5.0	6.21		FEW	FEW	M	800.0	3000.0						
468920	2018-04-07 00:00:00	571.0	CSTTK	319	AIRBUS A319-111	NB	FRA	2018-04-07 04:15:00	2018-04-07 04:12:00	2018-04-07 04:27:00	LIS	2018-04-07 07:22:00	2018-04-07 07:26:00	2018-04-07 07:25:00	J	TP					4.0	40.0	8.0	6.21		M	M	M									10.0	230.0	3.0	6.21		FEW	FEW	M	800.0	3000.0						
468921	2018-04-07 00:00:00	837.0	CSTTU	319	AIRBUS A319-111	NB	FCO	2018-04-07 04:15:00	2018-04-07 04:15:00	2018-04-07 04:26:00	LIS	2018-04-07 07:09:00	2018-04-07 07:14:00	2018-04-07 07:20:00	J	TP					8.0	80.0	3.0	6.21		M	M	M									10.0	200.0	5.0	6.21		FEW	FEW	BKN	400.0	2500.0	4700.0					
468922	2018-04-07 00:00:00	1235.0	CSTNS	320	AIRBUS A320-211	NB	DME	2018-04-07 04:15:00	2018-04-07 04:22:00	2018-04-07 04:35:00	LIS	2018-04-07 10:04:00	2018-04-07 10:13:00	2018-04-07 10:10:00	J	TP	2018-04-23 10:23:59	7.0	19.0	B	4.0	250.0	9.72	6.21	19.44	BKN	M	M	4500.0								14.0	210.0	13.0	6.21		FEW	SCT	FEW	1800.0	2200.0	3500.0					
468923	2018-04-07 00:00:00	1943.0	CSTTS	319	AIRBUS A319-111	NB	OPO	2018-04-07 04:15:00	2018-04-07 04:22:00	2018-04-07 04:31:00	LIS	2018-04-07 05:04:00	2018-04-07 05:10:00	2018-04-07 05:10:00	J	TP	2018-04-11 17:54:59	7.0	32.0	0	10.0	170.0	11.0	6.21		FEW	BKN	BKN	1200.0	1700.0	4000.0						8.0	0.0	0.0	6.21		FEW	FEW	M	2000.0	2500.0						
468924	2018-04-07 00:00:00	641.0	CSTTF	319	AIRBUS A319-111	NB	BRU	2018-04-07 04:20:00	2018-04-07 04:22:00	2018-04-07 04:29:00	LIS	2018-04-07 07:01:00	2018-04-07 07:06:00	2018-04-07 07:10:00	J	TP	2018-04-07 08:49:59	2.0	89.0	0	8.0	110.0	5.0	6.21		M	M	M									10.0	200.0	5.0	6.21		FEW	FEW	BKN	400.0	2500.0	4700.0					
468925	2018-04-07 00:00:00	929.0	CSTNX	320	AIRBUS A320-211	NB	ZRH	2018-04-07 04:20:00	2018-04-07 04:23:00	2018-04-07 04:39:00	LIS	2018-04-07 07:12:00	2018-04-07 07:15:00	2018-04-07 07:10:00	J	TP	2018-04-07 04:42:25	3.0	82.0	0	2.0	0.0	0.0	6.21		M	M	M									10.0	200.0	5.0	6.21		FEW	FEW	BKN	400.0	2500.0	4700.0					
468926	2018-04-07 00:00:00	1095.0	CSDJH	AT7	ATR 72	WI	VLC	2018-04-07 04:20:00	2018-04-07 05:33:00	2018-04-07 05:38:00	LIS	2018-04-07 07:34:00	2018-04-07 07:38:00	2018-04-07 06:35:00	J	WI	2018-04-07 05:41:29	13.0	81.0	0	12.0	310.0	4.0	6.21		FEW	M	M	3000.0								10.0	230.0	3.0	6.21		FEW	FEW	M	800.0	3000.0						
468927	2018-04-07 00:00:00	587.0	CSTPU	E90	EMBRAER 190	PGA	CGN	2018-04-07 04:25:00	2018-04-07 04:35:00	2018-04-07 04:42:00	LIS	2018-04-07 07:30:00	2018-04-07 07:35:00	2018-04-07 07:35:00	J	NI	2018-04-07 05:02:34	10.0	64.0	0	8.0	100.0	5.0	6.21		M	M	M									10.0	230.0	3.0	6.21		FEW	FEW	M	800.0	3000.0						
468928	2018-04-07 00:00:00	447.0	CSTNK	320	AIRBUS A320-211	NB	ORY	2018-04-07 04:30:00	2018-04-07 04:26:00	2018-04-07 04:33:00	LIS	2018-04-07 06:45:00	2018-04-07 06:48:00	2018-04-07 07:00:00	J	TP					11.0	170.0	3.0	6.21		M	M	M									10.0	200.0	5.0	6.21		FEW	FEW	BKN	400.0	2500.0	4700.0					
468929	2018-04-07 00:00:00	1431.0	CSDJD	AT7	ATR 72	WI	TNG	2018-04-07 04:35:00	2018-04-07 04:35:00	2018-04-07 04:45:00	LIS	2018-04-07 05:59:00	2018-04-07 06:05:00	2018-04-07 06:05:00	J	WI					11.0	340.0	8.0	2.49		SCT	BKN	M	1000.0	1600.0							9.0		1.0	6.21		FEW	FEW	M	1100.0	2000.0						
468930	2018-04-07 00:00:00	1137.0	CSDJC	AT7	ATR 72	WI	AGP	2018-04-07 04:40:00	2018-04-07 04:38:00	2018-04-07 04:47:00	LIS	2018-04-07 05:56:00	2018-04-07 06:00:00	2018-04-07 06:15:00	J	WI					14.0	280.0	9.0	6.21		FEW	M	M	5500.0								9.0		1.0	6.21		FEW	FEW	M	1100.0	2000.0						
468931	2018-04-07 00:00:00	361.0	CSTTO	319	AIRBUS A319-111	NB	LHR	2018-04-07 05:00:00	2018-04-07 05:09:00	2018-04-07 05:23:00	LIS	2018-04-07 07:39:00	2018-04-07 07:44:00	2018-04-07 07:35:00	J	TP	2018-04-07 05:39:42	9.0	39.0	C	9.0	70.0	5.0	6.21		NCD	M	M									10.0	230.0	3.0	6.21		FEW	FEW	M	800.0	3000.0						
468932	2018-04-07 00:00:00	459.0	CSTTH	319	AIRBUS A319-111	NB	ORY	2018-04-07 05:00:00	2018-04-07 04:51:00	2018-04-07 05:02:00	OPO	2018-04-07 07:03:00	2018-04-07 07:10:00	2018-04-07 07:05:00	J	TP					11.0	160.0	4.0	6.21		M	M	M									10.0	170.0	12.0	6.21		FEW	FEW	SCT	1500.0	2000.0	2500.0					
468933	2018-04-07 00:00:00	669.0	CSTTJ	319	AIRBUS A319-111	NB	AMS	2018-04-07 05:00:00	2018-04-07 05:05:00	2018-04-07 05:18:00	LIS	2018-04-07 08:01:00	2018-04-07 08:05:00	2018-04-07 08:00:00	J	TP	2018-04-07 08:47:59	5.0	89.0	0	9.0	130.0	10.0	6.21		M	M	M									11.0	210.0	5.0	6.21		FEW	FEW	M	800.0	3000.0						
468934	2018-04-07 00:00:00	781.0	CSTNU	320	AIRBUS A320-211	NB	ARN	2018-04-07 05:00:00	2018-04-07 04:56:00	2018-04-07 05:05:00	LIS	2018-04-07 09:34:00	2018-04-07 09:37:00	2018-04-07 09:25:00	J	TP					-2.0	170.0	4.0	6.21		M	M	M									13.0	200.0	10.0	6.21		FEW	FEW	M	1600.0	3500.0						
468935	2018-04-07 00:00:00	1101.0	CSDJE	AT7	ATR 72	WI	SVQ	2018-04-07 05:00:00	2018-04-07 04:55:00	2018-04-07 05:00:00	LIS	2018-04-07 05:53:00	2018-04-07 05:57:00	2018-04-07 06:10:00	J	WI					11.0	110.0	2.0	6.21		FEW	M	M	4700.0								9.0		1.0	6.21		FEW	FEW	M	1100.0	2000.0						
468936	2018-04-07 00:00:00	1670.0	CSTMW	320	AIRBUS A320-211	NB	FNC	2018-04-07 05:00:00	2018-04-07 04:43:00	2018-04-07 04:50:00	LIS	2018-04-07 06:15:00	2018-04-07 06:22:00	2018-04-07 06:35:00	J	TP					15.0	220.0	4.0	6.21		FEW	M	M	1600.0								9.0		1.0	6.21		FEW	FEW	SCT	800.0	2000.0	4000.0					
468937	2018-04-07 00:00:00	1900.0	CSTJG	321	AIRBUS A321-211	NB	FAO	2018-04-07 05:00:00	2018-04-07 05:02:00	2018-04-07 05:13:00	LIS	2018-04-07 05:43:00	2018-04-07 05:48:00	2018-04-07 05:45:00	J	TP	2018-04-07 05:25:40	2.0	65.0	0	12.0		2.0	6.21		FEW	M	M	4000.0								9.0		1.0	6.21		FEW	FEW	M	1100.0	2000.0						
468938	2018-04-07 00:00:00	1711.0	CSTTC	319	AIRBUS A319-111	NB	OPO	2018-04-07 05:05:00	2018-04-07 05:17:00	2018-04-07 05:25:00	FNC	2018-04-07 06:58:00	2018-04-07 07:00:00	2018-04-07 07:00:00	J	TP	2018-04-07 05:32:33	5.0	89.0	0	10.0	170.0	13.0	6.21		FEW	BKN	BKN	1300.0	1900.0	4500.0						15.0	300.0	6.0	6.21		FEW	M	M	1600.0							
468939	2018-04-07 00:00:00	1065.0	CSDJB	AT7	ATR 72	WI	BIO	2018-04-07 05:10:00	2018-04-07 05:02:00	2018-04-07 05:12:00	LIS	2018-04-07 07:05:00	2018-04-07 07:09:00	2018-04-07 07:20:00	J	WI					14.0	160.0	4.0	6.21		FEW	BKN	M	4000.0	5000.0							10.0	200.0	5.0	6.21		FEW	FEW	BKN	400.0	2500.0	4700.0					
468940	2018-04-07 00:00:00	1921.0	CSTPS	E90	EMBRAER 190	PGA	OPO	2018-04-07 05:15:00	2018-04-07 05:24:00	2018-04-07 05:34:00	LIS	2018-04-07 06:08:00	2018-04-07 06:13:00	2018-04-07 06:15:00	J	NI	2018-04-07 05:38:40	9.0	85.0	C	10.0	170.0	13.0	6.21		FEW	BKN	BKN	1300.0	1900.0	4500.0						9.0		1.0	6.21		FEW	FEW	M	1100.0	2000.0						
468941	2018-04-07 00:00:00	452.0	CSTTP	319	AIRBUS A319-111	NB	OPO	2018-04-07 05:30:00	2018-04-07 05:30:00	2018-04-07 05:40:00	ORY	2018-04-07 07:27:00	2018-04-07 07:32:00	2018-04-07 07:35:00	J	TP					10.0	170.0	13.0	6.21		FEW	BKN	BKN	1300.0	1900.0	4500.0						13.0	180.0	7.0	6.21		M	M	M								
468942	2018-04-07 00:00:00	818.0	CSTTG	319	AIRBUS A319-111	NB	OPO	2018-04-07 05:30:00	2018-04-07 05:48:00	2018-04-07 06:01:00	MXP	2018-04-07 08:01:00	2018-04-07 08:05:00	2018-04-07 08:05:00	J	TP	2018-04-07 06:04:43	8.0	82.0	0	10.0	160.0	12.0	6.21		FEW	BKN	M	1200.0	2700.0							14.0	360.0	5.0	6.21		BKN	M	M	2700.0							
468943	2018-04-07 00:00:00	834.0	CSTNQ	320	AIRBUS A320-211	NB	LIS	2018-04-07 05:30:00	2018-04-07 05:33:00	2018-04-07 05:43:00	FCO	2018-04-07 08:18:00	2018-04-07 08:25:00	2018-04-07 08:20:00	J	TP	2018-04-07 05:45:59	3.0	82.0	0	8.0	0.0	0.0	6.21		FEW	FEW	M	400.0	2000.0							17.0	110.0	4.0	6.21		M	M	M								
468944	2018-04-07 00:00:00	1030.0	FHBAL	319	AIRBUS A319-111	NB	OPO	2018-04-07 05:30:00	2018-04-07 05:36:00	2018-04-07 05:47:00	BCN	2018-04-07 07:29:00	2018-04-07 07:34:00	2018-04-07 07:15:00	J	TP	2018-04-07 06:04:42	6.0	39.0	C	10.0	170.0	13.0	6.21		FEW	BKN	BKN	1300.0	1900.0	4500.0						14.0	60.0	19.0	6.21		FEW	SCT	M	2000.0	2500.0						
468945	2018-04-07 00:00:00	1044.0	CSTJE	321	AIRBUS A321-211	NB	LIS	2018-04-07 05:45:00	2018-04-07 06:24:00	2018-04-07 06:37:00	BCN	2018-04-07 08:04:00	2018-04-07 08:13:00	2018-04-07 07:35:00	J	TP	2018-04-07 06:39:59	21.0	89.0	0	9.0		1.0	6.21		FEW	FEW	SCT	800.0	2000.0	4000.0						14.0	60.0	19.0	6.21		FEW	M	M	2200.0							
468946	2018-04-07 00:00:00	443.0	CSTTR	319	AIRBUS A319-111	NB	ORY	2018-04-07 05:50:00	2018-04-07 06:01:00	2018-04-07 06:09:00	LIS	2018-04-07 08:21:00	2018-04-07 08:26:00	2018-04-07 08:20:00	J	TP	2018-04-07 06:23:36	11.0	84.0	0	12.0	170.0	5.0	6.21		M	M	M									12.0	200.0	6.0	6.21		FEW	FEW	M	2500.0	3500.0						
468947	2018-04-07 00:00:00	1026.0	CSTTS	319	AIRBUS A319-111	NB	LIS	2018-04-07 05:55:00	2018-04-07 06:04:00	2018-04-07 06:20:00	MAD	2018-04-07 07:09:00	2018-04-07 07:13:00	2018-04-07 07:10:00	J	TP	2018-04-07 06:23:59	9.0	85.0	C	9.0		1.0	6.21		FEW	FEW	M	1100.0	2000.0							9.0	190.0	5.0	6.21		FEW	BKN	M	1700.0	3300.0						
468948	2018-04-07 00:00:00	344.0	CSTPO	E90	EMBRAER 190	PGA	LIS	2018-04-07 06:00:00	2018-04-07 06:00:00	2018-04-07 06:16:00	LCY	2018-04-07 08:21:00	2018-04-07 08:25:00	2018-04-07 08:40:00	J	NI					9.0		1.0	6.21		FEW	FEW	M	1100.0	2000.0							11.0		2.0	6.21		NCD	M	M								
468949	2018-04-07 00:00:00	762.0	CSTNT	320	AIRBUS A320-211	NB	LIS	2018-04-07 06:00:00	2018-04-07 06:17:00	2018-04-07 06:30:00	OSL	2018-04-07 09:46:00	2018-04-07 09:54:00	2018-04-07 10:00:00	J	TP	2018-04-07 06:35:59	7.0	32.0	A	9.0		1.0	6.21		FEW	FEW	SCT	800.0	2000.0	4000.0						2.0	40.0	4.0	6.21		BKN	M	M	4700.0							
468950	2018-04-07 00:00:00	922.0	CSTPP	E90	EMBRAER 190	PGA	OPO	2018-04-07 06:00:00	2018-04-07 06:03:00	2018-04-07 06:14:00	ZRH	2018-04-07 08:28:00	2018-04-07 08:38:00	2018-04-07 08:30:00	J	NI	2018-04-07 06:18:30	3.0	89.0	0	10.0	160.0	12.0	6.21		FEW	BKN	M	1200.0	2700.0							12.0	340.0	4.0	6.21		M	M	M								
468951	2018-04-07 00:00:00	1926.0	CSDJA	AT7	ATR 72	WI	LIS	2018-04-07 06:00:00	2018-04-07 06:01:00	2018-04-07 06:18:00	OPO	2018-04-07 07:10:00	2018-04-07 07:13:00	2018-04-07 07:00:00	J	WI	2018-04-07 06:26:59	1.0	89.0	0	9.0		1.0	6.21		FEW	FEW	M	1100.0	2000.0							10.0	170.0	12.0	6.21		FEW	FEW	SCT	1500.0	2000.0	2500.0					
468952	2018-04-07 00:00:00	336.0	CSTTW	E95	EMBRAER 195	PGA	LIS	2018-04-07 06:05:00	2018-04-07 06:25:00	2018-04-07 06:40:00	LGW	2018-04-07 08:43:00	2018-04-07 08:48:00	2018-04-07 08:45:00	J	NI	2018-04-07 06:41:59	20.0	82.0	0	9.0		1.0	6.21		FEW	FEW	SCT	800.0	2000.0	4000.0						14.0	160.0	7.0	6.21		BKN	M	M	4000.0							
468953	2018-04-07 00:00:00	1672.0	CSTTA	319	AIRBUS A319-111	NB	FNC	2018-04-07 06:05:00	2018-04-07 06:34:00	2018-04-07 06:43:00	LIS	2018-04-07 08:15:00	2018-04-07 08:19:00	2018-04-07 07:45:00	J	TP	2018-04-07 06:44:36	29.0	84.0	0	15.0	260.0	11.0	6.21		FEW	M	M	1600.0								12.0	200.0	6.0	6.21		FEW	FEW	M	2500.0	3500.0						
468954	2018-04-07 00:00:00	1710.0	CSTTB	319	AIRBUS A319-111	NB	FNC	2018-04-07 06:05:00	2018-04-07 07:27:00	2018-04-07 07:41:00	OPO	2018-04-07 09:24:00	2018-04-07 09:28:00	2018-04-07 07:55:00	J	TP	2018-04-07 07:41:40	82.0	64.0	0	15.0		7.0	6.21		FEW	M	M	1600.0								12.0	180.0	11.0	6.21		FEW	FEW	BKN	2500.0	3000.0	4800.0					
468955	2018-04-07 00:00:00	284.0	CSTOB	343	AIRBUS A340-312	WB	MPM	2018-04-07 06:10:00	2018-04-07 06:47:00	2018-04-07 07:03:00	LIS	2018-04-07 17:21:00	2018-04-07 17:26:00	2018-04-07 17:05:00	J	TP	2018-04-11 08:18:59	16.0	93.0	Q	29.0	240.0	8.0	6.21		SCT	M	M	2000.0								14.0	270.0	9.0	6.21		FEW	BKN	M	1600.0	2200.0						
468956	2018-04-07 00:00:00	322.0	CSTTZ	E95	EMBRAER 195	PGA	LIS	2018-04-07 06:10:00	2018-04-07 06:39:00	2018-04-07 06:51:00	MAN	2018-04-07 09:02:00	2018-04-07 09:15:00	2018-04-07 09:00:00	J	NI	2018-04-07 06:51:59	29.0	41.0	A	9.0		1.0	6.21		FEW	FEW	SCT	800.0	2000.0	4000.0						10.0		2.0	6.21		NSC	M	M								
468957	2018-04-07 00:00:00	1933.0	CSTJH	321	AIRBUS A321-211	NB	OPO	2018-04-07 06:20:00	2018-04-07 06:35:00	2018-04-07 06:43:00	LIS	2018-04-07 07:17:00	2018-04-07 07:24:00	2018-04-07 07:20:00	J	TP	2018-04-07 06:47:41	15.0	84.0	0	10.0	170.0	14.0	6.21		SCT	M	M	2500.0								10.0	230.0	3.0	6.21		FEW	FEW	M	800.0	3000.0						
468958	2018-04-07 00:00:00	1008.0	CSTPQ	E90	EMBRAER 190	PGA	OPO	2018-04-07 06:30:00	2018-04-07 06:26:00	2018-04-07 06:41:00	MAD	2018-04-07 07:32:00	2018-04-07 07:36:00	2018-04-07 07:40:00	J	NI					10.0	170.0	14.0	6.21		SCT	M	M	2500.0								10.0	190.0	6.0	6.21		FEW	BKN	M	1700.0	3200.0						
468959	2018-04-07 00:00:00	1679.0	CSTJG	321	AIRBUS A321-211	NB	LIS	2018-04-07 06:30:00	2018-04-07 06:53:00	2018-04-07 07:03:00	FNC	2018-04-07 08:28:00	2018-04-07 08:33:00	2018-04-07 08:15:00	J	TP	2018-04-11 09:11:59	10.0	85.0	C	10.0	200.0	5.0	6.21		FEW	FEW	BKN	400.0	2500.0	4700.0						16.0	320.0	8.0	6.21		FEW	M	M	1500.0							
468960	2018-04-07 00:00:00	2388.0	CSTTM	319	AIRBUS A319-111	NB	PXO	2018-04-07 06:30:00	2018-04-07 06:41:00	2018-04-07 06:50:00	LIS	2018-04-07 08:18:00	2018-04-07 08:25:00	2018-04-07 08:00:00	G	TP	2018-04-11 08:20:59	11.0	72.0	0	14.0	310.0	14.0	6.21		FEW	M	M	1400.0								12.0	200.0	6.0	6.21		FEW	FEW	M	2500.0	3500.0						
468961	2018-04-07 00:00:00	374.0	CSTNY	320	AIRBUS A320-211	NB	LIS	2018-04-07 06:35:00	2018-04-07 06:57:00	2018-04-07 07:06:00	LHR	2018-04-07 09:32:00	2018-04-07 09:41:00	2018-04-07 09:20:00	J	TP	2018-04-07 07:11:59	22.0	84.0	0	10.0	200.0	5.0	6.21		FEW	FEW	BKN	400.0	2500.0	4700.0						15.0	160.0	11.0	6.21		NCD	M	M								
468962	2018-04-07 00:00:00	1082.0	CSDJD	AT7	ATR 72	WI	LIS	2018-04-07 06:45:00	2018-04-07 06:44:00	2018-04-07 06:53:00	LCG	2018-04-07 08:12:00	2018-04-07 08:14:00	2018-04-07 08:20:00	J	WI					9.0		1.0	6.21		FEW	FEW	SCT	800.0	2000.0	4000.0						10.0	190.0	10.0	6.21		FEW	M	M	3000.0							
468963	2018-04-07 00:00:00	822.0	CSTQD	320	AIRBUS A320-211	NB	LIS	2018-04-07 06:50:00	2018-04-07 06:51:00	2018-04-07 07:00:00	MXP	2018-04-07 09:34:00	2018-04-07 09:38:00	2018-04-07 09:25:00	J	TP	2018-04-07 07:01:59	1.0	89.0	0	10.0	200.0	5.0	6.21		FEW	FEW	BKN	400.0	2500.0	4700.0						17.0		2.0	6.21		SCT	BKN	M	2800.0	8000.0						
468964	2018-04-07 00:00:00	1106.0	CSDJE	AT7	ATR 72	WI	LIS	2018-04-07 06:50:00	2018-04-07 06:50:00	2018-04-07 06:58:00	SVQ	2018-04-07 07:48:00	2018-04-07 07:51:00	2018-04-07 08:05:00	J	WI					10.0	200.0	5.0	6.21		FEW	FEW	BKN	400.0	2500.0	4700.0						11.0	230.0	6.0	6.21		M	M	M								
468965	2018-04-07 00:00:00	492.0	CSTPS	E90	EMBRAER 190	PGA	LIS	2018-04-07 06:55:00	2018-04-07 06:59:00	2018-04-07 07:09:00	TLS	2018-04-07 08:38:00	2018-04-07 08:42:00	2018-04-07 08:45:00	J	NI	2018-04-07 07:09:59	4.0	89.0	0	10.0	200.0	5.0	6.21		FEW	FEW	BKN	400.0	2500.0	4700.0						15.0	120.0	27.0	6.21	40.0	M	M	M								
468966	2018-04-07 00:00:00	404.0	CSTPR	E90	EMBRAER 190	PGA	LIS	2018-04-07 07:00:00	2018-04-07 09:25:00	2018-04-07 09:39:00	MRS	2018-04-07 11:39:00	2018-04-07 11:44:00	2018-04-07 09:15:00	J	NI	2018-04-07 09:43:59	35.0	82.0	0	13.0	200.0	10.0	6.21		FEW	FEW	M	1600.0	3500.0							23.0	120.0	24.0	6.21		M	M	M								
468967	2018-04-07 00:00:00	434.0	CSTTD	319	AIRBUS A319-111	NB	LIS	2018-04-07 07:00:00	2018-04-07 07:14:00	2018-04-07 07:24:00	ORY	2018-04-07 09:21:00	2018-04-07 09:25:00	2018-04-07 09:25:00	J	TP	2018-04-07 07:29:59	14.0	15.0	D	10.0	200.0	5.0	6.21		FEW	FEW	BKN	400.0	2500.0	4700.0						16.0	190.0	9.0	6.21		M	M	M								
468968	2018-04-07 00:00:00	476.0	CSTPW	E90	EMBRAER 190	PGA	LIS	2018-04-07 07:00:00	2018-04-07 08:00:00	2018-04-07 08:14:00	LYS	2018-04-07 10:09:00	2018-04-07 10:14:00	2018-04-07 09:15:00	J	NI	2018-04-07 08:14:59	60.0	82.0	0	11.0	210.0	5.0	6.21		FEW	FEW	M	800.0	3000.0							15.0	100.0	7.0	6.21		M	M	M								
468969	2018-04-07 00:00:00	1272.0	CSTOX	333	AIRBUS A330-300	WB	LIS	2018-04-07 07:00:00	2018-04-07 07:06:00	2018-04-07 07:16:00	VIE	2018-04-07 10:26:00	2018-04-07 10:34:00	2018-04-07 10:20:00	J	TP	2018-04-07 07:17:59	6.0	81.0	0	10.0	200.0	5.0	6.21		FEW	FEW	BKN	400.0	2500.0	4700.0						13.0	130.0	13.0	6.21		M	M	M								
468970	2018-04-07 00:00:00	1828.0	CSTNW	320	AIRBUS A320-211	NB	TER	2018-04-07 07:00:00	2018-04-07 07:03:00	2018-04-07 07:07:00	LIS	2018-04-07 09:16:00	2018-04-07 09:20:00	2018-04-07 09:15:00	J	TP	2018-04-07 07:19:43	3.0	84.0	0	15.0			6.21		FEW	BKN	M	2000.0	3000.0							13.0	200.0	10.0	6.21		FEW	FEW	M	1600.0	3500.0						
468971	2018-04-07 00:00:00	1864.0	CSTNI	320	AIRBUS A320-211	NB	PDL	2018-04-07 07:00:00	2018-04-07 06:54:00	2018-04-07 07:08:00	LIS	2018-04-07 09:10:00	2018-04-07 09:15:00	2018-04-07 09:10:00	J	TP					15.0	320.0	11.0	6.21		FEW	BKN	M	1800.0	3000.0							13.0	180.0	7.0	6.21		FEW	FEW	M	2500.0	3500.0						
468972	2018-04-07 00:00:00	1924.0	CSDJF	AT7	ATR 72	WI	LIS	2018-04-07 07:00:00	2018-04-07 07:04:00	2018-04-07 07:14:00	OPO	2018-04-07 08:03:00	2018-04-07 08:06:00	2018-04-07 08:00:00	J	WI	2018-04-07 07:35:59	4.0	89.0	0	10.0	200.0	5.0	6.21		FEW	FEW	BKN	400.0	2500.0	4700.0						11.0	170.0	14.0	6.21		FEW	FEW	BKN	1300.0	2500.0	4000.0					
468973	2018-04-07 00:00:00	9789.0	CSTVA	320	AIRBUS A320-211	NB	XFW	2018-04-07 07:00:00	2018-04-07 07:17:00	2018-04-07 07:29:00	CHR	2018-04-07 08:59:00	2018-04-07 09:04:00	2018-04-07 08:45:00	P	TP					8.0	120.0	8.0	6.21		M	M	M									16.0	90.0	4.0	6.21		M	M	M								
468974	2018-04-07 00:00:00	371.0	CSTNH	320	AIRBUS A320-211	NB	LHR	2018-04-07 07:10:00	2018-04-07 07:08:00	2018-04-07 07:24:00	LIS	2018-04-07 09:46:00	2018-04-07 09:49:00	2018-04-07 09:50:00	J	TP					11.0	90.0	7.0	6.21		NCD	M	M									14.0	210.0	13.0	6.21		FEW	SCT	FEW	1800.0	2200.0	3500.0					
468975	2018-04-07 00:00:00	1134.0	CSDJC	AT7	ATR 72	WI	LIS	2018-04-07 07:10:00	2018-04-07 07:10:00	2018-04-07 07:22:00	AGP	2018-04-07 08:47:00	2018-04-07 08:52:00	2018-04-07 08:40:00	J	WI					10.0	200.0	5.0	6.21		FEW	FEW	BKN	400.0	2500.0	4700.0						13.0	280.0	9.0	6.21		FEW	SCT	M	2000.0	6000.0						
468976	2018-04-07 00:00:00	412.0	CSTTX	E95	EMBRAER 195	PGA	LIS	2018-04-07 07:15:00	2018-04-07 07:10:00	2018-04-07 07:32:00	NTE	2018-04-07 09:04:00	2018-04-07 09:09:00	2018-04-07 09:15:00	J	NI					10.0	200.0	5.0	6.21		FEW	FEW	BKN	400.0	2500.0	4700.0						12.0	240.0	5.0	6.21		M	M	M								
468977	2018-04-07 00:00:00	1098.0	CSDJH	AT7	ATR 72	WI	LIS	2018-04-07 07:15:00	2018-04-07 08:16:00	2018-04-07 08:30:00	VLC	2018-04-07 10:18:00	2018-04-07 10:23:00	2018-04-07 09:20:00	J	WI	2018-04-07 08:32:59	61.0	93.0	J	12.0	200.0	6.0	6.21		FEW	FEW	M	2500.0	3500.0							16.0	340.0	4.0	6.21		FEW	BKN	M	1400.0	2400.0						
468978	2018-04-07 00:00:00	562.0	CSTNM	320	AIRBUS A320-211	NB	LIS	2018-04-07 07:20:00	2018-04-07 07:20:00	2018-04-07 07:35:00	HAM	2018-04-07 10:21:00	2018-04-07 10:25:00	2018-04-07 10:35:00	J	TP					10.0	230.0	3.0	6.21		FEW	FEW	M	800.0	3000.0							14.0	150.0	18.0	6.21		M	M	M								
468979	2018-04-07 00:00:00	542.0	CSTPV	E90	EMBRAER 190	PGA	LIS	2018-04-07 07:30:00	2018-04-07 07:28:00	2018-04-07 07:49:00	DUS	2018-04-07 10:11:00	2018-04-07 10:14:00	2018-04-07 10:25:00	J	NI					10.0	230.0	3.0	6.21		FEW	FEW	M	800.0	3000.0							18.0	160.0	12.0	6.21		M	M	M								
468980	2018-04-07 00:00:00	574.0	CSTTN	319	AIRBUS A319-111	NB	LIS	2018-04-07 07:30:00	2018-04-07 07:31:00	2018-04-07 07:46:00	FRA	2018-04-07 10:09:00	2018-04-07 10:24:00	2018-04-07 10:35:00	J	TP	2018-04-07 07:53:59	1.0	89.0	0	10.0	230.0	3.0	6.21		FEW	FEW	M	800.0	3000.0							16.0	70.0	5.0	6.21		M	M	M								
468981	2018-04-07 00:00:00	952.0	CSTTQ	319	AIRBUS A319-111	NB	LIS	2018-04-07 07:30:00	2018-04-07 07:37:00	2018-04-07 07:51:00	GVA	2018-04-07 10:24:00	2018-04-07 10:28:00	2018-04-07 09:50:00	J	TP	2018-04-07 07:52:59	7.0	81.0	0	10.0	230.0	3.0	6.21		FEW	FEW	M	800.0	3000.0							16.0		2.0	6.21		M	M	M								
468982	2018-04-07 00:00:00	1941.0	CSDJA	AT7	ATR 72	WI	OPO	2018-04-07 07:30:00	2018-04-07 07:43:00	2018-04-07 07:57:00	LIS	2018-04-07 08:42:00	2018-04-07 08:45:00	2018-04-07 08:30:00	J	WI	2018-04-07 08:05:36	13.0	93.0	R	10.0	160.0	11.0	6.21		FEW	FEW	BKN	1700.0	2200.0	3000.0						12.0	200.0	6.0	6.21		FEW	FEW	M	2500.0	3500.0						
468983	2018-04-07 00:00:00	694.0	CSTNJ	320	AIRBUS A320-211	NB	LIS	2018-04-07 07:35:00	2018-04-07 07:41:00	2018-04-07 07:55:00	LUX	2018-04-07 10:06:00	2018-04-07 10:06:00	2018-04-07 10:15:00	J	TP	2018-04-07 08:08:59	6.0	89.0	0	10.0	230.0	3.0	6.21		FEW	FEW	M	800.0	3000.0							16.0	160.0	13.0	6.21		M	M	M								
468984	2018-04-07 00:00:00	784.0	CSTNL	320	AIRBUS A320-211	NB	LIS	2018-04-07 07:45:00	2018-04-07 07:53:00	2018-04-07 08:04:00	ARN	2018-04-07 11:41:00	2018-04-07 11:46:00	2018-04-07 12:00:00	J	TP	2018-04-07 08:04:59	8.0	81.0	0	11.0	210.0	5.0	6.21		FEW	FEW	M	800.0	3000.0							8.0	180.0	12.0	6.21		M	M	M								
468985	2018-04-07 00:00:00	1680.0	CSTTC	319	AIRBUS A319-111	NB	FNC	2018-04-07 07:45:00	2018-04-07 07:53:00	2018-04-07 07:59:00	LIS	2018-04-07 09:29:00	2018-04-07 09:32:00	2018-04-07 09:20:00	J	TP	2018-04-07 08:04:50	8.0	84.0	0	16.0	230.0	4.0	6.21		FEW	M	M	1600.0								13.0	200.0	10.0	6.21		FEW	FEW	M	1600.0	3500.0						
468986	2018-04-07 00:00:00	558.0	CSTNK	320	AIRBUS A320-211	NB	LIS	2018-04-07 07:50:00	2018-04-07 08:01:00	2018-04-07 08:20:00	MUC	2018-04-07 10:59:00	2018-04-07 11:07:00	2018-04-07 10:50:00	J	TP	2018-04-07 08:20:59	11.0	81.0	0	11.0	210.0	5.0	6.21		FEW	FEW	M	800.0	3000.0							16.0	90.0	4.0	6.21		M	M	M								
468987	2018-04-07 00:00:00	334.0	CSTTH	319	AIRBUS A319-111	NB	OPO	2018-04-07 07:55:00	2018-04-07 07:56:00	2018-04-07 08:13:00	LGW	2018-04-07 09:53:00	2018-04-07 09:58:00	2018-04-07 10:05:00	J	TP	2018-04-07 08:15:47	1.0	82.0	0	11.0	170.0	14.0	6.21		FEW	FEW	BKN	1300.0	2500.0	4000.0						15.0	160.0	8.0	6.21		BKN	M	M	4000.0							
468988	2018-04-07 00:00:00	832.0	CSTTF	319	AIRBUS A319-111	NB	LIS	2018-04-07 07:55:00	2018-04-07 08:06:00	2018-04-07 08:17:00	FCO	2018-04-07 10:48:00	2018-04-07 10:55:00	2018-04-07 10:50:00	J	TP	2018-04-07 08:22:59	11.0	82.0	0	11.0	210.0	5.0	6.21		FEW	FEW	M	800.0	3000.0							19.0	170.0	11.0	6.21		M	M	M								
468989	2018-04-07 00:00:00	1011.0	CSTTS	319	AIRBUS A319-111	NB	MAD	2018-04-07 07:55:00	2018-04-07 08:22:00	2018-04-07 08:36:00	LIS	2018-04-07 09:37:00	2018-04-07 09:40:00	2018-04-07 09:15:00	J	TP	2018-04-07 08:43:42	24.0	84.0	0	9.0	190.0	7.0	6.21		FEW	BKN	M	1300.0	2800.0							13.0	200.0	10.0	6.21		FEW	FEW	M	1600.0	3500.0						
468990	2018-04-07 00:00:00	1033.0	FHBAL	319	AIRBUS A319-111	NB	BCN	2018-04-07 08:00:00	2018-04-07 08:19:00	2018-04-07 08:30:00	OPO	2018-04-07 09:56:00	2018-04-07 09:59:00	2018-04-07 09:50:00	J	TP	2018-04-08 04:33:59	19.0	93.0	O	14.0	60.0	17.0	6.21	27.0	FEW	BKN	M	2200.0	3000.0							12.0	190.0	15.0	6.21		FEW	SCT	M	1500.0	3000.0						
468991	2018-04-07 00:00:00	1930.0	CSDJB	AT7	ATR 72	WI	LIS	2018-04-07 08:00:00	2018-04-07 08:05:00	2018-04-07 08:23:00	OPO	2018-04-07 09:09:00	2018-04-07 09:12:00	2018-04-07 09:00:00	J	WI	2018-04-07 08:23:59	5.0	89.0	0	11.0	210.0	5.0	6.21		FEW	FEW	M	800.0	3000.0							11.0	170.0	13.0	6.21		FEW	FEW	BKN	2000.0	2500.0	4800.0					
468992	2018-04-07 00:00:00	664.0	INEOW	738	BOEING 737-800		LIS	2018-04-07 08:05:00	2018-04-07 08:24:00	2018-04-07 08:40:00	AMS	2018-04-07 11:05:00	2018-04-07 11:11:00	2018-04-07 11:00:00	J	TP	2018-04-07 08:35:59	19.0	81.0	0	12.0	200.0	6.0	6.21		FEW	FEW	M	2500.0	3500.0							18.0	160.0	15.0	6.21		M	M	M								
468993	2018-04-07 00:00:00	1040.0	CSTTY	E95	EMBRAER 195	PGA	LIS	2018-04-07 08:05:00	2018-04-07 08:10:00	2018-04-07 08:27:00	BCN	2018-04-07 09:55:00	2018-04-07 10:03:00	2018-04-07 09:55:00	J	NI	2018-04-07 08:34:59	5.0	15.0	A	11.0	210.0	5.0	6.21		FEW	FEW	M	800.0	3000.0							15.0	60.0	20.0	6.21		FEW	BKN	M	2000.0	2600.0						
468994	2018-04-07 00:00:00	1016.0	CSTTE	319	AIRBUS A319-111	NB	LIS	2018-04-07 08:10:00	2018-04-07 08:25:00	2018-04-07 08:37:00	MAD	2018-04-07 09:28:00	2018-04-07 09:32:00	2018-04-07 09:25:00	J	TP	2018-04-07 08:40:59	15.0	15.0	A	12.0	200.0	6.0	6.21		FEW	FEW	M	2500.0	3500.0							9.0	210.0	7.0	6.21	19.0	SCT	BKN	M	1300.0	2800.0						
468995	2018-04-07 00:00:00	538.0	FHBIS	320	AIRBUS A320-211	NB	LIS	2018-04-07 08:15:00	2018-04-07 08:41:00	2018-04-07 08:55:00	TXL	2018-04-07 11:50:00	2018-04-07 11:54:00	2018-04-07 11:40:00	J	TP	2018-04-07 08:57:59	26.0	81.0	0	12.0	200.0	6.0	6.21		FEW	FEW	M	2500.0	3500.0							18.0	140.0	11.0	6.21		M	M	M								
468996	2018-04-07 00:00:00	864.0	CSTTI	319	AIRBUS A319-111	NB	LIS	2018-04-07 08:15:00	2018-04-07 08:43:00	2018-04-07 08:52:00	VCE	2018-04-07 11:46:00	2018-04-07 11:52:00	2018-04-07 11:05:00	J	TP	2018-04-07 09:00:59	28.0	81.0	0	12.0	200.0	6.0	6.21		FEW	FEW	M	2500.0	3500.0							17.0	150.0	6.0	6.21		M	M	M								
468997	2018-04-07 00:00:00	453.0	CSTTP	319	AIRBUS A319-111	NB	ORY	2018-04-07 08:20:00	2018-04-07 08:26:00	2018-04-07 08:37:00	OPO	2018-04-07 10:35:00	2018-04-07 10:38:00	2018-04-07 10:25:00	J	TP	2018-04-07 08:57:47	6.0	81.0	0	15.0	190.0	8.0	6.21		M	M	M									13.0	190.0	14.0	6.21		FEW	FEW	M	1500.0	3000.0						
468998	2018-04-07 00:00:00	1005.0	CSTPQ	E90	EMBRAER 190	PGA	MAD	2018-04-07 08:20:00	2018-04-07 08:15:00	2018-04-07 08:31:00	OPO	2018-04-07 09:18:00	2018-04-07 09:21:00	2018-04-07 09:30:00	J	NI					10.0	190.0	7.0	6.21	17.0	FEW	BKN	M	1700.0	3000.0							12.0	180.0	11.0	6.21		FEW	FEW	BKN	2500.0	3000.0	4800.0					
468999	2018-04-07 00:00:00	1553.0	CSTMW	320	AIRBUS A320-211	NB	LIS	2018-04-07 08:20:00	2018-04-07 08:45:00	2018-04-07 08:59:00	VXE	2018-04-07 12:59:00	2018-04-07 13:02:00	2018-04-07 12:40:00	J	TP	2018-04-07 08:59:59	25.0	91.0	0	12.0	200.0	6.0	6.21		FEW	FEW	M	2500.0	3500.0							25.0	60.0	25.0	5.59	36.0	SCT	SCT	M	1800.0	20000.0						
469000	2018-04-07 00:00:00	1041.0	CSTJE	321	AIRBUS A321-211	NB	BCN	2018-04-07 08:25:00	2018-04-07 09:20:00	2018-04-07 09:29:00	LIS	2018-04-07 11:16:00	2018-04-07 11:20:00	2018-04-07 10:20:00	J	TP	2018-04-07 09:37:52	11.0	84.0	0	15.0	60.0	21.0	6.21		FEW	BKN	M	2000.0	2600.0							15.0	210.0	16.0	6.21		SCT	FEW	M	2400.0	3500.0						
469001	2018-04-07 00:00:00	1454.0	CSTTU	319	AIRBUS A319-111	NB	LIS	2018-04-07 08:25:00	2018-04-07 08:31:00	2018-04-07 08:43:00	RAK	2018-04-07 09:57:00	2018-04-07 10:10:00	2018-04-07 10:00:00	J	TP	2018-04-07 08:44:59	3.0	89.0	0	12.0	200.0	6.0	6.21		FEW	FEW	M	2500.0	3500.0							11.0	140.0	3.0	3.73		SCT	BKN	M	1000.0	2000.0						
469002	2018-04-07 00:00:00	1567.0	CSTJH	321	AIRBUS A321-211	NB	LIS	2018-04-07 08:30:00	2018-04-07 08:50:00	2018-04-07 09:01:00	BVC	2018-04-07 12:51:00	2018-04-07 12:55:00	2018-04-07 12:40:00	J	TP	2018-04-07 09:03:59	20.0	91.0	0	13.0	180.0	7.0	6.21		FEW	FEW	M	2500.0	3500.0							24.0	30.0	21.0	6.21		SCT	BKN	M	1500.0	20000.0						
469003	2018-04-07 00:00:00	1907.0	CSTPU	E90	EMBRAER 190	PGA	LIS	2018-04-07 08:30:00	2018-04-07 08:34:00	2018-04-07 08:45:00	FAO	2018-04-07 09:19:00	2018-04-07 09:24:00	2018-04-07 09:15:00	J	NI	2018-04-07 08:50:59	4.0	87.0	G	12.0	200.0	6.0	6.21		FEW	FEW	M	2500.0	3500.0							16.0	200.0	12.0	6.21		FEW	FEW	BKN	1600.0	2000.0	3500.0					
469004	2018-04-07 00:00:00	1927.0	CSDJF	AT7	ATR 72	WI	OPO	2018-04-07 08:30:00	2018-04-07 08:56:00	2018-04-07 09:03:00	LIS	2018-04-07 09:59:00	2018-04-07 10:03:00	2018-04-07 09:30:00	J	WI	2018-04-07 09:09:47	20.0	84.0	0	11.0	170.0	13.0	6.21		FEW	FEW	BKN	2000.0	2500.0	4800.0						14.0	210.0	13.0	6.21		FEW	SCT	FEW	1800.0	2200.0	3500.0					
469005	2018-04-07 00:00:00	9333.0	CSTRO	320	AIRBUS A320-211	NB	LIS	2018-04-07 08:30:00	2018-04-07 08:38:00	2018-04-07 08:49:00	ACE	2018-04-07 10:37:00	2018-04-07 10:40:00	2018-04-07 10:35:00	P	WI					12.0	200.0	6.0	6.21		FEW	FEW	M	2500.0	3500.0							19.0	10.0	16.0	6.21		SCT	M	M	3700.0							
469006	2018-04-07 00:00:00	1262.0	CSTTK	319	AIRBUS A319-111	NB	LIS	2018-04-07 08:35:00	2018-04-07 09:12:00	2018-04-07 09:23:00	WAW	2018-04-07 12:50:00	2018-04-07 12:55:00	2018-04-07 12:25:00	J	TP	2018-04-07 09:27:59	37.0	81.0	0	13.0	180.0	7.0	6.21		FEW	FEW	M	2500.0	3500.0							17.0	130.0	13.0	6.21		M	M	M								
469007	2018-04-07 00:00:00	1107.0	CSDJE	AT7	ATR 72	WI	SVQ	2018-04-07 08:45:00	2018-04-07 08:48:00	2018-04-07 08:54:00	LIS	2018-04-07 09:56:00	2018-04-07 10:01:00	2018-04-07 09:55:00	J	WI	2018-04-07 08:57:46	3.0	84.0	0	12.0	250.0	7.0	6.21		SCT	M	M	1100.0								14.0	210.0	13.0	6.21		FEW	SCT	FEW	1800.0	2200.0	3500.0					
469008	2018-04-07 00:00:00	1529.0	CSTNX	320	AIRBUS A320-211	NB	LIS	2018-04-07 08:45:00	2018-04-07 08:53:00	2018-04-07 09:04:00	ACC	2018-04-07 14:13:00	2018-04-07 14:17:00	2018-04-07 14:25:00	J	TP	2018-04-07 09:11:59	8.0	15.0	A	13.0	180.0	7.0	6.21		FEW	FEW	M	2500.0	3500.0							30.0	190.0	8.0	6.21		M	M	M								
469009	2018-04-07 00:00:00	819.0	CSTTG	319	AIRBUS A319-111	NB	MXP	2018-04-07 08:50:00	2018-04-07 08:47:00	2018-04-07 09:03:00	OPO	2018-04-07 11:19:00	2018-04-07 11:22:00	2018-04-07 11:35:00	J	TP					16.0	330.0	3.0	6.21		FEW	BKN	M	2500.0	8000.0							14.0	180.0	16.0	6.21		FEW	SCT	M	1200.0	1800.0						
469010	2018-04-07 00:00:00	938.0	CSTTB	319	AIRBUS A319-111	NB	OPO	2018-04-07 08:50:00	2018-04-07 10:32:00	2018-04-07 10:47:00	GVA	2018-04-07 12:56:00	2018-04-07 12:59:00	2018-04-07 10:55:00	J	TP	2018-04-07 10:54:58	19.0	81.0	0	13.0	190.0	14.0	6.21		FEW	FEW	M	1500.0	3000.0							17.0	80.0	4.0	6.21		M	M	M								
469011	2018-04-07 00:00:00	440.0	CSTTJ	319	AIRBUS A319-111	NB	LIS	2018-04-07 08:55:00	2018-04-07 09:01:00	2018-04-07 09:09:00	ORY	2018-04-07 11:04:00	2018-04-07 11:27:00	2018-04-07 11:20:00	J	TP	2018-04-07 09:15:59	6.0	85.0	C	13.0	180.0	7.0	6.21		FEW	FEW	M	2500.0	3500.0							19.0	190.0	7.0	6.21		M	M	M								
469012	2018-04-07 00:00:00	103.0	CSTOW	333	AIRBUS A330-300	WB	LIS	2018-04-07 09:00:00	2018-04-07 10:16:00	2018-04-07 10:36:00	CNF	2018-04-07 19:56:00	2018-04-07 20:02:00	2018-04-07 18:30:00	J	TP	2018-04-07 10:51:59	21.0	5.0	0	14.0	210.0	15.0	6.21		SCT	FEW	M	2200.0	3500.0							24.0	360.0	4.0	6.21		SCT	FEW	BKN	3500.0	4000.0	10000.0					
469013	2018-04-07 00:00:00	1085.0	CSDJD	AT7	ATR 72	WI	LCG	2018-04-07 09:00:00	2018-04-07 09:20:00	2018-04-07 09:30:00	LIS	2018-04-07 10:53:00	2018-04-07 10:58:00	2018-04-07 10:40:00	J	WI	2018-04-07 14:12:59	20.0	84.0	0	12.0	180.0	13.0	6.21		FEW	M	M	2500.0								14.0	210.0	16.0	6.21		SCT	FEW	M	2200.0	3500.0						
469014	2018-04-07 00:00:00	1674.0	CSTJG	321	AIRBUS A321-211	NB	FNC	2018-04-07 09:00:00	2018-04-07 09:19:00	2018-04-07 09:27:00	LIS	2018-04-07 10:55:00	2018-04-07 11:00:00	2018-04-07 10:35:00	J	TP	2018-04-07 09:28:57	1.0	84.0	0	18.0	360.0	7.0	6.21		SCT	M	M	1500.0								14.0	210.0	16.0	6.21		SCT	FEW	M	2200.0	3500.0						
469015	2018-04-07 00:00:00	1944.0	CSDJA	AT7	ATR 72	WI	LIS	2018-04-07 09:00:00	2018-04-07 09:17:00	2018-04-07 09:33:00	OPO	2018-04-07 10:20:00	2018-04-07 10:25:00	2018-04-07 10:00:00	J	WI	2018-04-07 09:17:59	2.0	89.0	0	13.0	200.0	10.0	6.21		FEW	FEW	M	1600.0	3500.0							13.0	190.0	14.0	6.21		FEW	FEW	M	1500.0	3000.0						
469016	2018-04-07 00:00:00	366.0	CSTNP	320	AIRBUS A320-211	NB	LIS	2018-04-07 09:05:00	2018-04-07 09:45:00	2018-04-07 09:57:00	LHR	2018-04-07 12:04:00	2018-04-07 12:15:00	2018-04-07 11:45:00	J	TP	2018-04-07 10:02:59	40.0	84.0	0	13.0	200.0	10.0	6.21		FEW	FEW	M	1600.0	3500.0							16.0	180.0	14.0	6.21		OVC	M	M	2600.0							
469017	2018-04-07 00:00:00	349.0	CSTPO	E90	EMBRAER 190	PGA	LCY	2018-04-07 09:10:00	2018-04-07 09:02:00	2018-04-07 09:06:00	LIS	2018-04-07 11:35:00	2018-04-07 11:40:00	2018-04-07 11:45:00	J	NI					12.0	70.0	4.0	6.21		NCD	M	M									15.0	210.0	16.0	6.21		SCT	FEW	M	2400.0	3500.0						
469018	2018-04-07 00:00:00	841.0	CSTNQ	320	AIRBUS A320-211	NB	FCO	2018-04-07 09:10:00	2018-04-07 09:19:00	2018-04-07 09:32:00	LIS	2018-04-07 12:22:00	2018-04-07 12:25:00	2018-04-07 12:15:00	J	TP	2018-04-10 14:45:59	1.0	89.0	0	19.0	160.0	7.0	6.21		M	M	M									14.0	220.0	13.0	6.21		FEW	SCT	FEW	1600.0	3000.0	3500.0					
469019	2018-04-07 00:00:00	923.0	CSTPP	E90	EMBRAER 190	PGA	ZRH	2018-04-07 09:15:00	2018-04-07 09:18:00	2018-04-07 09:28:00	OPO	2018-04-07 11:43:00	2018-04-07 11:47:00	2018-04-07 11:50:00	J	NI	2018-04-07 09:32:45	3.0	82.0	0	14.0		2.0	6.21		M	M	M									13.0	200.0	14.0	6.21		SCT	BKN	M	1400.0	4800.0						
469020	2018-04-07 00:00:00	1133.0	CSDJC	AT7	ATR 72	WI	AGP	2018-04-07 09:20:00	2018-04-07 09:31:00	2018-04-07 09:42:00	LIS	2018-04-07 11:04:00	2018-04-07 11:09:00	2018-04-07 11:00:00	J	WI	2018-04-07 09:47:53	11.0	93.0	0	14.0	280.0	12.0	6.21		FEW	SCT	M	2000.0	8000.0							14.0	210.0	16.0	6.21		SCT	FEW	M	2200.0	3500.0						
469021	2018-04-07 00:00:00	491.0	CSTPS	E90	EMBRAER 190	PGA	TLS	2018-04-07 09:25:00	2018-04-07 09:29:00	2018-04-07 09:39:00	LIS	2018-04-07 11:25:00	2018-04-07 11:30:00	2018-04-07 11:25:00	J	NI	2018-04-10 14:46:59	4.0	85.0	0	16.0	120.0	24.0	6.21	37.0	FEW	M	M	1600.0								15.0	210.0	16.0	6.21		SCT	FEW	M	2400.0	3500.0						
469022	2018-04-07 00:00:00	1931.0	CSDJB	AT7	ATR 72	WI	OPO	2018-04-07 09:30:00	2018-04-07 09:40:00	2018-04-07 09:49:00	LIS	2018-04-07 10:38:00	2018-04-07 10:42:00	2018-04-07 10:30:00	J	WI	2018-04-07 09:51:58	10.0	93.0	0	12.0	180.0	11.0	6.21		FEW	FEW	BKN	2500.0	3000.0	4800.0						14.0	210.0	15.0	6.21		SCT	FEW	M	2200.0	3500.0						
469023	2018-04-07 00:00:00	223.0	CSTOU	333	AIRBUS A330-300	WB	LIS	2018-04-07 09:35:00	2018-04-07 09:33:00	2018-04-07 09:45:00	MIA	2018-04-07 18:48:00	2018-04-07 18:51:00	2018-04-07 18:30:00	J	TP					13.0	200.0	10.0	6.21		FEW	FEW	M	1600.0	3500.0								180.0	10.0	10.0		BKN	M	M	4200.0							
469024	2018-04-07 00:00:00	339.0	CSTTW	E95	EMBRAER 195	PGA	LGW	2018-04-07 09:35:00	2018-04-07 09:44:00	2018-04-07 10:16:00	LIS	2018-04-07 12:47:00	2018-04-07 12:52:00	2018-04-07 12:15:00	J	NI	2018-04-11 08:24:59	5.0	89.0	0	15.0	160.0	8.0	6.21		BKN	M	M	4000.0								11.0	230.0	18.0	6.21	28.0	FEW	SCT	FEW	1600.0	3000.0	3500.0					
469025	2018-04-07 00:00:00	1116.0	CSTTA	319	AIRBUS A319-111	NB	LIS	2018-04-07 09:40:00	2018-04-07 09:47:00	2018-04-07 10:00:00	LPA	2018-04-07 11:53:00	2018-04-07 11:57:00	2018-04-07 12:00:00	J	TP	2018-04-07 10:09:59	7.0	85.0	C	14.0	210.0	13.0	6.21		FEW	SCT	FEW	1800.0	2200.0	3500.0						20.0	30.0	22.0	6.21		FEW	BKN	M	3300.0	5500.0						
469026	2018-04-07 00:00:00	1671.0	CSTNN	320	AIRBUS A320-211	NB	LIS	2018-04-07 09:40:00	2018-04-07 10:04:00	2018-04-07 10:15:00	FNC	2018-04-07 11:35:00	2018-04-07 11:40:00	2018-04-07 11:25:00	J	TP	2018-04-07 10:25:59	9.0	87.0	E	14.0	210.0	13.0	6.21		FEW	SCT	FEW	1800.0	2200.0	3500.0						18.0		7.0	6.21		BKN	M	M	1500.0							
469027	2018-04-07 00:00:00	323.0	CSTTZ	E95	EMBRAER 195	PGA	MAN	2018-04-07 09:45:00	2018-04-07 09:58:00	2018-04-07 10:14:00	LIS	2018-04-07 12:54:00	2018-04-07 13:00:00	2018-04-07 12:40:00	J	NI	2018-04-11 08:21:59	13.0	93.0	H	10.0	20.0	4.0	4.97		FEW	M	M	4800.0								11.0	230.0	18.0	6.21	28.0	FEW	SCT	FEW	1600.0	3000.0	3500.0					
469028	2018-04-07 00:00:00	117.0	CSTOL	332	AIRBUS A330-200	WB	LIS	2018-04-07 09:55:00	2018-04-07 10:11:00	2018-04-07 10:23:00	POA	2018-04-07 21:32:00	2018-04-07 21:36:00	2018-04-07 21:15:00	J	TP	2018-04-07 10:26:59	16.0	5.0	0	14.0	210.0	13.0	6.21		FEW	SCT	FEW	1800.0	2200.0	3500.0						26.0	110.0	3.0	6.21		M	M	M								
469029	2018-04-07 00:00:00	217.0	CSTOP	332	AIRBUS A330-200	WB	LIS	2018-04-07 09:55:00	2018-04-07 10:01:00	2018-04-07 10:18:00	BOS	2018-04-07 17:43:00	2018-04-07 17:51:00	2018-04-07 17:20:00	J	TP	2018-04-07 10:19:59	3.0	89.0	0	14.0	210.0	13.0	6.21		FEW	SCT	FEW	1800.0	2200.0	3500.0							260.0	12.0	10.0		FEW	FEW	M	4500.0	11000.0						
469030	2018-04-07 00:00:00	413.0	CSTTX	E95	EMBRAER 195	PGA	NTE	2018-04-07 09:55:00	2018-04-07 10:02:00	2018-04-07 10:09:00	LIS	2018-04-07 12:01:00	2018-04-07 12:05:00	2018-04-07 11:55:00	J	NI	2018-04-10 14:46:59	7.0	81.0	0	13.0		3.0	6.21		M	M	M									12.0	250.0	11.0	6.21		FEW	SCT	FEW	1600.0	2500.0	3000.0					
469031	2018-04-07 00:00:00	471.0	CSTPW	E90	EMBRAER 190	PGA	LYS	2018-04-07 09:55:00	2018-04-07 12:13:00	2018-04-07 12:24:00	LIS	2018-04-07 14:29:00	2018-04-07 14:33:00	2018-04-07 12:25:00	J	NI	2018-04-07 12:50:05	89.0	81.0	0	19.0	160.0	10.0	6.21		M	M	M									11.0	220.0	10.0	6.21		SCT	BKN	M	2200.0	4800.0						
469032	2018-04-07 00:00:00	1038.0	CSTNI	320	AIRBUS A320-211	NB	LIS	2018-04-07 09:55:00	2018-04-07 10:16:00	2018-04-07 10:27:00	BCN	2018-04-07 11:53:00	2018-04-07 12:00:00	2018-04-07 11:45:00	J	TP	2018-04-07 10:31:59	8.0	89.0	0	14.0	210.0	15.0	6.21		SCT	FEW	M	2200.0	3500.0							16.0	70.0	17.0	6.21		FEW	BKN	M	2000.0	2500.0						
469033	2018-04-07 00:00:00	403.0	CSTPR	E90	EMBRAER 190	PGA	MRS	2018-04-07 10:00:00	2018-04-07 13:27:00	2018-04-07 13:34:00	LIS	2018-04-07 15:36:00	2018-04-07 15:40:00	2018-04-07 12:20:00	J	NI	2018-04-11 08:31:59	2.0	93.0	R	24.0	130.0	17.0	6.21		M	M	M									13.0	260.0	9.0	6.21		FEW	M	M	2800.0							
469034	2018-04-07 00:00:00	1097.0	CSDJH	AT7	ATR 72	WI	VLC	2018-04-07 10:00:00	2018-04-07 11:03:00	2018-04-07 11:13:00	LIS	2018-04-07 13:00:00	2018-04-07 13:04:00	2018-04-07 12:20:00	J	WI	2018-04-07 11:17:56	63.0	93.0	0	16.0	20.0	3.0	6.21		FEW	BKN	M	1400.0	2400.0							11.0	230.0	18.0	6.21	28.0	FEW	SCT	FEW	1600.0	3000.0	3500.0					
469035	2018-04-07 00:00:00	1902.0	CSTPU	E90	EMBRAER 190	PGA	FAO	2018-04-07 10:00:00	2018-04-07 10:10:00	2018-04-07 10:26:00	LIS	2018-04-07 11:10:00	2018-04-07 11:17:00	2018-04-07 10:50:00	J	NI	2018-04-17 09:20:59	6.0	65.0	0	14.0	200.0	10.0	6.21		FEW	FEW	BKN	1600.0	2000.0	3500.0						15.0	210.0	16.0	6.21		SCT	FEW	M	2400.0	3500.0						
469036	2018-04-07 00:00:00	1934.0	CSDJF	AT7	ATR 72	WI	LIS	2018-04-07 10:00:00	2018-04-07 10:36:00	2018-04-07 10:54:00	OPO	2018-04-07 11:46:00	2018-04-07 11:49:00	2018-04-07 11:00:00	J	WI	2018-04-07 10:54:59	3.0	89.0	0	14.0	210.0	15.0	6.21		SCT	FEW	M	2200.0	3500.0							13.0	200.0	14.0	6.21		SCT	BKN	M	1400.0	4800.0						
469037	2018-04-07 00:00:00	648.0	CSTJF	321	AIRBUS A321-211	NB	LIS	2018-04-07 10:05:00	2018-04-07 11:05:00	2018-04-07 11:18:00	BRU	2018-04-07 13:38:00	2018-04-07 13:41:00	2018-04-07 12:45:00	J	TP	2018-04-07 11:26:59	20.0	81.0	0	14.0	210.0	16.0	6.21		SCT	FEW	M	2200.0	3500.0							20.0	200.0	12.0	6.21		M	M	M								
469038	2018-04-07 00:00:00	1019.0	CSTTE	319	AIRBUS A319-111	NB	MAD	2018-04-07 10:10:00	2018-04-07 10:20:00	2018-04-07 10:30:00	LIS	2018-04-07 11:27:00	2018-04-07 11:29:00	2018-04-07 11:30:00	J	TP	2018-04-07 10:34:00	3.0	89.0	0	9.0	210.0	7.0	6.21		SCT	OVC	M	1200.0	2700.0							15.0	210.0	16.0	6.21		SCT	FEW	M	2400.0	3500.0						
469039	2018-04-07 00:00:00	89.0	CSTOA	343	AIRBUS A340-312	WB	LIS	2018-04-07 10:15:00	2018-04-07 10:30:00	2018-04-07 10:49:00	GRU	2018-04-07 20:49:00	2018-04-07 20:55:00	2018-04-07 20:30:00	J	TP	2018-04-11 09:05:59	5.0	89.0	0	14.0	210.0	15.0	6.21		SCT	FEW	M	2200.0	3500.0							22.0	170.0	5.0	5.59		SCT	M	M	2100.0							
469040	2018-04-07 00:00:00	433.0	CSTTD	319	AIRBUS A319-111	NB	ORY	2018-04-07 10:15:00	2018-04-07 10:29:00	2018-04-07 10:35:00	LIS	2018-04-07 12:50:00	2018-04-07 12:53:00	2018-04-07 12:45:00	J	TP	2018-04-07 11:28:08	14.0	16.0	G	17.0	210.0	8.0	6.21		M	M	M									11.0	230.0	18.0	6.21	28.0	FEW	SCT	FEW	1600.0	3000.0	3500.0					
469041	2018-04-07 00:00:00	827.0	CSTQD	320	AIRBUS A320-211	NB	MXP	2018-04-07 10:15:00	2018-04-07 10:25:00	2018-04-07 10:39:00	LIS	2018-04-07 13:04:00	2018-04-07 13:08:00	2018-04-07 13:05:00	J	TP	2018-04-07 10:50:52	2.0	82.0	0	17.0	180.0	4.0	6.21		SCT	BKN	M	3200.0	8000.0							11.0	230.0	18.0	6.21	28.0	FEW	SCT	FEW	1600.0	3000.0	3500.0					
469042	2018-04-07 00:00:00	363.0	CSTNY	320	AIRBUS A320-211	NB	LHR	2018-04-07 10:20:00	2018-04-07 10:26:00	2018-04-07 10:59:00	LIS	2018-04-07 13:19:00	2018-04-07 13:23:00	2018-04-07 13:05:00	J	TP	2018-04-07 10:59:52	6.0	93.0	0	17.0	190.0	12.0	6.21		NCD	M	M									12.0	290.0	7.0	6.21		FEW	FEW	M	1200.0	3500.0						
469043	2018-04-07 00:00:00	81.0	CSTOO	332	AIRBUS A330-200	WB	OPO	2018-04-07 10:30:00	2018-04-07 12:26:00	2018-04-07 12:42:00	GRU	2018-04-07 22:54:00	2018-04-07 23:00:00	2018-04-07 21:10:00	J	TP	2018-04-07 12:56:11	6.0	89.0	0	13.0	220.0	11.0	6.21		FEW	BKN	M	1200.0	1800.0							21.0	140.0	3.0	6.21		SCT	BKN	M	1700.0	4200.0						
469044	2018-04-07 00:00:00	1935.0	CSDJA	AT7	ATR 72	WI	OPO	2018-04-07 10:30:00	2018-04-07 10:51:00	2018-04-07 10:58:00	LIS	2018-04-07 11:44:00	2018-04-07 11:47:00	2018-04-07 11:30:00	J	WI	2018-04-07 11:02:57	21.0	93.0	R	13.0	190.0	17.0	6.21		FEW	SCT	M	1200.0	1800.0							12.0	250.0	11.0	6.21		FEW	SCT	FEW	1600.0	2500.0	3000.0					
469045	2018-04-07 00:00:00	686.0	FHBAL	319	AIRBUS A319-111	NB	OPO	2018-04-07 10:35:00	2018-04-07 11:01:00	2018-04-07 11:08:00	LUX	2018-04-07 13:02:00	2018-04-07 13:05:00	2018-04-07 12:55:00	J	TP	2018-04-11 08:42:59	3.0	19.0	0	13.0	190.0	17.0	6.21		FEW	SCT	M	1200.0	1800.0							19.0	170.0	12.0	6.21		M	M	M								
469046	2018-04-07 00:00:00	951.0	CSTTQ	319	AIRBUS A319-111	NB	GVA	2018-04-07 10:35:00	2018-04-07 11:44:00	2018-04-07 11:56:00	LIS	2018-04-07 14:15:00	2018-04-07 14:21:00	2018-04-07 13:10:00	J	TP	2018-04-11 08:36:59	31.0	81.0	0	16.0	90.0	4.0	6.21		M	M	M									11.0	220.0	10.0	6.21		SCT	BKN	M	2200.0	4800.0						
469047	2018-04-07 00:00:00	1122.0	CSDJE	AT7	ATR 72	WI	LIS	2018-04-07 10:35:00	2018-04-07 10:40:00	2018-04-07 10:57:00	ALC	2018-04-07 13:02:00	2018-04-07 13:09:00	2018-04-07 12:50:00	J	WI	2018-04-07 10:57:59	5.0	93.0	L	14.0	210.0	15.0	6.21		SCT	FEW	M	2200.0	3500.0							19.0	180.0	9.0	6.21		FEW	M	M	2800.0							
469048	2018-04-07 00:00:00	1035.0	CSTTY	E95	EMBRAER 195	PGA	BCN	2018-04-07 10:40:00	2018-04-07 10:50:00	2018-04-07 11:06:00	LIS	2018-04-07 12:40:00	2018-04-07 12:45:00	2018-04-07 12:40:00	J	NI	2018-04-07 11:11:58	2.0	89.0	0	16.0	60.0	19.0	6.21		FEW	BKN	M	2000.0	2600.0							14.0	220.0	13.0	6.21		FEW	SCT	FEW	1600.0	3000.0	3500.0					
469049	2018-04-07 00:00:00	761.0	CSTNT	320	AIRBUS A320-211	NB	OSL	2018-04-07 10:45:00	2018-04-07 10:52:00	2018-04-07 11:02:00	LIS	2018-04-07 15:19:00	2018-04-07 15:24:00	2018-04-07 14:50:00	J	TP	2018-04-07 11:04:00	7.0	14.0	0	3.0	0.0	0.0	6.21		M	M	M									13.0	260.0	9.0	6.21		FEW	M	M	2800.0							
469050	2018-04-07 00:00:00	1453.0	CSTTU	319	AIRBUS A319-111	NB	RAK	2018-04-07 10:45:00	2018-04-07 11:01:00	2018-04-07 11:11:00	LIS	2018-04-07 12:33:00	2018-04-07 12:39:00	2018-04-07 12:20:00	J	TP	2018-04-11 08:30:59	6.0	89.0	0	11.0	150.0	3.0	3.73		SCT	BKN	M	1000.0	2000.0							14.0	220.0	13.0	6.21		FEW	SCT	FEW	1600.0	3000.0	3500.0					
469051	2018-04-07 00:00:00	331.0	CSTTH	319	AIRBUS A319-111	NB	LGW	2018-04-07 10:50:00	2018-04-07 10:54:00	2018-04-07 11:02:00	OPO	2018-04-07 12:58:00	2018-04-07 13:01:00	2018-04-07 13:10:00	J	TP	2018-04-07 11:15:03	4.0	36.0	0	16.0	180.0	10.0	6.21		BKN	M	M	3000.0								13.0	220.0	11.0	6.21		FEW	SCT	BKN	1000.0	1500.0	4500.0					
469052	2018-04-07 00:00:00	693.0	CSTNJ	320	AIRBUS A320-211	NB	LUX	2018-04-07 11:00:00	2018-04-07 11:01:00	2018-04-07 11:10:00	LIS	2018-04-07 13:48:00	2018-04-07 13:48:00	2018-04-07 13:50:00	J	TP	2018-04-07 11:16:06	1.0	81.0	0	17.0	160.0	11.0	6.21		M	M	M									11.0	280.0	8.0	4.97	19.0	FEW	BKN	FEW	1200.0	2400.0	3500.0					
469053	2018-04-07 00:00:00	1936.0	CSDJB	AT7	ATR 72	WI	LIS	2018-04-07 11:00:00	2018-04-07 11:17:00	2018-04-07 11:34:00	OPO	2018-04-07 12:24:00	2018-04-07 12:27:00	2018-04-07 12:00:00	J	WI	2018-04-07 11:46:59	5.0	89.0	0	15.0	210.0	16.0	6.21		SCT	FEW	M	2400.0	3500.0							13.0	220.0	11.0	6.21		FEW	BKN	M	1200.0	1800.0						
469054	2018-04-07 00:00:00	541.0	CSTPV	E90	EMBRAER 190	PGA	DUS	2018-04-07 11:05:00	2018-04-07 11:33:00	2018-04-07 11:45:00	LIS	2018-04-07 14:26:00	2018-04-07 14:32:00	2018-04-07 14:10:00	J	NI	2018-04-07 11:51:54	28.0	81.0	0	20.0	180.0	15.0	6.21		M	M	M									11.0	220.0	10.0	6.21		SCT	BKN	M	2200.0	4800.0						
469055	2018-04-07 00:00:00	658.0	CSTTP	319	AIRBUS A319-111	NB	OPO	2018-04-07 11:15:00	2018-04-07 11:20:00	2018-04-07 11:30:00	AMS	2018-04-07 13:38:00	2018-04-07 13:45:00	2018-04-07 14:00:00	J	TP	2018-04-07 11:35:04	5.0	93.0	R	14.0	180.0	16.0	6.21		FEW	SCT	M	1200.0	1800.0							20.0	170.0	15.0	6.21		M	M	M								
469056	2018-04-07 00:00:00	561.0	CSTNM	320	AIRBUS A320-211	NB	HAM	2018-04-07 11:20:00	2018-04-07 11:25:00	2018-04-07 11:34:00	LIS	2018-04-07 14:50:00	2018-04-07 14:55:00	2018-04-07 14:50:00	J	TP	2018-04-07 12:24:59	5.0	41.0	B	16.0	160.0	15.0	6.21		M	M	M									12.0	280.0	8.0	6.21		FEW	SCT	M	2200.0	4800.0						
469057	2018-04-07 00:00:00	1102.0	CSDJD	AT7	ATR 72	WI	LIS	2018-04-07 11:20:00	2018-04-07 11:35:00	2018-04-07 11:55:00	SVQ	2018-04-07 12:46:00	2018-04-07 12:51:00	2018-04-07 12:35:00	J	WI	2018-04-07 11:55:59	15.0	93.0	M	15.0	210.0	16.0	6.21		SCT	FEW	M	2400.0	3500.0							16.0	230.0	8.0	6.21		SCT	SCT	M	3000.0	4000.0						
469058	2018-04-07 00:00:00	1271.0	CSTOX	333	AIRBUS A330-300	WB	VIE	2018-04-07 11:20:00	2018-04-07 11:45:00	2018-04-07 11:58:00	LIS	2018-04-07 15:02:00	2018-04-07 15:07:00	2018-04-07 14:55:00	J	TP	2018-04-11 08:34:59	11.0	81.0	0	15.0	120.0	12.0	6.21		FEW	SCT	M	5000.0	30000.0							12.0	280.0	8.0	6.21		FEW	SCT	M	2200.0	4800.0						
469059	2018-04-07 00:00:00	2615.0	CSTKR	763	BOEING 767-300/300ER		LIS	2018-04-07 11:20:00	2018-04-07 13:01:00	2018-04-07 13:14:00	CCS	2018-04-07 21:20:00	2018-04-07 21:30:00	2018-04-07 19:45:00	J	YU	2018-04-07 13:17:59	101.0	93.0	R	11.0	230.0	18.0	6.21	28.0	FEW	SCT	FEW	1600.0	3000.0	3500.0						28.0	70.0	4.0	6.21		BKN	M	M	1600.0							
469060	2018-04-07 00:00:00	573.0	CSTTN	319	AIRBUS A319-111	NB	FRA	2018-04-07 11:25:00	2018-04-07 12:01:00	2018-04-07 12:13:00	LIS	2018-04-07 14:59:00	2018-04-07 15:03:00	2018-04-07 14:35:00	J	TP	2018-04-08 04:25:59	36.0	91.0	0	19.0	60.0	7.0	6.21		M	M	M									12.0	280.0	8.0	6.21		FEW	SCT	M	2200.0	4800.0						
469061	2018-04-07 00:00:00	836.0	CSTJG	321	AIRBUS A321-211	NB	LIS	2018-04-07 11:25:00	2018-04-07 12:36:00	2018-04-07 12:48:00	FCO	2018-04-07 15:38:00	2018-04-07 15:46:00	2018-04-07 14:15:00	J	TP	2018-04-07 13:02:59	51.0	81.0	0	14.0	220.0	13.0	6.21		FEW	SCT	FEW	1600.0	3000.0	3500.0						18.0	210.0	7.0	6.21		M	M	M								
469062	2018-04-07 00:00:00	442.0	CSTNH	320	AIRBUS A320-211	NB	LIS	2018-04-07 11:30:00	2018-04-07 11:46:00	2018-04-07 12:05:00	ORY	2018-04-07 14:00:00	2018-04-07 14:05:00	2018-04-07 13:55:00	J	TP	2018-04-07 12:12:59	16.0	18.0	A	12.0	250.0	11.0	6.21		FEW	SCT	FEW	1600.0	2500.0	3000.0						20.0	170.0	7.0	6.21		FEW	BKN	M	4100.0	25000.0						
469063	2018-04-07 00:00:00	1937.0	CSDJF	AT7	ATR 72	WI	OPO	2018-04-07 11:30:00	2018-04-07 12:23:00	2018-04-07 12:34:00	LIS	2018-04-07 13:17:00	2018-04-07 13:22:00	2018-04-07 12:30:00	J	WI	2018-04-07 12:39:09	4.0	89.0	0	13.0	220.0	11.0	6.21		FEW	BKN	M	1200.0	1800.0							12.0	290.0	7.0	6.21		FEW	FEW	M	1200.0	3500.0						
469064	2018-04-07 00:00:00	557.0	CSTNK	320	AIRBUS A320-211	NB	MUC	2018-04-07 11:35:00	2018-04-07 12:27:00	2018-04-07 12:46:00	LIS	2018-04-07 15:42:00	2018-04-07 15:49:00	2018-04-07 14:50:00	J	TP	2018-04-07 14:51:40	15.0	85.0	0	17.0	90.0	6.0	6.21		M	M	M									13.0	230.0	11.0	6.21		FEW	SCT	BKN	2200.0	3400.0	4400.0					
469065	2018-04-07 00:00:00	826.0	CSTPU	E90	EMBRAER 190	PGA	LIS	2018-04-07 11:35:00	2018-04-07 13:35:00	2018-04-07 13:50:00	MXP	2018-04-07 16:14:00	2018-04-07 16:23:00	2018-04-07 14:10:00	J	NI	2018-04-07 13:58:59	98.0	82.0	0	12.0	290.0	7.0	6.21		FEW	FEW	M	1200.0	3500.0							18.0	250.0	6.0	6.21		SCT	M	M	7000.0							
469066	2018-04-07 00:00:00	839.0	CSTTF	319	AIRBUS A319-111	NB	FCO	2018-04-07 11:35:00	2018-04-07 12:23:00	2018-04-07 12:41:00	LIS	2018-04-07 15:32:00	2018-04-07 15:36:00	2018-04-07 14:45:00	J	TP	2018-04-11 08:40:59	36.0	81.0	0	19.0	190.0	11.0	6.21		M	M	M									13.0	260.0	9.0	6.21		FEW	M	M	2800.0							
469067	2018-04-07 00:00:00	1140.0	CSDJC	AT7	ATR 72	WI	LIS	2018-04-07 11:35:00	2018-04-07 11:47:00	2018-04-07 12:03:00	VGO	2018-04-07 13:07:00	2018-04-07 13:10:00	2018-04-07 12:55:00	J	WI	2018-04-07 12:04:59	7.0	93.0	Q	12.0	250.0	11.0	6.21		FEW	SCT	FEW	1600.0	2500.0	3000.0						12.0	190.0	8.0	6.21		SCT	BKN	M	2200.0	2600.0						
469068	2018-04-07 00:00:00	939.0	CSTTB	319	AIRBUS A319-111	NB	GVA	2018-04-07 11:40:00	2018-04-07 14:35:00	2018-04-07 14:46:00	OPO	2018-04-07 16:43:00	2018-04-07 16:47:00	2018-04-07 13:55:00	J	TP	2018-04-11 09:14:59	81.0	93.0	J	18.0	80.0	5.0	6.21		M	M	M									13.0	210.0	9.0	6.21		FEW	SCT	FEW	1100.0	1700.0	2000.0					
469069	2018-04-07 00:00:00	663.0	INEOW	738	BOEING 737-800		AMS	2018-04-07 11:45:00	2018-04-07 12:05:00		AMS		2018-04-07 12:15:00	2018-04-07 14:50:00	J	TP	2018-04-11 08:59:59	9.0	81.0	0	18.0	180.0	14.0	6.21		M	M	M									19.0	160.0	13.0	6.21		M	M	M								
469070	2018-04-07 00:00:00	201.0	CSTOQ	332	AIRBUS A330-200	WB	LIS	2018-04-07 11:55:00	2018-04-07 12:00:00	2018-04-07 12:19:00	EWR	2018-04-07 20:16:00	2018-04-07 20:22:00	2018-04-07 19:50:00	J	TP	2018-04-07 12:19:59	5.0	85.0	0	12.0	250.0	11.0	6.21		FEW	SCT	FEW	1600.0	2500.0	3000.0							290.0	9.0	10.0		SCT	M	M	12000.0							
469071	2018-04-07 00:00:00	342.0	CSTNW	320	AIRBUS A320-211	NB	LIS	2018-04-07 11:55:00	2018-04-07 12:00:00	2018-04-07 12:15:00	LGW	2018-04-07 14:19:00	2018-04-07 14:26:00	2018-04-07 14:35:00	J	TP	2018-04-07 12:16:59	5.0	82.0	0	12.0	250.0	11.0	6.21		FEW	SCT	FEW	1600.0	2500.0	3000.0						14.0	200.0	9.0	6.21		BKN	M	M	1600.0							
469072	2018-04-07 00:00:00	863.0	CSTTI	319	AIRBUS A319-111	NB	VCE	2018-04-07 12:00:00	2018-04-07 13:28:00	2018-04-07 13:40:00	LIS	2018-04-07 16:59:00	2018-04-07 17:03:00	2018-04-07 15:10:00	J	TP	2018-04-11 08:38:59	56.0	81.0	0	16.0	140.0	8.0	6.21		M	M	M									14.0	250.0	8.0	6.21		FEW	BKN	M	1800.0	2400.0						
469073	2018-04-07 00:00:00	1938.0	CSDJA	AT7	ATR 72	WI	LIS	2018-04-07 12:00:00	2018-04-07 12:25:00	2018-04-07 12:36:00	OPO	2018-04-07 13:28:00	2018-04-07 13:31:00	2018-04-07 13:00:00	J	WI	2018-04-07 12:57:59	8.0	89.0	0	14.0	220.0	13.0	6.21		FEW	SCT	FEW	1600.0	3000.0	3500.0						13.0	220.0	12.0	6.21		SCT	SCT	M	1100.0	4500.0						
469074	2018-04-07 00:00:00	439.0	CSTTJ	319	AIRBUS A319-111	NB	ORY	2018-04-07 12:10:00	2018-04-07 12:25:00	2018-04-07 12:34:00	LIS	2018-04-07 14:47:00	2018-04-07 14:52:00	2018-04-07 14:40:00	J	TP	2018-04-07 13:08:10	13.0	36.0	0	20.0	200.0	7.0	6.21		FEW	BKN	M	3300.0	25000.0							12.0	280.0	8.0	6.21		FEW	SCT	M	2200.0	4800.0						
469075	2018-04-07 00:00:00	466.0	CSTPS	E90	EMBRAER 190	PGA	LIS	2018-04-07 12:10:00	2018-04-07 12:12:00	2018-04-07 12:23:00	BOD	2018-04-07 13:46:00	2018-04-07 13:50:00	2018-04-07 13:55:00	J	NI	2018-04-07 12:37:59	2.0	85.0	C	12.0	250.0	11.0	6.21		FEW	SCT	FEW	1600.0	2500.0	3000.0						13.0	280.0	3.0	6.21		FEW	BKN	OVC	3400.0	6200.0	8600.0					
469076	2018-04-07 00:00:00	1682.0	CSTNN	320	AIRBUS A320-211	NB	FNC	2018-04-07 12:10:00	2018-04-07 12:10:00	2018-04-07 12:19:00	LIS	2018-04-07 13:45:00	2018-04-07 13:50:00	2018-04-07 13:50:00	J	TP					16.0	320.0	8.0	6.21	19.0	BKN	M	M	1500.0								11.0	280.0	8.0	4.97	19.0	FEW	BKN	FEW	1200.0	2400.0	3500.0					
469077	2018-04-07 00:00:00	1028.0	CSTNG	320	AIRBUS A320-211	NB	LIS	2018-04-07 12:20:00	2018-04-07 12:47:00	2018-04-07 13:01:00	MAD	2018-04-07 13:57:00	2018-04-07 14:02:00	2018-04-07 13:35:00	J	TP	2018-04-07 13:04:59	5.0	89.0	0	11.0	230.0	18.0	6.21	28.0	FEW	SCT	FEW	1600.0	3000.0	3500.0						9.0		4.0	6.21		FEW	BKN	BKN	1800.0	3000.0	5000.0					
469078	2018-04-07 00:00:00	1861.0	CSTTG	319	AIRBUS A319-111	NB	OPO	2018-04-07 12:20:00	2018-04-07 12:21:00	2018-04-07 12:36:00	PDL	2018-04-07 14:45:00	2018-04-07 14:48:00	2018-04-07 14:45:00	J	TP	2018-04-07 12:40:10	1.0	89.0	0	13.0	220.0	11.0	6.21		FEW	BKN	M	1200.0	1800.0							17.0	280.0	15.0	6.21		SCT	BKN	M	1400.0	3000.0						
469079	2018-04-07 00:00:00	522.0	CSTPO	E90	EMBRAER 190	PGA	LIS	2018-04-07 12:25:00	2018-04-07 12:31:00	2018-04-07 12:46:00	STR	2018-04-07 15:12:00	2018-04-07 15:21:00	2018-04-07 15:15:00	J	NI	2018-04-07 12:59:59	6.0	81.0	0	14.0	220.0	13.0	6.21		FEW	SCT	FEW	1600.0	3000.0	3500.0						23.0	40.0	5.0	6.21		M	M	M								
469080	2018-04-07 00:00:00	533.0	FHBIS	320	AIRBUS A320-211	NB	TXL	2018-04-07 12:25:00	2018-04-07 12:58:00	2018-04-07 13:07:00	LIS	2018-04-07 16:40:00	2018-04-07 16:42:00	2018-04-07 16:00:00	J	TP	2018-04-07 13:23:16	3.0	84.0	0	19.0	140.0	12.0	6.21		M	M	M									13.0	240.0	10.0	6.21		SCT	BKN	M	1800.0	3000.0						
469081	2018-04-07 00:00:00	926.0	CSTJE	321	AIRBUS A321-211	NB	LIS	2018-04-07 12:30:00	2018-04-07 12:37:00	2018-04-07 12:52:00	ZRH	2018-04-07 15:13:00	2018-04-07 15:18:00	2018-04-07 15:10:00	J	TP	2018-04-07 13:10:59	7.0	81.0	0	14.0	220.0	13.0	6.21		FEW	SCT	FEW	1600.0	3000.0	3500.0						22.0	280.0	5.0	6.21		M	M	M								
469082	2018-04-07 00:00:00	1039.0	CSTNI	320	AIRBUS A320-211	NB	BCN	2018-04-07 12:30:00	2018-04-07 12:53:00	2018-04-07 13:01:00	LIS	2018-04-07 14:36:00	2018-04-07 14:40:00	2018-04-07 14:25:00	J	TP	2018-04-07 13:26:18	8.0	84.0	0	17.0	60.0	19.0	6.21	31.0	SCT	M	M	2300.0								11.0	220.0	10.0	6.21		SCT	BKN	M	2200.0	4800.0						
469083	2018-04-07 00:00:00	1681.0	CSTTE	319	AIRBUS A319-111	NB	LIS	2018-04-07 12:30:00	2018-04-07 12:42:00	2018-04-07 12:56:00	FNC	2018-04-07 14:18:00	2018-04-07 14:21:00	2018-04-07 14:15:00	J	TP	2018-04-07 13:13:59	12.0	41.0	A	14.0	220.0	13.0	6.21		FEW	SCT	FEW	1600.0	3000.0	3500.0						18.0	350.0	14.0	6.21	25.0	SCT	M	M	1600.0							
469084	2018-04-07 00:00:00	1939.0	CSDJB	AT7	ATR 72	WI	OPO	2018-04-07 12:30:00	2018-04-07 13:02:00	2018-04-07 13:10:00	LIS	2018-04-07 13:52:00	2018-04-07 13:55:00	2018-04-07 13:30:00	J	WI	2018-04-07 13:18:07	5.0	89.0	0	13.0	220.0	11.0	6.21		FEW	SCT	BKN	1000.0	1500.0	4500.0						11.0	280.0	8.0	4.97	19.0	FEW	BKN	FEW	1200.0	2400.0	3500.0					
469085	2018-04-07 00:00:00	287.0	CSTOV	333	AIRBUS A330-300	WB	LIS	2018-04-07 12:45:00	2018-04-07 13:07:00	2018-04-07 13:21:00	LAD	2018-04-07 20:41:00	2018-04-07 20:50:00	2018-04-07 20:15:00	J	TP	2018-04-07 13:23:59	7.0	89.0	0	11.0	230.0	18.0	6.21	28.0	FEW	SCT	FEW	1600.0	3000.0	3500.0						28.0	200.0	5.0	6.21		FEW	SCT	M	2000.0	8000.0						
469086	2018-04-07 00:00:00	359.0	CSTNP	320	AIRBUS A320-211	NB	LHR	2018-04-07 12:45:00	2018-04-07 13:09:00	2018-04-07 13:17:00	LIS	2018-04-07 15:30:00	2018-04-07 15:33:00	2018-04-07 15:30:00	J	TP	2018-04-07 13:39:04	4.0	89.0	0	15.0	190.0	12.0	6.21		OVC	M	M	2100.0								13.0	260.0	9.0	6.21		FEW	M	M	2800.0							
469087	2018-04-07 00:00:00	924.0	CSTPP	E90	EMBRAER 190	PGA	OPO	2018-04-07 12:45:00	2018-04-07 12:53:00	2018-04-07 13:04:00	ZRH	2018-04-07 15:11:00	2018-04-07 15:16:00	2018-04-07 15:15:00	J	NI	2018-04-07 13:13:18	8.0	81.0	0	13.0	220.0	11.0	6.21		FEW	SCT	BKN	1000.0	1500.0	4500.0						22.0	280.0	5.0	6.21		M	M	M								
469088	2018-04-07 00:00:00	1119.0	CSTTA	319	AIRBUS A319-111	NB	LPA	2018-04-07 12:45:00	2018-04-07 13:02:00	2018-04-07 13:21:00	LIS	2018-04-07 15:21:00	2018-04-07 15:26:00	2018-04-07 15:00:00	J	TP	2018-04-11 08:35:59	17.0	84.0	0	21.0	30.0	21.0	6.21		FEW	BKN	M	3500.0	5500.0							13.0	260.0	9.0	6.21		FEW	M	M	2800.0							
469089	2018-04-07 00:00:00	783.0	CSTNL	320	AIRBUS A320-211	NB	ARN	2018-04-07 12:50:00	2018-04-07 12:54:00	2018-04-07 13:06:00	LIS	2018-04-07 17:52:00	2018-04-07 18:00:00	2018-04-07 17:15:00	J	TP	2018-04-17 08:39:59	4.0	49.0	0	9.0	190.0	15.0	6.21		M	M	M									13.0	260.0	10.0	6.21		FEW	BKN	M	1600.0	2400.0						
469090	2018-04-07 00:00:00	1428.0	CSDJF	AT7	ATR 72	WI	LIS	2018-04-07 13:00:00	2018-04-07 13:57:00	2018-04-07 14:10:00	FEZ	2018-04-07 15:53:00	2018-04-07 15:56:00	2018-04-07 14:55:00	J	WI	2018-04-11 09:09:59	5.0	9.0	0	11.0	280.0	8.0	4.97	19.0	FEW	BKN	FEW	1200.0	2400.0	3500.0						17.0	280.0	12.0	6.21		BKN	M	M	3000.0							
469091	2018-04-07 00:00:00	1946.0	CSDJH	AT7	ATR 72	WI	LIS	2018-04-07 13:00:00	2018-04-07 13:47:00	2018-04-07 14:00:00	OPO	2018-04-07 14:50:00	2018-04-07 14:54:00	2018-04-07 14:00:00	J	WI	2018-04-07 14:00:59	13.0	89.0	0	11.0	280.0	8.0	4.97	19.0	FEW	BKN	FEW	1200.0	2400.0	3500.0						13.0	220.0	8.0	6.21		SCT	M	M	1100.0							
469092	2018-04-07 00:00:00	1300.0	CSTNS	320	AIRBUS A320-211	NB	LIS	2018-04-07 13:05:00	2018-04-07 13:30:00	2018-04-07 13:43:00	PRG	2018-04-07 16:37:00	2018-04-07 16:42:00	2018-04-07 16:20:00	J	TP	2018-04-11 08:32:59	25.0	81.0	0	12.0	290.0	7.0	6.21		FEW	FEW	M	1200.0	3500.0							17.0	130.0	17.0	6.21		M	M	M								
469093	2018-04-07 00:00:00	484.0	CSTPR	E90	EMBRAER 190	PGA	LIS	2018-04-07 13:10:00	2018-04-07 16:34:00	2018-04-07 16:48:00	NCE	2018-04-07 18:52:00	2018-04-07 18:54:00	2018-04-07 15:35:00	J	NI	2018-04-07 16:53:59	14.0	82.0	0	13.0	240.0	10.0	6.21		SCT	BKN	M	1800.0	3000.0							16.0	60.0	15.0	6.21		M	M	M								
469094	2018-04-07 00:00:00	1265.0	CSTTK	319	AIRBUS A319-111	NB	WAW	2018-04-07 13:10:00	2018-04-07 14:27:00	2018-04-07 14:44:00	LIS	2018-04-07 18:18:00	2018-04-07 18:22:00	2018-04-07 17:25:00	J	TP	2018-04-07 14:47:15	47.0	81.0	0	17.0	120.0	13.0	6.21		M	M	M									13.0	280.0	6.0	6.21		SCT	M	M	2000.0							
469095	2018-04-07 00:00:00	1450.0	CSTTU	319	AIRBUS A319-111	NB	LIS	2018-04-07 13:10:00	2018-04-07 13:31:00	2018-04-07 13:39:00	RAK	2018-04-07 14:47:00	2018-04-07 14:51:00	2018-04-07 14:45:00	J	TP	2018-04-07 13:42:59	6.0	85.0	C	12.0	290.0	7.0	6.21		FEW	FEW	M	1200.0	3500.0							18.0	240.0	6.0	6.21		SCT	M	M	2000.0							
469096	2018-04-07 00:00:00	1105.0	CSDJD	AT7	ATR 72	WI	SVQ	2018-04-07 13:15:00	2018-04-07 13:25:00	2018-04-07 13:37:00	LIS	2018-04-07 14:40:00	2018-04-07 14:45:00	2018-04-07 14:25:00	J	WI	2018-04-07 13:44:11	4.0	84.0	0	16.0	220.0	17.0	6.21		SCT	SCT	M	3000.0	4000.0							11.0	220.0	10.0	6.21		SCT	BKN	M	2200.0	4800.0						
469097	2018-04-07 00:00:00	1434.0	CSTPT	E90	EMBRAER 190	PGA	LIS	2018-04-07 13:15:00	2018-04-07 14:04:00	2018-04-07 14:24:00	CMN	2018-04-07 15:26:00	2018-04-07 15:30:00	2018-04-07 14:55:00	J	NI	2018-04-07 14:39:59	4.0	89.0	0	11.0	280.0	8.0	4.97	19.0	FEW	BKN	FEW	1200.0	2400.0	3500.0						18.0	270.0	15.0	6.21		SCT	SCT	M	1600.0	2000.0						
469098	2018-04-07 00:00:00	472.0	CSTTZ	E95	EMBRAER 195	PGA	LIS	2018-04-07 13:20:00	2018-04-07 13:54:00	2018-04-07 14:05:00	LYS	2018-04-07 16:02:00	2018-04-07 16:05:00	2018-04-07 15:35:00	J	NI	2018-04-07 14:05:59	14.0	81.0	0	11.0	280.0	8.0	4.97	19.0	FEW	BKN	FEW	1200.0	2400.0	3500.0						20.0	180.0	8.0	6.21		M	M	M								
469099	2018-04-07 00:00:00	586.0	CSTTY	E95	EMBRAER 195	PGA	LIS	2018-04-07 13:20:00	2018-04-07 13:52:00	2018-04-07 14:08:00	CGN	2018-04-07 16:26:00	2018-04-07 16:30:00	2018-04-07 16:10:00	J	NI	2018-04-07 14:20:59	27.0	81.0	0	11.0	280.0	8.0	4.97	19.0	FEW	BKN	FEW	1200.0	2400.0	3500.0						23.0	130.0	11.0	6.21		M	M	M								
469100	2018-04-07 00:00:00	324.0	CSTTW	E95	EMBRAER 195	PGA	LIS	2018-04-07 13:25:00	2018-04-07 13:44:00	2018-04-07 14:02:00	MAN	2018-04-07 16:19:00	2018-04-07 16:28:00	2018-04-07 16:15:00	J	NI	2018-04-07 14:04:59	9.0	19.0	B	12.0	290.0	7.0	6.21		FEW	FEW	M	1200.0	3500.0							10.0	280.0	8.0	6.21		BKN	M	M	1800.0							
469101	2018-04-07 00:00:00	1274.0	CSTNU	320	AIRBUS A320-211	NB	LIS	2018-04-07 13:25:00	2018-04-07 14:18:00	2018-04-07 14:35:00	VIE	2018-04-07 17:52:00	2018-04-07 18:04:00	2018-04-07 16:45:00	J	TP	2018-04-07 14:40:59	53.0	81.0	0	11.0	220.0	10.0	6.21		SCT	BKN	M	2200.0	4800.0							10.0	120.0	4.0	6.21		FEW	BKN	M	2800.0	3200.0						
469102	2018-04-07 00:00:00	643.0	CSTJF	321	AIRBUS A321-211	NB	BRU	2018-04-07 13:30:00	2018-04-07 14:52:00	2018-04-07 15:01:00	LIS	2018-04-07 17:37:00	2018-04-07 17:41:00	2018-04-07 16:20:00	J	TP	2018-04-11 09:09:59	5.0	93.0	R	21.0	190.0	5.0	6.21		M	M	M									14.0	270.0	9.0	6.21		FEW	BKN	M	1600.0	2200.0						
469103	2018-04-07 00:00:00	1123.0	CSDJE	AT7	ATR 72	WI	ALC	2018-04-07 13:30:00	2018-04-07 13:38:00	2018-04-07 13:44:00	LIS	2018-04-07 15:46:00	2018-04-07 15:52:00	2018-04-07 16:00:00	J	WI	2018-04-07 13:50:17	8.0	93.0	0	20.0	160.0	7.0	6.21		FEW	M	M	2800.0								13.0	230.0	11.0	6.21		FEW	SCT	BKN	2200.0	3400.0	4400.0					
469104	2018-04-07 00:00:00	1558.0	CSTMW	320	AIRBUS A320-211	NB	VXE	2018-04-07 13:30:00	2018-04-07 13:46:00	2018-04-07 13:53:00	LIS	2018-04-07 17:31:00	2018-04-07 17:34:00	2018-04-07 17:25:00	J	TP	2018-04-08 04:37:59	16.0	93.0	P	26.0	60.0	24.0	5.59	35.0	SCT	SCT	M	2000.0	20000.0							14.0	270.0	9.0	6.21		FEW	BKN	M	1600.0	2200.0						
469105	2018-04-07 00:00:00	1566.0	CSTJH	321	AIRBUS A321-211	NB	BVC	2018-04-07 13:30:00	2018-04-07 13:57:00	2018-04-07 14:07:00	LIS	2018-04-07 17:46:00	2018-04-07 17:50:00	2018-04-07 17:20:00	J	TP	2018-04-11 08:21:59	7.0	89.0	0	24.0	10.0	20.0	6.21		SCT	BKN	M	1500.0	20000.0							13.0	260.0	10.0	6.21		FEW	BKN	M	1600.0	2400.0						
469106	2018-04-07 00:00:00	1947.0	CSDJA	AT7	ATR 72	WI	OPO	2018-04-07 13:30:00	2018-04-07 14:15:00	2018-04-07 14:29:00	LIS	2018-04-07 15:09:00	2018-04-07 15:11:00	2018-04-07 14:30:00	J	WI	2018-04-07 14:31:20	14.0	84.0	0	13.0	220.0	9.0	6.21		SCT	SCT	M	1100.0	4500.0							12.0	280.0	8.0	6.21		FEW	SCT	M	2200.0	4800.0						
469107	2018-04-07 00:00:00	1141.0	CSDJC	AT7	ATR 72	WI	VGO	2018-04-07 13:35:00	2018-04-07 13:37:00	2018-04-07 13:42:00	LIS	2018-04-07 14:43:00	2018-04-07 14:48:00	2018-04-07 14:55:00	J	WI	2018-04-08 04:35:59	2.0	89.0	0	12.0	200.0	6.0	6.21		SCT	BKN	M	1900.0	3000.0							12.0	280.0	8.0	6.21		FEW	SCT	M	2200.0	4800.0						
469108	2018-04-07 00:00:00	687.0	FHBAL	319	AIRBUS A319-111	NB	LUX	2018-04-07 13:40:00	2018-04-07 14:57:00	2018-04-07 15:08:00	OPO	2018-04-07 17:14:00	2018-04-07 17:17:00	2018-04-07 16:10:00	J	TP	2018-04-08 04:30:59	67.0	16.0	H	20.0	150.0	11.0	6.21		M	M	M									13.0	220.0	8.0	6.21		FEW	SCT	FEW	1100.0	1700.0	2000.0					
469109	2018-04-07 00:00:00	576.0	CSTNR	320	AIRBUS A320-211	NB	LIS	2018-04-07 13:45:00	2018-04-07 14:03:00	2018-04-07 14:20:00	FRA	2018-04-07 16:46:00	2018-04-07 16:53:00	2018-04-07 16:50:00	J	TP	2018-04-07 14:20:59	18.0	81.0	0	11.0	280.0	8.0	4.97	19.0	FEW	BKN	FEW	1200.0	2400.0	3500.0						23.0	100.0	10.0	6.21		M	M	M								
469110	2018-04-07 00:00:00	432.0	CSTNQ	320	AIRBUS A320-211	NB	LIS	2018-04-07 13:50:00	2018-04-07 13:59:00	2018-04-07 14:12:00	ORY	2018-04-07 16:12:00	2018-04-07 16:19:00	2018-04-07 16:15:00	J	TP	2018-04-07 14:22:59	9.0	15.0	A	11.0	280.0	8.0	4.97	19.0	FEW	BKN	FEW	1200.0	2400.0	3500.0						21.0	240.0	7.0	6.21		FEW	SCT	BKN	4600.0	8600.0	25000.0					
469111	2018-04-07 00:00:00	662.0	CSTTR	319	AIRBUS A319-111	NB	LIS	2018-04-07 13:55:00	2018-04-07 16:07:00	2018-04-07 16:21:00	AMS	2018-04-07 18:53:00	2018-04-07 19:00:00	2018-04-07 16:50:00	J	TP	2018-04-07 16:28:59	132.0	94.0	0	13.0	230.0	11.0	6.21		FEW	SCT	BKN	2200.0	3400.0	4400.0						17.0	190.0	3.0	6.21		M	M	M								
469112	2018-04-07 00:00:00	1952.0	CSDJB	AT7	ATR 72	WI	LIS	2018-04-07 14:00:00	2018-04-07 14:40:00	2018-04-07 14:55:00	OPO	2018-04-07 15:45:00	2018-04-07 15:46:00	2018-04-07 15:00:00	J	WI	2018-04-07 15:01:59	15.0	89.0	0	11.0	220.0	10.0	6.21		SCT	BKN	M	2200.0	4800.0							13.0	180.0	10.0	6.21		FEW	SCT	M	1100.0	1800.0						
469113	2018-04-07 00:00:00	3568.0	CSTTX	E95	EMBRAER 195	PGA	LIS	2018-04-07 14:00:00	2018-04-07 14:01:00	2018-04-07 14:16:00	MAD	2018-04-07 15:09:00	2018-04-07 15:16:00	2018-04-07 15:00:00	G	NI	2018-04-07 14:19:59	1.0	19.0	A	11.0	280.0	8.0	4.97	19.0	FEW	BKN	FEW	1200.0	2400.0	3500.0						10.0	190.0	5.0	6.21	16.0	SCT	BKN	M	2000.0	3000.0						
469114	2018-04-07 00:00:00	356.0	CSTNY	320	AIRBUS A320-211	NB	LIS	2018-04-07 14:05:00	2018-04-07 14:42:00	2018-04-07 14:57:00	LHR	2018-04-07 16:59:00	2018-04-07 17:04:00	2018-04-07 16:45:00	J	TP	2018-04-07 15:10:59	37.0	96.0	0	11.0	220.0	10.0	6.21		SCT	BKN	M	2200.0	4800.0							15.0	210.0	9.0	6.21		NCD	M	M								
469115	2018-04-07 00:00:00	9014.0	CSTQD	320	AIRBUS A320-211	NB	LIS	2018-04-07 14:05:00	2018-04-07 14:08:00	2018-04-07 14:23:00	BVC	2018-04-07 18:21:00	2018-04-07 18:26:00	2018-04-07 18:10:00	C	TP	2018-04-07 14:24:59	3.0	89.0	0	11.0	280.0	8.0	4.97	19.0	FEW	BKN	FEW	1200.0	2400.0	3500.0						22.0	20.0	18.0	6.21		BKN	BKN	M	1500.0	20000.0						
469116	2018-04-07 00:00:00	496.0	CSTPW	E90	EMBRAER 190	PGA	LIS	2018-04-07 14:15:00	2018-04-07 15:25:00	2018-04-07 15:43:00	TLS	2018-04-07 17:14:00	2018-04-07 17:20:00	2018-04-07 16:05:00	J	NI	2018-04-07 15:55:59	12.0	16.0	C	13.0	260.0	9.0	6.21		FEW	M	M	2800.0								17.0	130.0	14.0	6.21	31.0	M	M	M								
469117	2018-04-07 00:00:00	1027.0	CSTNG	320	AIRBUS A320-211	NB	MAD	2018-04-07 14:30:00	2018-04-07 14:56:00	2018-04-07 15:09:00	LIS	2018-04-07 16:02:00	2018-04-07 16:05:00	2018-04-07 15:50:00	J	TP	2018-04-07 15:16:25	10.0	84.0	0	10.0	210.0	7.0	6.21		SCT	BKN	BKN	1800.0	2500.0	3000.0						13.0	230.0	11.0	6.21		FEW	SCT	BKN	2200.0	3400.0	4400.0					
469118	2018-04-07 00:00:00	1949.0	CSDJH	AT7	ATR 72	WI	OPO	2018-04-07 14:30:00	2018-04-07 15:24:00	2018-04-07 15:33:00	LIS	2018-04-07 16:13:00	2018-04-07 16:17:00	2018-04-07 15:30:00	J	WI	2018-04-07 15:35:18	54.0	93.0	O	13.0	210.0	8.0	6.21		FEW	SCT	FEW	1100.0	1600.0	2000.0						13.0	240.0	10.0	6.21		SCT	BKN	M	1800.0	3000.0						
469119	2018-04-07 00:00:00	467.0	CSTPS	E90	EMBRAER 190	PGA	BOD	2018-04-07 14:35:00	2018-04-07 14:34:00	2018-04-07 14:44:00	LIS	2018-04-07 16:15:00	2018-04-07 16:20:00	2018-04-07 16:30:00	J	NI					13.0	330.0	3.0	6.21		FEW	BKN	OVC	500.0	5800.0	7400.0						13.0	240.0	10.0	6.21		SCT	BKN	M	1800.0	3000.0						
469120	2018-04-07 00:00:00	862.0	CSTTS	319	AIRBUS A319-111	NB	LIS	2018-04-07 14:35:00	2018-04-07 14:58:00	2018-04-07 15:13:00	VCE	2018-04-07 18:05:00	2018-04-07 18:10:00	2018-04-07 17:25:00	J	TP	2018-04-07 15:16:59	23.0	81.0	0	12.0	280.0	8.0	6.21		FEW	SCT	M	2200.0	4800.0							14.0	200.0	4.0	6.21		M	M	M								
469121	2018-04-07 00:00:00	441.0	CSTNH	320	AIRBUS A320-211	NB	ORY	2018-04-07 14:40:00	2018-04-07 14:57:00	2018-04-07 15:08:00	LIS	2018-04-07 17:16:00	2018-04-07 17:18:00	2018-04-07 17:10:00	J	TP	2018-04-07 15:52:27	7.0	81.0	0	20.0	200.0	8.0	6.21		FEW	BKN	M	4600.0	25000.0							14.0	270.0	9.0	6.21		FEW	BKN	M	1600.0	2200.0						
469122	2018-04-07 00:00:00	659.0	CSTTP	319	AIRBUS A319-111	NB	AMS	2018-04-07 14:45:00	2018-04-07 14:46:00	2018-04-07 14:55:00	OPO	2018-04-07 17:18:00	2018-04-07 17:20:00	2018-04-07 17:30:00	J	TP	2018-04-08 04:28:59	1.0	89.0	0	20.0	180.0	13.0	6.21		M	M	M									13.0	220.0	8.0	6.21		FEW	SCT	FEW	1100.0	1700.0	2000.0					
469123	2018-04-07 00:00:00	824.0	CSTPV	E90	EMBRAER 190	PGA	LIS	2018-04-07 14:50:00	2018-04-07 15:54:00	2018-04-07 16:10:00	MXP	2018-04-07 18:22:00	2018-04-07 18:29:00	2018-04-07 17:25:00	J	NI	2018-04-07 16:13:59	27.0	82.0	0	13.0	230.0	11.0	6.21		FEW	SCT	BKN	2200.0	3400.0	4400.0						16.0	270.0	4.0	6.21		M	M	M								
469124	2018-04-07 00:00:00	644.0	CSTNJ	320	AIRBUS A320-211	NB	LIS	2018-04-07 14:55:00	2018-04-07 15:02:00	2018-04-07 15:15:00	BRU	2018-04-07 17:45:00	2018-04-07 17:48:00	2018-04-07 17:35:00	J	TP	2018-04-07 15:37:59	7.0	82.0	0	12.0	280.0	8.0	6.21		FEW	SCT	M	2200.0	4800.0							18.0	230.0	4.0	6.21		M	M	M								
469125	2018-04-07 00:00:00	823.0	CSTPU	E90	EMBRAER 190	PGA	MXP	2018-04-07 15:00:00	2018-04-07 17:10:00	2018-04-07 17:21:00	LIS	2018-04-07 19:44:00	2018-04-07 19:50:00	2018-04-07 17:50:00	J	NI	2018-04-07 17:43:30	7.0	82.0	0	18.0	270.0	5.0	6.21		M	M	M									12.0	300.0	6.0	6.21		SCT	BKN	M	2000.0	4400.0						
469126	2018-04-07 00:00:00	1676.0	CSTTE	319	AIRBUS A319-111	NB	FNC	2018-04-07 15:00:00	2018-04-07 15:03:00	2018-04-07 15:09:00	LIS	2018-04-07 16:34:00	2018-04-07 16:40:00	2018-04-07 16:35:00	J	TP	2018-04-07 15:12:18	3.0	93.0	H	19.0		11.0	6.21	25.0	FEW	M	M	1600.0								13.0	240.0	10.0	6.21		SCT	BKN	M	1800.0	3000.0						
469127	2018-04-07 00:00:00	1960.0	CSDJA	AT7	ATR 72	WI	LIS	2018-04-07 15:00:00	2018-04-07 15:50:00	2018-04-07 16:04:00	OPO	2018-04-07 16:58:00	2018-04-07 17:00:00	2018-04-07 16:00:00	J	WI	2018-04-07 16:07:59	9.0	89.0	0	13.0	230.0	11.0	6.21		FEW	SCT	BKN	2200.0	3400.0	4400.0						13.0	210.0	9.0	6.21		FEW	SCT	FEW	1100.0	1700.0	2000.0					
469128	2018-04-07 00:00:00	9334.0	CSTRO	320	AIRBUS A320-211	NB	BIO	2018-04-07 15:00:00	2018-04-07 15:05:00	2018-04-07 15:24:00	LIS	2018-04-07 16:33:00	2018-04-07 16:35:00	2018-04-07 16:25:00	P	WI					13.0	230.0	6.0	6.21		SCT	BKN	M	3300.0	4000.0							13.0	240.0	10.0	6.21		SCT	BKN	M	1800.0	3000.0						
469129	2018-04-07 00:00:00	456.0	CSTTH	319	AIRBUS A319-111	NB	OPO	2018-04-07 15:05:00	2018-04-07 15:39:00	2018-04-07 15:51:00	ORY	2018-04-07 17:38:00	2018-04-07 17:44:00	2018-04-07 17:10:00	J	TP	2018-04-07 16:02:23	34.0	94.0	0	13.0	210.0	8.0	6.21		FEW	SCT	FEW	1100.0	1600.0	2000.0						18.0	280.0	5.0	6.21		M	M	M								
469130	2018-04-07 00:00:00	833.0	CSTJG	321	AIRBUS A321-211	NB	FCO	2018-04-07 15:05:00	2018-04-07 17:09:00	2018-04-07 17:22:00	LIS	2018-04-07 20:09:00	2018-04-07 20:11:00	2018-04-07 18:10:00	J	TP	2018-04-07 20:46:59	9.0	81.0	0	15.0		2.0	6.21		M	M	M									12.0	300.0	6.0	6.21		SCT	BKN	M	2000.0	4400.0						
469131	2018-04-07 00:00:00	1066.0	CSDJD	AT7	ATR 72	WI	LIS	2018-04-07 15:05:00	2018-04-07 15:25:00	2018-04-07 15:41:00	BIO	2018-04-07 17:31:00	2018-04-07 17:35:00	2018-04-07 17:10:00	J	WI	2018-04-07 15:43:59	20.0	93.0	M	13.0	260.0	9.0	6.21		FEW	M	M	2800.0								12.0	120.0	4.0	6.21		FEW	BKN	M	4000.0	6500.0						
469132	2018-04-07 00:00:00	364.0	CSTNI	320	AIRBUS A320-211	NB	LIS	2018-04-07 15:10:00	2018-04-07 15:58:00	2018-04-07 16:14:00	LHR	2018-04-07 18:30:00	2018-04-07 18:37:00	2018-04-07 17:50:00	J	TP	2018-04-07 16:19:59	33.0	82.0	0	13.0	230.0	11.0	6.21		FEW	SCT	BKN	2200.0	3400.0	4400.0						12.0	180.0	10.0	6.21	20.0	SCT	M	M	2700.0							
469133	2018-04-07 00:00:00	942.0	CSTTB	319	AIRBUS A319-111	NB	OPO	2018-04-07 15:15:00	2018-04-07 17:38:00	2018-04-07 17:47:00	GVA	2018-04-07 19:38:00	2018-04-07 19:41:00	2018-04-07 17:20:00	J	TP	2018-04-07 17:54:30	6.0	81.0	0	13.0	220.0	8.0	6.21		FEW	SCT	FEW	1100.0	1700.0	2000.0						13.0	150.0	1.0	6.21		SCT	BKN	M	9000.0	12000.0						
469134	2018-04-07 00:00:00	1529.0	CSTNX	320	AIRBUS A320-211	NB	ACC	2018-04-07 15:15:00	2018-04-07 15:03:00	2018-04-07 15:14:00	TMS	2018-04-07 16:39:00	2018-04-07 16:42:00	2018-04-07 16:55:00	J	TP					29.0	170.0	6.0	6.21		M	M	M									30.0	170.0	14.0	6.21		FEW	BKN	M	2300.0	25000.0						
469135	2018-04-07 00:00:00	1024.0	CSTTO	319	AIRBUS A319-111	NB	LIS	2018-04-07 15:20:00	2018-04-07 15:31:00	2018-04-07 15:49:00	MAD	2018-04-07 16:45:00	2018-04-07 16:49:00	2018-04-07 16:35:00	J	TP	2018-04-07 15:57:59	4.0	89.0	0	13.0	260.0	9.0	6.21		FEW	M	M	2800.0								11.0	210.0	6.0	6.21		SCT	BKN	BKN	2000.0	3000.0	8000.0					
469136	2018-04-07 00:00:00	1903.0	CSTNN	320	AIRBUS A320-211	NB	LIS	2018-04-07 15:20:00	2018-04-07 15:21:00	2018-04-07 15:37:00	FAO	2018-04-07 16:09:00	2018-04-07 16:13:00	2018-04-07 16:05:00	J	TP	2018-04-07 15:38:59	1.0	89.0	0	13.0	260.0	9.0	6.21		FEW	M	M	2800.0								16.0	240.0	13.0	6.21		FEW	FEW	M	1500.0	2000.0						
469137	2018-04-07 00:00:00	341.0	CSTNW	320	AIRBUS A320-211	NB	LGW	2018-04-07 15:25:00	2018-04-07 15:28:00	2018-04-07 15:47:00	LIS	2018-04-07 18:05:00	2018-04-07 18:09:00	2018-04-07 18:05:00	J	TP	2018-04-07 16:09:21	3.0	82.0	0	14.0	190.0	9.0	6.21		FEW	M	M	1900.0								13.0	260.0	10.0	6.21		FEW	BKN	M	1600.0	2400.0						
469138	2018-04-07 00:00:00	1092.0	CSDJC	AT7	ATR 72	WI	LIS	2018-04-07 15:30:00	2018-04-07 15:30:00	2018-04-07 15:47:00	VLC	2018-04-07 17:33:00	2018-04-07 17:38:00	2018-04-07 17:35:00	J	WI					13.0	260.0	9.0	6.21		FEW	M	M	2800.0								16.0	100.0	5.0	6.21		FEW	SCT	BKN	2500.0	4000.0	6000.0					
469139	2018-04-07 00:00:00	1451.0	CSTTU	319	AIRBUS A319-111	NB	RAK	2018-04-07 15:30:00	2018-04-07 15:37:00	2018-04-07 15:48:00	LIS	2018-04-07 17:06:00	2018-04-07 17:11:00	2018-04-07 17:05:00	J	TP	2018-04-11 08:32:59	1.0	89.0	0	19.0	230.0	10.0	6.21		SCT	M	M	2000.0								14.0	250.0	8.0	6.21		FEW	BKN	M	1800.0	2400.0						
469140	2018-04-07 00:00:00	1951.0	CSDJB	AT7	ATR 72	WI	OPO	2018-04-07 15:30:00	2018-04-07 16:16:00	2018-04-07 16:24:00	LIS	2018-04-07 17:03:00	2018-04-07 17:07:00	2018-04-07 16:30:00	J	WI	2018-04-07 16:28:16	46.0	93.0	R	14.0	200.0	9.0	6.21		FEW	SCT	FEW	1100.0	1700.0	2000.0						14.0	250.0	8.0	6.21		FEW	BKN	M	1800.0	2400.0						
469141	2018-04-07 00:00:00	1427.0	CSDJF	AT7	ATR 72	WI	FEZ	2018-04-07 15:35:00	2018-04-07 16:24:00	2018-04-07 16:35:00	LIS	2018-04-07 18:25:00	2018-04-07 18:40:00	2018-04-07 17:40:00	J	WI	2018-04-07 16:40:59	49.0	93.0	R	16.0	310.0	12.0	6.21		BKN	M	M	3000.0								13.0	280.0	6.0	6.21		SCT	M	M	2000.0							
469142	2018-04-07 00:00:00	1443.0	CSTPT	E90	EMBRAER 190	PGA	CMN	2018-04-07 15:35:00	2018-04-07 16:08:00	2018-04-07 16:19:00	LIS	2018-04-07 17:24:00	2018-04-07 17:29:00	2018-04-07 17:15:00	J	NI	2018-04-07 16:35:26	33.0	93.0	0	18.0	280.0	16.0	6.21		SCT	SCT	M	1600.0	2000.0							14.0	270.0	9.0	6.21		FEW	BKN	M	1600.0	2200.0						
469143	2018-04-07 00:00:00	1866.0	CSTTG	319	AIRBUS A319-111	NB	PDL	2018-04-07 15:35:00	2018-04-07 15:48:00	2018-04-07 15:56:00	OPO	2018-04-07 18:01:00	2018-04-07 18:06:00	2018-04-07 17:50:00	J	TP	2018-04-07 16:25:30	13.0	16.0	H	16.0	280.0	12.0	6.21		FEW	BKN	M	1400.0	4000.0							12.0	240.0	6.0	6.21		FEW	SCT	M	1100.0	1600.0						
469144	2018-04-07 00:00:00	438.0	CSTNM	320	AIRBUS A320-211	NB	LIS	2018-04-07 15:40:00	2018-04-07 15:49:00	2018-04-07 16:00:00	ORY	2018-04-07 18:03:00	2018-04-07 18:11:00	2018-04-07 18:05:00	J	TP	2018-04-07 16:03:59	9.0	81.0	0	13.0	230.0	11.0	6.21		FEW	SCT	BKN	2200.0	3400.0	4400.0						17.0	320.0	4.0	6.21		M	M	M								
469145	2018-04-07 00:00:00	3569.0	CSTTX	E95	EMBRAER 195	PGA	MAD	2018-04-07 15:40:00	2018-04-07 15:46:00	2018-04-07 16:02:00	LIS	2018-04-07 16:57:00	2018-04-07 17:04:00	2018-04-07 16:40:00	G	NI	2018-04-07 16:07:15	6.0	93.0	0	11.0	190.0	6.0	6.21		SCT	BKN	BKN	2000.0	3000.0	6000.0						14.0	250.0	8.0	6.21		FEW	BKN	M	1800.0	2400.0						
469146	2018-04-07 00:00:00	9325.0	INEOW	738	BOEING 737-800		LIS	2018-04-07 15:40:00	2018-04-07 18:35:00	2018-04-07 18:49:00	VRN	2018-04-07 21:10:00	2018-04-07 21:12:00	2018-04-07 18:30:00	P	NO					13.0	280.0	6.0	6.21		SCT	M	M	2000.0								13.0	70.0	5.0	6.21		M	M	M								
469147	2018-04-07 00:00:00	22.0	CSTON	332	AIRBUS A330-200	WB	LIS	2018-04-07 15:45:00	2018-04-07 16:01:00	2018-04-07 16:28:00	SSA	2018-04-08 00:44:00	2018-04-08 00:54:00	2018-04-08 00:20:00	J	TP	2018-04-07 16:36:59	9.0	89.0	0	13.0	230.0	11.0	6.21		FEW	SCT	BKN	2200.0	3400.0	4400.0						27.0	110.0	7.0	6.21		FEW	M	M	2300.0							
469148	2018-04-07 00:00:00	523.0	CSTPO	E90	EMBRAER 190	PGA	STR	2018-04-07 15:55:00	2018-04-07 16:11:00	2018-04-07 16:24:00	LIS	2018-04-07 19:00:00	2018-04-07 19:03:00	2018-04-07 19:05:00	J	NI	2018-04-07 16:27:32	16.0	81.0	0	23.0	90.0	7.0	6.21		M	M	M									12.0	280.0	5.0	6.21		SCT	FEW	BKN	2200.0	3500.0	4800.0					
469149	2018-04-07 00:00:00	921.0	CSTPP	E90	EMBRAER 190	PGA	ZRH	2018-04-07 16:00:00	2018-04-07 15:56:00	2018-04-07 16:13:00	OPO	2018-04-07 18:27:00	2018-04-07 18:33:00	2018-04-07 18:35:00	J	NI					22.0	280.0	4.0	6.21		M	M	M									12.0	230.0	6.0	6.21		FEW	SCT	M	1100.0	1600.0						
469150	2018-04-07 00:00:00	927.0	CSTJE	321	AIRBUS A321-211	NB	ZRH	2018-04-07 16:00:00	2018-04-07 16:19:00	2018-04-07 16:33:00	LIS	2018-04-07 18:52:00	2018-04-07 18:55:00	2018-04-07 18:50:00	J	TP	2018-04-07 16:40:20	11.0	82.0	0	22.0	50.0	4.0	6.21		M	M	M									12.0	280.0	5.0	6.21		SCT	FEW	BKN	2200.0	3500.0	4800.0					
469151	2018-04-07 00:00:00	1962.0	CSDJE	AT7	ATR 72	WI	LIS	2018-04-07 16:00:00	2018-04-07 16:37:00	2018-04-07 16:52:00	OPO	2018-04-07 17:46:00	2018-04-07 17:53:00	2018-04-07 17:00:00	J	WI	2018-04-11 09:20:59	15.0	89.0	0	13.0	240.0	10.0	6.21		SCT	BKN	M	1800.0	3000.0							12.0	240.0	6.0	6.21		FEW	SCT	M	1100.0	1600.0						
469152	2018-04-07 00:00:00	11.0	CSTOK	332	AIRBUS A330-200	WB	LIS	2018-04-07 16:05:00	2018-04-07 16:14:00	2018-04-07 16:36:00	REC	2018-04-07 23:55:00	2018-04-07 23:58:00	2018-04-07 23:45:00	J	TP	2018-04-07 16:50:59	5.0	89.0	0	13.0	230.0	11.0	6.21		FEW	SCT	BKN	2200.0	3400.0	4400.0						27.0	150.0	6.0	6.21		M	M	M								
469153	2018-04-07 00:00:00	35.0	CSTOC	343	AIRBUS A340-312	WB	LIS	2018-04-07 16:05:00	2018-04-07 16:16:00	2018-04-07 16:41:00	FOR	2018-04-08 00:01:00	2018-04-08 00:01:00	2018-04-07 23:40:00	J	TP	2018-04-07 16:43:59	11.0	89.0	0	13.0	240.0	10.0	6.21		SCT	BKN	M	1800.0	3000.0							28.0	350.0	2.0	6.21		FEW	M	M	2000.0							
469154	2018-04-07 00:00:00	209.0	CSTOM	332	AIRBUS A330-200	WB	LIS	2018-04-07 16:10:00	2018-04-07 16:25:00	2018-04-07 16:45:00	JFK	2018-04-08 00:39:00	2018-04-08 00:46:00	2018-04-08 00:00:00	J	TP	2018-04-07 16:59:59	15.0	89.0	0	13.0	240.0	10.0	6.21		SCT	BKN	M	1800.0	3000.0								0.0	0.0	10.0		OVC	M	M	10000.0							
469155	2018-04-07 00:00:00	477.0	CSTTZ	E95	EMBRAER 195	PGA	LYS	2018-04-07 16:15:00	2018-04-07 17:17:00	2018-04-07 17:26:00	LIS	2018-04-07 19:33:00	2018-04-07 19:37:00	2018-04-07 18:45:00	J	NI	2018-04-11 09:07:59	2.0	93.0	Q	20.0	160.0	7.0	6.21		M	M	M									12.0	280.0	4.0	6.21		SCT	BKN	M	2000.0	4400.0						
469156	2018-04-07 00:00:00	487.0	CSTPR	E90	EMBRAER 190	PGA	NCE	2018-04-07 16:15:00	2018-04-07 20:18:00	2018-04-07 20:29:00	LIS	2018-04-07 22:34:00	2018-04-07 22:37:00	2018-04-07 18:50:00	J	NI	2018-04-11 08:45:59	97.0	93.0	K	17.0	60.0	13.0	6.21		M	M	M									11.0	310.0	3.0	6.21		FEW	FEW	M	1500.0	3500.0						
469157	2018-04-07 00:00:00	1689.0	CSTTD	319	AIRBUS A319-111	NB	LIS	2018-04-07 16:30:00	2018-04-07 16:39:00	2018-04-07 16:50:00	FNC	2018-04-07 18:14:00	2018-04-07 18:18:00	2018-04-07 18:15:00	J	TP	2018-04-07 16:59:59	4.0	89.0	0	13.0	240.0	10.0	6.21		SCT	BKN	M	1800.0	3000.0							17.0		5.0	6.21		SCT	M	M	1600.0							
469158	2018-04-07 00:00:00	1953.0	CSDJA	AT7	ATR 72	WI	OPO	2018-04-07 16:30:00	2018-04-07 17:29:00	2018-04-07 17:42:00	LIS	2018-04-07 18:22:00	2018-04-07 18:25:00	2018-04-07 17:30:00	J	WI	2018-04-07 17:43:29	59.0	93.0	R	13.0	220.0	8.0	6.21		FEW	SCT	FEW	1100.0	1700.0	2000.0						13.0	280.0	6.0	6.21		SCT	M	M	2000.0							
469159	2018-04-07 00:00:00	1112.0	CSDJH	AT7	ATR 72	WI	LIS	2018-04-07 16:40:00	2018-04-07 16:55:00	2018-04-07 17:09:00	OVD	2018-04-07 18:39:00	2018-04-07 18:44:00	2018-04-07 18:30:00	J	WI	2018-04-07 17:15:59	15.0	93.0	O	14.0	250.0	8.0	6.21		FEW	BKN	M	1800.0	2400.0							12.0	300.0	4.0	6.21		FEW	FEW	BKN	1400.0	3000.0	7000.0					
469160	2018-04-07 00:00:00	493.0	CSTPW	E90	EMBRAER 190	PGA	TLS	2018-04-07 16:45:00	2018-04-07 18:11:00	2018-04-07 18:21:00	LIS	2018-04-07 19:51:00	2018-04-07 19:58:00	2018-04-07 18:45:00	J	NI	2018-04-11 08:46:59	11.0	81.0	0	16.0	130.0	16.0	6.21		M	M	M									12.0	300.0	6.0	6.21		SCT	BKN	M	2000.0	4400.0						
469161	2018-04-07 00:00:00	338.0	CSTPQ	E90	EMBRAER 190	PGA	OPO	2018-04-07 16:50:00	2018-04-07 17:08:00	2018-04-07 17:24:00	LGW	2018-04-07 19:09:00	2018-04-07 19:16:00	2018-04-07 19:05:00	J	NI	2018-04-07 17:28:25	18.0	82.0	0	13.0	210.0	9.0	6.21		FEW	SCT	FEW	1100.0	1700.0	2000.0						10.0	200.0	7.0	4.35		NSC	M	M								
469162	2018-04-07 00:00:00	589.0	CSTTY	E95	EMBRAER 195	PGA	CGN	2018-04-07 16:50:00	2018-04-07 17:27:00	2018-04-07 17:41:00	LIS	2018-04-07 20:22:00	2018-04-07 20:27:00	2018-04-07 20:00:00	J	NI	2018-04-11 15:35:59	5.0	89.0	0	22.0	130.0	7.0	6.21		M	M	M									12.0	290.0	5.0	6.21		FEW	M	M	2200.0							
469163	2018-04-07 00:00:00	1904.0	CSTNN	320	AIRBUS A320-211	NB	FAO	2018-04-07 16:50:00	2018-04-07 17:07:00	2018-04-07 17:19:00	LIS	2018-04-07 17:55:00	2018-04-07 17:59:00	2018-04-07 17:35:00	J	TP	2018-04-07 17:45:34	9.0	16.0	0	16.0	250.0	17.0	6.21		FEW	FEW	M	1800.0	2000.0							13.0	260.0	10.0	6.21		FEW	BKN	M	1600.0	2400.0						
469164	2018-04-07 00:00:00	816.0	FHBAL	319	AIRBUS A319-111	NB	OPO	2018-04-07 16:55:00	2018-04-07 19:20:00	2018-04-07 19:28:00	MXP	2018-04-07 21:27:00	2018-04-07 21:30:00	2018-04-07 19:30:00	J	TP	2018-04-11 08:41:59	78.0	81.0	0	11.0		2.0	6.21		FEW	SCT	M	1100.0	1600.0							10.0	20.0	3.0	6.21		M	M	M								
469165	2018-04-07 00:00:00	321.0	CSTTW	E95	EMBRAER 195	PGA	MAN	2018-04-07 17:00:00	2018-04-07 17:10:00	2018-04-07 17:24:00	LIS	2018-04-07 19:58:00	2018-04-07 20:03:00	2018-04-07 19:45:00	J	NI	2018-04-07 17:26:22	10.0	93.0	0	10.0	280.0	9.0	6.21		FEW	BKN	M	800.0	1700.0							12.0	300.0	6.0	6.21		SCT	BKN	M	2000.0	4400.0						
469166	2018-04-07 00:00:00	431.0	CSTNQ	320	AIRBUS A320-211	NB	ORY	2018-04-07 17:00:00	2018-04-07 17:04:00	2018-04-07 17:15:00	LIS	2018-04-07 19:31:00	2018-04-07 19:34:00	2018-04-07 19:30:00	J	TP	2018-04-07 17:49:20	4.0	93.0	0	19.0	240.0	6.0	6.21		M	M	M									12.0	280.0	4.0	6.21		SCT	BKN	M	2000.0	4400.0						
469167	2018-04-07 00:00:00	566.0	CSTTJ	319	AIRBUS A319-111	NB	LIS	2018-04-07 17:00:00	2018-04-07 17:27:00	2018-04-07 17:36:00	HAM	2018-04-07 20:30:00	2018-04-07 20:34:00	2018-04-07 20:15:00	J	TP	2018-04-07 17:41:59	27.0	81.0	0	14.0	270.0	9.0	6.21		FEW	BKN	M	1600.0	2200.0							14.0	130.0	6.0	6.21		M	M	M								
469168	2018-04-07 00:00:00	1964.0	CSDJB	AT7	ATR 72	WI	LIS	2018-04-07 17:00:00	2018-04-07 17:37:00	2018-04-07 17:52:00	OPO	2018-04-07 18:36:00	2018-04-07 18:40:00	2018-04-07 18:00:00	J	WI	2018-04-07 17:53:59	37.0	93.0	R	14.0	270.0	9.0	6.21		FEW	BKN	M	1600.0	2200.0							12.0	230.0	6.0	6.21		FEW	SCT	M	1100.0	1600.0						
469169	2018-04-07 00:00:00	1305.0	CSTNS	320	AIRBUS A320-211	NB	PRG	2018-04-07 17:05:00	2018-04-07 17:28:00	2018-04-07 17:41:00	LIS	2018-04-07 20:52:00	2018-04-07 20:56:00	2018-04-07 20:35:00	J	TP	2018-04-11 09:08:59	1.0	89.0	0	15.0	130.0	18.0	6.21		M	M	M									11.0	290.0	4.0	6.21		FEW	FEW	M	2200.0	3500.0						
469170	2018-04-07 00:00:00	3.0	CSTOG	332	AIRBUS A330-200	WB	LIS	2018-04-07 17:10:00	2018-04-07 17:25:00	2018-04-07 17:39:00	NAT	2018-04-08 00:49:00	2018-04-08 00:57:00	2018-04-08 00:40:00	J	TP	2018-04-07 17:54:59	15.0	91.0	0	14.0	270.0	9.0	6.21		FEW	BKN	M	1600.0	2200.0							26.0	150.0	3.0	6.21		SCT	M	M	1800.0							
469171	2018-04-07 00:00:00	1029.0	CSTTO	319	AIRBUS A319-111	NB	MAD	2018-04-07 17:20:00	2018-04-07 17:37:00	2018-04-07 17:50:00	LIS	2018-04-07 18:42:00	2018-04-07 18:45:00	2018-04-07 18:40:00	J	TP	2018-04-07 18:14:26	3.0	89.0	0	10.0	230.0	7.0	6.21		SCT	BKN	BKN	2000.0	3000.0	8000.0						13.0	280.0	6.0	6.21		SCT	M	M	2000.0							
469172	2018-04-07 00:00:00	259.0	CSTOX	333	AIRBUS A330-300	WB	LIS	2018-04-07 17:25:00	2018-04-07 17:35:00	2018-04-07 17:48:00	YYZ	2018-04-08 01:50:00	2018-04-08 01:59:00	2018-04-08 01:35:00	J	TP	2018-04-07 17:59:59	5.0	89.0	0	14.0	270.0	9.0	6.21		FEW	BKN	M	1600.0	2200.0							-2.0	290.0	8.0	15.0		OVC	M	M	6700.0							
469173	2018-04-07 00:00:00	1955.0	CSDJE	AT7	ATR 72	WI	OPO	2018-04-07 17:30:00	2018-04-07 18:23:00	2018-04-07 18:33:00	LIS	2018-04-07 19:16:00	2018-04-07 19:22:00	2018-04-07 18:30:00	J	WI	2018-04-07 18:36:36	53.0	93.0	0	12.0	230.0	6.0	6.21		FEW	SCT	M	1100.0	1600.0							12.0	280.0	4.0	6.21		SCT	BKN	M	2000.0	4400.0						
469174	2018-04-07 00:00:00	579.0	CSTNR	320	AIRBUS A320-211	NB	FRA	2018-04-07 17:35:00	2018-04-07 17:41:00	2018-04-07 17:54:00	LIS	2018-04-07 20:37:00	2018-04-07 20:41:00	2018-04-07 20:45:00	J	TP	2018-04-08 04:26:59	6.0	81.0	0	21.0	100.0	8.0	6.21		M	M	M									12.0	290.0	5.0	6.21		FEW	M	M	2200.0							
469175	2018-04-07 00:00:00	661.0	CSTTR	319	AIRBUS A319-111	NB	AMS	2018-04-07 17:40:00	2018-04-07 20:02:00	2018-04-07 20:15:00	LIS	2018-04-07 22:56:00	2018-04-07 23:00:00	2018-04-07 20:45:00	J	TP	2018-04-08 04:29:59	2.0	89.0	0	16.0	130.0	2.0	6.21		M	M	M									11.0	300.0	4.0	6.21		FEW	FEW	M	1500.0	3500.0						
469176	2018-04-07 00:00:00	369.0	CSTNY	320	AIRBUS A320-211	NB	LHR	2018-04-07 17:45:00	2018-04-07 18:00:00	2018-04-07 18:18:00	LIS	2018-04-07 20:28:00	2018-04-07 20:35:00	2018-04-07 20:25:00	J	TP	2018-04-11 08:27:59	5.0	89.0	0	13.0	200.0	12.0	6.21		NCD	M	M									12.0	290.0	5.0	6.21		FEW	M	M	2200.0							
469177	2018-04-07 00:00:00	1273.0	CSTNU	320	AIRBUS A320-211	NB	VIE	2018-04-07 17:45:00	2018-04-07 19:22:00	2018-04-07 19:33:00	LIS	2018-04-07 22:53:00	2018-04-07 22:56:00	2018-04-07 21:20:00	J	TP	2018-04-07 19:39:37	33.0	81.0	0	9.0	130.0	7.0	6.21		FEW	SCT	M	3500.0	28000.0							11.0	300.0	4.0	6.21		FEW	FEW	M	1500.0	3500.0						
469178	2018-04-07 00:00:00	1067.0	CSDJD	AT7	ATR 72	WI	BIO	2018-04-07 17:50:00	2018-04-07 18:20:00	2018-04-07 18:27:00	LIS	2018-04-07 20:13:00	2018-04-07 20:18:00	2018-04-07 20:00:00	J	WI	2018-04-11 16:27:59	5.0	81.0	0	11.0	130.0	4.0	6.21		FEW	SCT	M	4400.0	6500.0							12.0	290.0	5.0	6.21		FEW	M	M	2200.0							
469179	2018-04-07 00:00:00	457.0	CSTTH	319	AIRBUS A319-111	NB	ORY	2018-04-07 17:55:00	2018-04-07 18:29:00	2018-04-07 18:40:00	OPO	2018-04-07 20:33:00	2018-04-07 20:39:00	2018-04-07 20:00:00	J	TP	2018-04-07 18:48:24	34.0	93.0	0	17.0	320.0	5.0	6.21		M	M	M									10.0	200.0	3.0	6.21		FEW	SCT	FEW	1100.0	1600.0	2000.0					
469180	2018-04-07 00:00:00	524.0	CSTPT	E90	EMBRAER 190	PGA	LIS	2018-04-07 18:00:00	2018-04-07 19:13:00	2018-04-07 19:29:00	STR	2018-04-07 21:57:00	2018-04-07 22:06:00	2018-04-07 20:50:00	J	NI	2018-04-07 19:31:59	64.0	82.0	0	12.0	280.0	5.0	6.21		SCT	FEW	BKN	2200.0	3500.0	4800.0						12.0		2.0	6.21		M	M	M								
469181	2018-04-07 00:00:00	1018.0	CSTNG	320	AIRBUS A320-211	NB	LIS	2018-04-07 18:00:00	2018-04-07 18:11:00	2018-04-07 18:20:00	MAD	2018-04-07 19:12:00	2018-04-07 19:16:00	2018-04-07 19:20:00	J	TP	2018-04-07 18:32:59	11.0	16.0	E	13.0	260.0	10.0	6.21		FEW	BKN	M	1600.0	2400.0							9.0	330.0	2.0	6.21		SCT	BKN	M	5500.0	7500.0						
469182	2018-04-07 00:00:00	1046.0	CSTNP	320	AIRBUS A320-211	NB	LIS	2018-04-07 18:00:00	2018-04-07 18:19:00	2018-04-07 18:28:00	BCN	2018-04-07 19:52:00	2018-04-07 19:58:00	2018-04-07 19:50:00	J	TP	2018-04-07 18:31:59	9.0	15.0	D	13.0	280.0	6.0	6.21		SCT	M	M	2000.0								15.0	60.0	16.0	6.21		FEW	SCT	M	2300.0	3700.0						
469183	2018-04-07 00:00:00	1966.0	CSDJA	AT7	ATR 72	WI	LIS	2018-04-07 18:00:00	2018-04-07 19:01:00	2018-04-07 19:10:00	OPO	2018-04-07 19:56:00	2018-04-07 20:00:00	2018-04-07 19:00:00	J	WI	2018-04-07 19:12:59	6.0	89.0	0	12.0	280.0	5.0	6.21		SCT	FEW	BKN	2200.0	3500.0	4800.0						11.0	210.0	2.0	6.21		FEW	SCT	M	1100.0	1600.0						
469184	2018-04-07 00:00:00	358.0	CSTNH	320	AIRBUS A320-211	NB	LIS	2018-04-07 18:05:00	2018-04-07 18:36:00	2018-04-07 18:47:00	LHR	2018-04-07 20:53:00	2018-04-07 20:57:00	2018-04-07 20:45:00	J	TP	2018-04-07 18:51:59	31.0	95.0	B	13.0	280.0	6.0	6.21		SCT	M	M	2000.0								11.0	210.0	9.0	6.21		NCD	M	M								
469185	2018-04-07 00:00:00	937.0	CSTTB	319	AIRBUS A319-111	NB	GVA	2018-04-07 18:05:00	2018-04-07 20:42:00	2018-04-07 20:47:00	OPO	2018-04-07 22:35:00	2018-04-07 22:40:00	2018-04-07 20:20:00	J	TP	2018-04-07 20:56:40	16.0	82.0	0	11.0	10.0	1.0	6.21		SCT	BKN	M	9000.0	12000.0							11.0	210.0	3.0	6.21		FEW	SCT	M	900.0	1800.0						
469186	2018-04-07 00:00:00	861.0	CSTTS	319	AIRBUS A319-111	NB	VCE	2018-04-07 18:10:00	2018-04-07 19:43:00	2018-04-07 19:52:00	LIS	2018-04-07 22:32:00	2018-04-07 22:37:00	2018-04-07 21:20:00	J	TP	2018-04-07 20:35:31	53.0	82.0	0	14.0	140.0	5.0	6.21		M	M	M									11.0	310.0	3.0	6.21		FEW	FEW	M	1500.0	3500.0						
469187	2018-04-07 00:00:00	829.0	CSTPV	E90	EMBRAER 190	PGA	MXP	2018-04-07 18:15:00	2018-04-07 20:15:00	2018-04-07 20:27:00	LIS	2018-04-07 23:01:00	2018-04-07 23:05:00	2018-04-07 21:10:00	J	NI	2018-04-07 20:36:50	66.0	82.0	0	11.0	80.0	2.0	6.21		M	M	M									11.0	300.0	4.0	6.21		FEW	FEW	M	1500.0	3500.0						
469188	2018-04-07 00:00:00	1093.0	CSDJC	AT7	ATR 72	WI	VLC	2018-04-07 18:15:00	2018-04-07 18:18:00	2018-04-07 18:28:00	LIS	2018-04-07 20:22:00	2018-04-07 20:32:00	2018-04-07 20:30:00	J	WI	2018-04-07 18:29:28	3.0	93.0	0	16.0	160.0	6.0	2.17		SCT	BKN	FEW	1200.0	2200.0	2500.0						12.0	290.0	5.0	6.21		FEW	M	M	2200.0							
469189	2018-04-07 00:00:00	552.0	CSTTE	319	AIRBUS A319-111	NB	LIS	2018-04-07 18:20:00	2018-04-07 18:46:00	2018-04-07 18:59:00	MUC	2018-04-07 21:35:00	2018-04-07 21:40:00	2018-04-07 21:20:00	J	TP	2018-04-07 19:02:59	26.0	95.0	B	12.0	280.0	5.0	6.21		SCT	FEW	BKN	2200.0	3500.0	4800.0						10.0	50.0	3.0	6.21		M	M	M								
469190	2018-04-07 00:00:00	649.0	CSTNJ	320	AIRBUS A320-211	NB	BRU	2018-04-07 18:25:00	2018-04-07 18:32:00	2018-04-07 18:40:00	LIS	2018-04-07 21:07:00	2018-04-07 21:13:00	2018-04-07 21:15:00	J	TP	2018-04-07 19:43:48	2.0	89.0	0	18.0	210.0	3.0	6.21		M	M	M									11.0	290.0	4.0	6.21		FEW	FEW	M	2200.0	3500.0						
469191	2018-04-07 00:00:00	1677.0	CSTJH	321	AIRBUS A321-211	NB	LIS	2018-04-07 18:25:00	2018-04-07 19:12:00	2018-04-07 19:25:00	FNC	2018-04-07 21:11:00	2018-04-07 21:17:00	2018-04-07 20:10:00	J	TP	2018-04-07 19:30:59	12.0	41.0	A	12.0	280.0	5.0	6.21		SCT	FEW	BKN	2200.0	3500.0	4800.0						16.0	360.0	10.0	6.21		SCT	M	M	1600.0							
469192	2018-04-07 00:00:00	82.0	CSTOE	332	AIRBUS A330-200	WB	GRU	2018-04-07 18:30:00	2018-04-07 18:36:00	2018-04-07 18:51:00	LIS	2018-04-08 03:58:00	2018-04-08 04:03:00	2018-04-08 04:20:00	J	TP	2018-04-07 19:04:34	6.0	89.0	0	25.0	140.0	7.0	6.21		SCT	M	M	4000.0								9.0	240.0	4.0			SCT	M	M	2000.0							
469193	2018-04-07 00:00:00	1479.0	CSTNT	320	AIRBUS A320-211	NB	LIS	2018-04-07 18:30:00	2018-04-07 18:36:00	2018-04-07 18:53:00	OXB	2018-04-07 22:54:00	2018-04-07 22:57:00	2018-04-07 22:50:00	J	TP	2018-04-07 18:54:59	6.0	85.0	C	13.0	280.0	6.0	6.21		SCT	M	M	2000.0								24.0	220.0	6.0	6.21		M	M	M								
469194	2018-04-07 00:00:00	1507.0	CSTMW	320	AIRBUS A320-211	NB	LIS	2018-04-07 18:30:00	2018-04-07 18:29:00	2018-04-07 18:44:00	ABJ	2018-04-07 23:36:00	2018-04-07 23:39:00	2018-04-07 23:50:00	J	TP					13.0	280.0	6.0	6.21		SCT	M	M	2000.0								29.0	240.0	7.0	4.97		FEW	M	M	1200.0							
469195	2018-04-07 00:00:00	1957.0	CSDJB	AT7	ATR 72	WI	OPO	2018-04-07 18:30:00	2018-04-07 19:10:00	2018-04-07 19:20:00	LIS	2018-04-07 20:02:00	2018-04-07 20:06:00	2018-04-07 19:30:00	J	WI	2018-04-07 19:27:36	40.0	93.0	R	11.0	210.0	5.0	6.21		FEW	SCT	M	1100.0	1600.0							12.0	300.0	6.0	6.21		SCT	BKN	M	2000.0	4400.0						
469196	2018-04-07 00:00:00	1034.0	CSTTP	319	AIRBUS A319-111	NB	OPO	2018-04-07 18:35:00	2018-04-07 18:43:00	2018-04-07 18:48:00	BCN	2018-04-07 20:09:00	2018-04-07 20:14:00	2018-04-07 20:20:00	J	TP	2018-04-07 18:51:31	8.0	81.0	0	12.0	230.0	6.0	6.21		FEW	SCT	M	1100.0	1600.0							15.0	60.0	16.0	6.21		FEW	SCT	M	2300.0	3700.0						
469197	2018-04-07 00:00:00	74.0	CSTOI	332	AIRBUS A330-200	WB	GIG	2018-04-07 18:40:00	2018-04-07 18:40:00	2018-04-07 19:03:00	LIS	2018-04-08 03:55:00	2018-04-08 03:59:00	2018-04-08 04:20:00	J	TP					28.0	150.0	14.0	6.21		FEW	FEW	M	2500.0	3000.0							9.0	240.0	4.0			SCT	M	M	2000.0							
469198	2018-04-07 00:00:00	446.0	CSTTF	319	AIRBUS A319-111	NB	LIS	2018-04-07 18:40:00	2018-04-07 18:45:00	2018-04-07 18:57:00	ORY	2018-04-07 20:56:00	2018-04-07 21:00:00	2018-04-07 21:05:00	J	TP	2018-04-07 19:05:59	5.0	89.0	0	13.0	280.0	6.0	6.21		SCT	M	M	2000.0								16.0	340.0	7.0	6.21		M	M	M								
469199	2018-04-07 00:00:00	838.0	CSTTU	319	AIRBUS A319-111	NB	LIS	2018-04-07 18:45:00	2018-04-07 18:49:00	2018-04-07 19:01:00	FCO	2018-04-07 21:50:00	2018-04-07 21:59:00	2018-04-07 21:35:00	J	TP	2018-04-07 19:06:59	4.0	81.0	0	12.0	280.0	5.0	6.21		SCT	FEW	BKN	2200.0	3500.0	4800.0						13.0	40.0	2.0	6.21		M	M	M								
469200	2018-04-07 00:00:00	367.0	CSTNI	320	AIRBUS A320-211	NB	LHR	2018-04-07 18:50:00	2018-04-07 19:28:00	2018-04-07 19:44:00	LIS	2018-04-07 21:58:00	2018-04-07 22:01:00	2018-04-07 21:30:00	J	TP	2018-04-07 21:43:44	3.0	89.0	0	12.0	180.0	9.0	5.59		FEW	M	M	2800.0								11.0		2.0	6.21		FEW	M	M	1600.0							
469201	2018-04-07 00:00:00	458.0	CSTTG	319	AIRBUS A319-111	NB	OPO	2018-04-07 18:50:00	2018-04-07 18:57:00	2018-04-07 19:05:00	ORY	2018-04-07 20:46:00	2018-04-07 20:53:00	2018-04-07 20:55:00	J	TP	2018-04-07 19:13:34	6.0	16.0	H	11.0	210.0	5.0	6.21		FEW	SCT	M	1100.0	1600.0							16.0	340.0	7.0	6.21		M	M	M								
469202	2018-04-07 00:00:00	449.0	CSTNM	320	AIRBUS A320-211	NB	ORY	2018-04-07 18:55:00	2018-04-07 19:11:00	2018-04-07 19:20:00	LIS	2018-04-07 21:29:00	2018-04-07 21:33:00	2018-04-07 21:20:00	J	TP	2018-04-11 08:51:59	15.0	19.0	B	16.0	300.0	4.0	6.21		M	M	M									11.0	290.0	3.0	6.21		FEW	M	M	1600.0							
469203	2018-04-07 00:00:00	642.0	CSTNW	320	AIRBUS A320-211	NB	LIS	2018-04-07 18:55:00	2018-04-07 18:59:00	2018-04-07 19:38:00	BRU	2018-04-07 21:54:00	2018-04-07 22:00:00	2018-04-07 21:35:00	J	TP	2018-04-07 19:50:59	4.0	81.0	0	12.0	280.0	5.0	6.21		SCT	FEW	BKN	2200.0	3500.0	4800.0						12.0	180.0	4.0	6.21		M	M	M								
469204	2018-04-07 00:00:00	584.0	CSTTX	E95	EMBRAER 195	PGA	LIS	2018-04-07 19:00:00	2018-04-07 19:20:00	2018-04-07 19:32:00	CGN	2018-04-07 22:03:00	2018-04-07 22:10:00	2018-04-07 21:50:00	J	NI	2018-04-07 19:34:59	20.0	82.0	0	12.0	280.0	4.0	6.21		SCT	BKN	M	2000.0	4400.0							16.0	110.0	6.0	6.21		M	M	M								
469205	2018-04-07 00:00:00	1714.0	CSTTD	319	AIRBUS A319-111	NB	FNC	2018-04-07 19:00:00	2018-04-07 18:57:00	2018-04-07 19:04:00	OPO	2018-04-07 20:48:00	2018-04-07 20:54:00	2018-04-07 20:50:00	J	TP					17.0		8.0	6.21		FEW	M	M	1600.0								11.0	190.0	3.0	6.21		FEW	SCT	FEW	1100.0	1600.0	2000.0					
469206	2018-04-07 00:00:00	1970.0	CSDJE	AT7	ATR 72	WI	LIS	2018-04-07 19:00:00	2018-04-07 19:55:00	2018-04-07 20:14:00	OPO	2018-04-07 21:00:00	2018-04-07 21:09:00	2018-04-07 20:00:00	J	WI	2018-04-07 20:14:59	3.0	89.0	0	12.0	300.0	6.0	6.21		SCT	BKN	M	2000.0	4400.0							11.0	190.0	3.0	6.21		FEW	SCT	FEW	1100.0	1600.0	2000.0					
469207	2018-04-07 00:00:00	9001.0	CSTQD	320	AIRBUS A320-211	NB	BVC	2018-04-07 19:00:00	2018-04-07 19:15:00	2018-04-07 19:26:00	LIS	2018-04-07 23:04:00	2018-04-07 23:08:00	2018-04-07 22:50:00	C	TP	2018-04-08 04:38:59	15.0	93.0	Q	22.0	30.0	18.0	6.21		BKN	BKN	M	1500.0	20000.0							11.0	300.0	4.0	6.21		FEW	FEW	M	1500.0	3500.0						
469208	2018-04-07 00:00:00	1060.0	CSDJF	AT7	ATR 72	WI	LIS	2018-04-07 19:05:00	2018-04-07 19:15:00	2018-04-07 19:23:00	BIO	2018-04-07 21:10:00	2018-04-07 21:14:00	2018-04-07 21:10:00	J	WI	2018-04-07 19:32:59	10.0	93.0	R	12.0	280.0	5.0	6.21		SCT	FEW	BKN	2200.0	3500.0	4800.0						11.0	110.0	4.0	6.21		M	M	M								
469209	2018-04-07 00:00:00	1113.0	CSDJH	AT7	ATR 72	WI	OVD	2018-04-07 19:10:00	2018-04-07 19:16:00	2018-04-07 19:21:00	LIS	2018-04-07 20:41:00	2018-04-07 20:46:00	2018-04-07 20:55:00	J	WI	2018-04-07 19:25:32	6.0	93.0	Q	11.0	230.0	6.0	5.59		FEW	FEW	BKN	600.0	5000.0	6000.0						11.0	290.0	4.0	6.21		FEW	FEW	M	2200.0	3500.0						
469210	2018-04-07 00:00:00	362.0	CSTTA	319	AIRBUS A319-111	NB	LIS	2018-04-07 19:20:00	2018-04-07 19:31:00	2018-04-07 19:40:00	LHR	2018-04-07 21:43:00	2018-04-07 21:49:00	2018-04-07 21:55:00	J	TP	2018-04-07 19:43:59	7.0	89.0	0	12.0	280.0	4.0	6.21		SCT	BKN	M	2000.0	4400.0							10.0	230.0	6.0	4.97		NCD	M	M								
469211	2018-04-07 00:00:00	946.0	CSTNN	320	AIRBUS A320-211	NB	LIS	2018-04-07 19:25:00	2018-04-07 19:45:00	2018-04-07 20:00:00	GVA	2018-04-07 22:07:00	2018-04-07 22:10:00	2018-04-07 21:45:00	J	TP	2018-04-07 20:01:59	20.0	95.0	A	12.0	280.0	4.0	6.21		SCT	BKN	M	2000.0	4400.0							10.0		1.0	6.21		NCD	M	M								
469212	2018-04-07 00:00:00	1959.0	CSDJA	AT7	ATR 72	WI	OPO	2018-04-07 19:30:00	2018-04-07 20:30:00	2018-04-07 20:43:00	LIS	2018-04-07 21:27:00	2018-04-07 21:35:00	2018-04-07 20:30:00	J	WI	2018-04-07 20:52:45	60.0	93.0	O	10.0	200.0	3.0	6.21		FEW	SCT	FEW	1100.0	1600.0	2000.0						11.0	290.0	3.0	6.21		FEW	M	M	1600.0							
469213	2018-04-07 00:00:00	1528.0	CSTNX	320	AIRBUS A320-211	NB	TMS	2018-04-07 19:35:00	2018-04-07 19:50:00	2018-04-07 19:58:00	ACC	2018-04-07 21:17:00	2018-04-07 21:20:00	2018-04-07 21:15:00	J	TP	2018-04-07 20:13:34	15.0	61.0	0	28.0	160.0	8.0	6.21		FEW	SCT	M	2500.0	25000.0							27.0	200.0	5.0	6.21		M	M	M								
469214	2018-04-07 00:00:00	1547.0	CSTJE	321	AIRBUS A321-211	NB	LIS	2018-04-07 19:45:00	2018-04-07 19:57:00	2018-04-07 20:10:00	SID	2018-04-07 23:58:00	2018-04-08 00:04:00	2018-04-07 23:55:00	J	TP	2018-04-07 20:16:59	12.0	81.0	0	12.0	300.0	6.0	6.21		SCT	BKN	M	2000.0	4400.0							21.0	50.0	14.0	6.21		BKN	M	M	1400.0							
469215	2018-04-07 00:00:00	1485.0	CSTJF	321	AIRBUS A321-211	NB	LIS	2018-04-07 19:50:00	2018-04-07 19:50:00	2018-04-07 20:03:00	DSS	2018-04-07 23:48:00	2018-04-07 23:55:00	2018-04-07 23:50:00	J	TP					12.0	300.0	6.0	6.21		SCT	BKN	M	2000.0	4400.0							20.0	350.0	14.0	4.97		NSC	M	M								
469216	2018-04-07 00:00:00	337.0	CSTPQ	E90	EMBRAER 190	PGA	LGW	2018-04-07 19:55:00	2018-04-07 20:10:00	2018-04-07 20:26:00	OPO	2018-04-07 22:22:00	2018-04-07 22:27:00	2018-04-07 22:15:00	J	NI	2018-04-11 08:23:59	9.0	31.0	E	10.0	200.0	3.0	4.97		SCT	M	M	2300.0								11.0	210.0	3.0	6.21		FEW	SCT	M	900.0	1800.0						
469217	2018-04-07 00:00:00	104.0	CSTOW	333	AIRBUS A330-300	WB	CNF	2018-04-07 20:00:00	2018-04-07 21:24:00	2018-04-07 21:38:00	LIS	2018-04-08 06:05:00	2018-04-08 06:09:00	2018-04-08 05:10:00	J	TP	2018-04-07 22:02:44	84.0	93.0	J	23.0	20.0	4.0	6.21		FEW	SCT	M	3500.0	10000.0							10.0	280.0	4.0	6.21		FEW	M	M	1800.0							
469218	2018-04-07 00:00:00	1533.0	CSTRO	320	AIRBUS A320-211	NB	LIS	2018-04-07 20:00:00	2018-04-07 20:10:00	2018-04-07 20:19:00	RAI	2018-04-08 00:27:00	2018-04-08 00:29:00	2018-04-08 00:15:00	J	TP	2018-04-07 20:20:59	10.0	82.0	0	12.0	300.0	6.0	6.21		SCT	BKN	M	2000.0	4400.0							21.0	30.0	20.0	6.21		FEW	M	M	1700.0							
469219	2018-04-07 00:00:00	494.0	CSTTZ	E95	EMBRAER 195	PGA	LIS	2018-04-07 20:05:00	2018-04-07 20:22:00	2018-04-07 20:35:00	TLS	2018-04-07 22:06:00	2018-04-07 22:11:00	2018-04-07 21:55:00	J	NI	2018-04-07 20:51:59	5.0	87.0	C	12.0	290.0	5.0	6.21		FEW	M	M	2200.0								14.0	160.0	10.0	6.21		M	M	M								
469220	2018-04-07 00:00:00	1021.0	CSTNG	320	AIRBUS A320-211	NB	MAD	2018-04-07 20:05:00	2018-04-07 20:13:00	2018-04-07 20:29:00	LIS	2018-04-07 21:21:00	2018-04-07 21:25:00	2018-04-07 21:25:00	J	TP	2018-04-07 20:36:50	3.0	89.0	0	9.0		2.0	6.21		SCT	BKN	M	5000.0	7500.0							11.0	290.0	3.0	6.21		FEW	M	M	1600.0							
469221	2018-04-07 00:00:00	224.0	CSTOU	333	AIRBUS A330-300	WB	MIA	2018-04-07 20:15:00	2018-04-07 20:31:00	2018-04-07 20:41:00	LIS	2018-04-08 04:06:00	2018-04-08 04:11:00	2018-04-08 04:20:00	J	TP	2018-04-07 21:26:50	6.0	93.0	R		200.0	13.0	10.0	18.0	SCT	M	M	4800.0								9.0	240.0	4.0			SCT	M	M	2000.0							
469222	2018-04-07 00:00:00	1968.0	CSTPW	E90	EMBRAER 190	PGA	LIS	2018-04-07 20:15:00	2018-04-07 23:41:00	2018-04-07 23:50:00	OPO	2018-04-08 00:24:00	2018-04-08 00:29:00	2018-04-07 21:10:00	J	NI	2018-04-07 23:55:59	4.0	89.0	0	11.0	280.0	3.0	6.21		FEW	FEW	M	1500.0	3500.0							11.0	240.0	3.0	6.21		FEW	BKN	M	1500.0	4800.0						
469223	2018-04-07 00:00:00	9467.0	CSTJG	321	AIRBUS A321-211	NB	LIS	2018-04-07 20:15:00	2018-04-07 21:13:00	2018-04-07 21:25:00	SID	2018-04-08 01:12:00	2018-04-08 01:23:00	2018-04-08 00:25:00	P	TP					11.0	290.0	4.0	6.21		FEW	FEW	M	2200.0	3500.0							21.0	40.0	15.0	6.21		BKN	M	M	1400.0							
469224	2018-04-07 00:00:00	817.0	FHBAL	319	AIRBUS A319-111	NB	MXP	2018-04-07 20:20:00	2018-04-07 22:20:00	2018-04-07 22:32:00	OPO	2018-04-08 00:50:00	2018-04-08 00:55:00	2018-04-07 23:05:00	J	TP	2018-04-07 22:41:59	4.0	82.0	0	9.0		1.0	6.21		M	M	M									11.0		2.0	6.21		FEW	SCT	BKN	1500.0	2000.0	4500.0					
469225	2018-04-07 00:00:00	1048.0	CSTTK	319	AIRBUS A319-111	NB	LIS	2018-04-07 20:30:00	2018-04-07 20:59:00	2018-04-07 21:10:00	BCN	2018-04-07 22:39:00	2018-04-07 22:48:00	2018-04-07 22:20:00	J	TP	2018-04-07 21:14:59	29.0	95.0	B	11.0	290.0	4.0	6.21		FEW	FEW	M	2200.0	3500.0							15.0	70.0	14.0	6.21		BKN	M	M	2200.0							
469226	2018-04-07 00:00:00	1971.0	CSDJE	AT7	ATR 72	WI	OPO	2018-04-07 20:30:00	2018-04-07 21:41:00	2018-04-07 21:53:00	LIS	2018-04-07 22:37:00	2018-04-07 22:44:00	2018-04-07 21:30:00	J	WI	2018-04-07 21:56:42	2.0	89.0	0	11.0	190.0	3.0	6.21		SCT	BKN	M	1500.0	3500.0							11.0	310.0	3.0	6.21		FEW	FEW	M	1500.0	3500.0						
469227	2018-04-07 00:00:00	1022.0	FHBIS	320	AIRBUS A320-211	NB	LIS	2018-04-07 20:35:00	2018-04-07 20:37:00	2018-04-07 20:48:00	MAD	2018-04-07 21:38:00	2018-04-07 21:48:00	2018-04-07 21:50:00	J	TP	2018-04-07 21:00:59	2.0	89.0	0	12.0	290.0	5.0	6.21		FEW	M	M	2200.0								9.0	260.0	1.0	6.21		SCT	BKN	M	2500.0	3600.0						
469228	2018-04-07 00:00:00	1047.0	CSTNP	320	AIRBUS A320-211	NB	BCN	2018-04-07 20:35:00	2018-04-07 20:54:00	2018-04-07 21:11:00	LIS	2018-04-07 22:39:00	2018-04-07 22:43:00	2018-04-07 22:30:00	J	TP	2018-04-07 23:00:53	6.0	89.0	0	15.0	70.0	12.0	6.21		BKN	M	M	2600.0								11.0	310.0	3.0	6.21		FEW	FEW	M	1500.0	3500.0						
469229	2018-04-07 00:00:00	478.0	CSTTY	E95	EMBRAER 195	PGA	LIS	2018-04-07 20:40:00	2018-04-07 21:18:00	2018-04-07 21:30:00	LYS	2018-04-07 23:29:00	2018-04-07 23:35:00	2018-04-07 22:55:00	J	NI	2018-04-07 21:34:59	11.0	82.0	0	11.0	290.0	3.0	6.21		FEW	M	M	1600.0								15.0	140.0	7.0	6.21		M	M	M								
469230	2018-04-07 00:00:00	1136.0	CSDJD	AT7	ATR 72	WI	LIS	2018-04-07 20:40:00	2018-04-07 20:57:00	2018-04-07 21:03:00	AGP	2018-04-07 22:14:00	2018-04-07 22:18:00	2018-04-07 22:10:00	J	WI	2018-04-07 21:03:59	17.0	93.0	M	11.0	290.0	4.0	6.21		FEW	FEW	M	2200.0	3500.0							12.0	270.0	3.0	6.21		FEW	SCT	M	4500.0	6500.0						
469231	2018-04-07 00:00:00	1691.0	CSTTC	319	AIRBUS A319-111	NB	LIS	2018-04-07 20:50:00	2018-04-07 20:55:00	2018-04-07 21:08:00	FNC	2018-04-07 22:31:00	2018-04-07 22:34:00	2018-04-07 22:35:00	J	TP	2018-04-07 21:13:59	5.0	91.0	0	11.0	290.0	4.0	6.21		FEW	FEW	M	2200.0	3500.0							16.0	10.0	9.0	6.21		SCT	SCT	M	1600.0	3000.0						
469232	2018-04-07 00:00:00	1713.0	CSTTH	319	AIRBUS A319-111	NB	OPO	2018-04-07 20:50:00	2018-04-07 21:30:00	2018-04-07 21:39:00	FNC	2018-04-07 23:15:00	2018-04-07 23:19:00	2018-04-07 22:50:00	J	TP	2018-04-07 21:43:45	6.0	16.0	0	11.0	190.0	3.0	6.21		SCT	BKN	M	1500.0	3500.0							17.0	360.0	8.0	6.21		SCT	SCT	M	1600.0	3000.0						
469233	2018-04-07 00:00:00	1688.0	CSTJH	321	AIRBUS A321-211	NB	FNC	2018-04-07 20:55:00	2018-04-07 22:01:00	2018-04-07 22:10:00	LIS	2018-04-07 23:40:00	2018-04-07 23:45:00	2018-04-07 22:30:00	J	TP	2018-04-07 22:19:51	12.0	93.0	H	16.0	360.0	8.0	6.21		SCT	M	M	1600.0								11.0	280.0	3.0	6.21		FEW	FEW	M	1500.0	3500.0						
469234	2018-04-07 00:00:00	1031.0	CSTTP	319	AIRBUS A319-111	NB	BCN	2018-04-07 21:05:00	2018-04-07 21:05:00	2018-04-07 21:16:00	OPO	2018-04-07 22:39:00	2018-04-07 22:43:00	2018-04-07 22:55:00	J	TP					15.0	70.0	12.0	6.21		BKN	M	M	2600.0								11.0	210.0	3.0	6.21		FEW	SCT	M	900.0	1800.0						
469235	2018-04-07 00:00:00	1432.0	CSDJA	AT7	ATR 72	WI	LIS	2018-04-07 21:10:00	2018-04-07 22:11:00	2018-04-07 22:22:00	TNG	2018-04-07 23:34:00	2018-04-07 23:39:00	2018-04-07 22:40:00	J	WI	2018-04-07 22:30:59	61.0	93.0	R	11.0		2.0	6.21		FEW	M	M	1600.0								12.0	260.0	14.0	3.73		FEW	BKN	FEW	600.0	1600.0	2000.0					
469236	2018-04-07 00:00:00	1823.0	CSTNQ	320	AIRBUS A320-211	NB	LIS	2018-04-07 21:10:00	2018-04-07 21:24:00	2018-04-07 21:37:00	TER	2018-04-07 23:56:00	2018-04-08 00:01:00	2018-04-07 23:40:00	J	TP	2018-04-07 21:44:59	14.0	14.0	A	11.0	290.0	3.0	6.21		FEW	M	M	1600.0								15.0			4.97		FEW	BKN	M	800.0	1400.0						
469237	2018-04-07 00:00:00	1104.0	CSDJC	AT7	ATR 72	WI	LIS	2018-04-07 21:20:00	2018-04-07 21:20:00	2018-04-07 21:33:00	SVQ	2018-04-07 22:25:00	2018-04-07 22:30:00	2018-04-07 22:30:00	J	WI					11.0	290.0	3.0	6.21		FEW	M	M	1600.0								11.0	200.0	3.0	6.21		FEW	M	M	4800.0							
469238	2018-04-07 00:00:00	1865.0	CSTNR	320	AIRBUS A320-211	NB	LIS	2018-04-07 21:30:00	2018-04-07 21:33:00	2018-04-07 21:45:00	PDL	2018-04-07 23:52:00	2018-04-07 23:54:00	2018-04-07 23:55:00	J	TP	2018-04-07 21:47:59	3.0	89.0	0	11.0	290.0	3.0	6.21		FEW	M	M	1600.0								16.0	290.0	15.0	6.21		FEW	SCT	M	1600.0	3500.0						
469239	2018-04-07 00:00:00	1945.0	CSTTB	319	AIRBUS A319-111	NB	OPO	2018-04-07 21:30:00	2018-04-07 23:24:00	2018-04-07 23:32:00	LIS	2018-04-08 00:01:00	2018-04-08 00:05:00	2018-04-07 22:25:00	J	TP	2018-04-07 23:38:47	114.0	93.0	R	11.0	210.0	3.0	6.21		FEW	BKN	M	1200.0	1800.0							11.0	290.0	3.0	6.21		FEW	FEW	M	1500.0	3500.0						
469240	2018-04-07 00:00:00	1958.0	CSTNS	320	AIRBUS A320-211	NB	LIS	2018-04-07 21:30:00	2018-04-07 21:59:00	2018-04-07 22:10:00	OPO	2018-04-07 22:43:00	2018-04-07 22:48:00	2018-04-07 22:25:00	J	TP	2018-04-07 22:20:59	9.0	16.0	G	11.0		2.0	6.21		FEW	M	M	1600.0								10.0	200.0	3.0	6.21		FEW	SCT	BKN	1500.0	2000.0	4500.0					
469241	2018-04-07 00:00:00	202.0	CSTOQ	332	AIRBUS A330-200	WB	EWR	2018-04-07 21:45:00	2018-04-07 21:57:00	2018-04-07 22:20:00	LIS	2018-04-08 04:02:00	2018-04-08 04:07:00	2018-04-08 04:35:00	J	TP	2018-04-07 22:37:52	5.0	89.0	0		180.0	3.0	10.0		OVC	M	M	11000.0								9.0	240.0	4.0			SCT	M	M	2000.0							
469242	2018-04-07 00:00:00	286.0	CSTOV	333	AIRBUS A330-300	WB	LAD	2018-04-07 21:45:00	2018-04-07 22:30:00	2018-04-07 22:40:00	LIS	2018-04-08 06:08:00	2018-04-08 06:16:00	2018-04-08 05:35:00	J	TP	2018-04-11 08:20:59	13.0	93.0	Q	28.0	200.0	5.0	6.21		FEW	SCT	M	2000.0	8000.0							10.0	240.0	3.0	6.21		FEW	M	M	1800.0							
469243	2018-04-07 00:00:00	2614.0	CSTKR	763	BOEING 767-300/300ER		CCS	2018-04-07 21:50:00	2018-04-07 22:57:00	2018-04-07 23:10:00	CUR	2018-04-07 23:44:00	2018-04-07 23:50:00	2018-04-07 22:55:00	J	YU	2018-04-11 08:19:59	67.0	93.0	0	26.0	70.0	4.0	6.21		M	M	M									27.0	80.0	10.0	6.21		SCT	M	M	2000.0							
469244	2018-04-07 00:00:00	1909.0	CSTTM	319	AIRBUS A319-111	NB	LIS	2018-04-07 22:05:00	2018-04-07 22:12:00	2018-04-07 22:25:00	FAO	2018-04-07 22:53:00	2018-04-07 22:57:00	2018-04-07 22:50:00	J	TP	2018-04-07 22:41:59	7.0	31.0	B	11.0		2.0	6.21		FEW	M	M	1600.0								11.0	310.0	6.0	6.21		M	M	M								
469245	2018-04-07 00:00:00	1693.0	CSTNG	320	AIRBUS A320-211	NB	LIS	2018-04-07 22:10:00	2018-04-07 22:10:00	2018-04-07 22:20:00	FNC	2018-04-07 23:41:00	2018-04-07 23:44:00	2018-04-07 23:55:00	J	TP					11.0		2.0	6.21		FEW	M	M	1600.0								17.0	360.0	8.0	6.21		SCT	SCT	M	1600.0	3000.0						
469246	2018-04-07 00:00:00	1528.0	CSTNX	320	AIRBUS A320-211	NB	ACC	2018-04-07 22:15:00	2018-04-07 22:20:00	2018-04-07 22:28:00	LIS	2018-04-08 03:41:00	2018-04-08 03:45:00	2018-04-08 03:45:00	J	TP	2018-04-11 08:22:59	5.0	36.0	0	28.0	220.0	7.0	6.21		M	M	M									9.0	240.0	3.0	6.21		FEW	M	M	1500.0							
469247	2018-04-07 00:00:00	1928.0	CSTTS	319	AIRBUS A319-111	NB	LIS	2018-04-07 22:15:00	2018-04-07 23:19:00	2018-04-07 23:28:00	OPO	2018-04-08 00:04:00	2018-04-08 00:09:00	2018-04-07 23:10:00	J	TP	2018-04-07 23:29:59	64.0	95.0	A	11.0	280.0	3.0	6.21		FEW	FEW	M	1500.0	3500.0							10.0		2.0	6.21		FEW	BKN	M	1500.0	2200.0						
469248	2018-04-07 00:00:00	87.0	CSTOB	343	AIRBUS A340-312	WB	LIS	2018-04-07 22:20:00	2018-04-07 22:21:00	2018-04-07 22:44:00	GRU	2018-04-08 08:34:00	2018-04-08 08:41:00	2018-04-08 08:20:00	J	TP	2018-04-07 22:45:59	1.0	89.0	0	11.0	310.0	3.0	6.21		FEW	FEW	M	1500.0	3500.0							18.0	70.0	5.0	3.73		BKN	M	M	500.0							
469249	2018-04-07 00:00:00	75.0	CSTOF	332	AIRBUS A330-200	WB	LIS	2018-04-07 22:25:00	2018-04-07 22:29:00	2018-04-07 22:47:00	GIG	2018-04-08 08:29:00	2018-04-08 08:33:00	2018-04-08 08:20:00	J	TP	2018-04-07 22:49:59	4.0	89.0	0	11.0	310.0	3.0	6.21		FEW	FEW	M	1500.0	3500.0							23.0	20.0	4.0	6.21		FEW	SCT	M	800.0	1500.0						
469250	2018-04-07 00:00:00	218.0	CSTOP	332	AIRBUS A330-200	WB	BOS	2018-04-07 22:40:00	2018-04-07 22:50:00	2018-04-07 23:08:00	LIS	2018-04-08 04:37:00	2018-04-08 04:40:00	2018-04-08 05:05:00	J	TP	2018-04-07 23:52:46	3.0	89.0	0		290.0	14.0	10.0		M	M	M									10.0	260.0	4.0	6.21		FEW	BKN	M	1800.0	4000.0						
469251	2018-04-07 00:00:00	118.0	CSTOL	332	AIRBUS A330-200	WB	POA	2018-04-07 22:45:00	2018-04-07 23:27:00	2018-04-07 23:41:00	LIS	2018-04-08 09:45:00	2018-04-08 09:49:00	2018-04-08 09:30:00	J	TP	2018-04-07 23:56:49	23.0	16.0	0	26.0	120.0	6.0	6.21		M	M	M									14.0	260.0	9.0	6.21		SCT	M	M	2000.0							
469252	2018-04-07 00:00:00	2394.0	CSTNM	320	AIRBUS A320-211	NB	LIS	2018-04-07 22:50:00	2018-04-07 23:00:00	2018-04-07 23:11:00	OTP	2018-04-08 03:03:00	2018-04-08 03:10:00	2018-04-08 02:50:00	J	TP	2018-04-07 23:21:59	10.0	41.0	A	11.0	300.0	4.0	6.21		FEW	FEW	M	1500.0	3500.0							12.0	40.0	12.0	6.21		M	M	M								
469253	2018-04-07 00:00:00	782.0	CSTTQ	319	AIRBUS A319-111	NB	LIS	2018-04-07 22:55:00	2018-04-07 22:55:00	2018-04-07 23:08:00	ARN	2018-04-08 02:53:00	2018-04-08 03:00:00	2018-04-08 03:10:00	J	TP					11.0	300.0	4.0	6.21		FEW	FEW	M	1500.0	3500.0							2.0	180.0	5.0	6.21		M	M	M								
469254	2018-04-07 00:00:00	80.0	CSTOO	332	AIRBUS A330-200	WB	GRU	2018-04-07 23:50:00	2018-04-08 00:28:00	2018-04-08 00:39:00	OPO	2018-04-08 10:01:00	2018-04-08 10:09:00	2018-04-08 09:50:00	J	TP	2018-04-08 00:52:56	38.0	93.0	J	21.0	150.0	3.0	6.21		BKN	M	M	1700.0								13.0	260.0	6.0	6.21		FEW	SCT	M	1500.0	4000.0						
469255	2018-04-07 00:00:00	1476.0	CSTNT	320	AIRBUS A320-211	NB	OXB	2018-04-07 23:50:00	2018-04-08 00:48:00	2018-04-08 01:08:00	LIS	2018-04-08 04:57:00	2018-04-08 05:00:00	2018-04-08 04:00:00	J	TP	2018-04-12 11:48:59	18.0	13.0	A	24.0	230.0	6.0	6.21		M	M	M									11.0	280.0	5.0	6.21		FEW	M	M	1800.0							
469256	2018-04-07 00:00:00	2614.0	CSTKR	763	BOEING 767-300/300ER		CUR	2018-04-07 23:55:00	2018-04-08 00:42:00	2018-04-08 01:03:00	LIS	2018-04-08 08:43:00	2018-04-08 08:49:00	2018-04-08 07:55:00	J	YU	2018-04-11 08:19:59	47.0	93.0	0	27.0	100.0	11.0	6.21		FEW	M	M	2000.0								13.0	290.0	6.0	6.21		BKN	M	M	2000.0							
469257	2018-04-08 00:00:00	9550.0	LYCGC	734	BOEING 737-400		VNO	2018-04-08 00:35:00	2018-04-08 00:45:00	2018-04-08 00:55:00	LIS	2018-04-08 05:10:00	2018-04-08 05:16:00	2018-04-08 05:05:00	P	XX					3.0	170.0	8.0	6.21		M	M	M									10.0	280.0	4.0	6.21		FEW	M	M	1800.0							
469258	2018-04-08 00:00:00	88.0	CSTOA	343	AIRBUS A340-312	WB	GRU	2018-04-08 00:40:00	2018-04-08 00:37:00	2018-04-08 00:52:00	LIS	2018-04-08 10:00:00	2018-04-08 10:04:00	2018-04-08 10:30:00	J	TP					21.0	140.0	3.0	6.21		BKN	M	M	1300.0								14.0	260.0	9.0	6.21		SCT	M	M	2000.0							
469259	2018-04-08 00:00:00	1484.0	CSTJF	321	AIRBUS A321-211	NB	DSS	2018-04-08 00:50:00	2018-04-08 01:05:00	2018-04-08 01:18:00	LIS	2018-04-08 04:54:00	2018-04-08 05:00:00	2018-04-08 04:45:00	J	TP	2018-04-09 07:51:59	15.0	87.0	0	19.0	350.0	12.0	4.97		NSC	M	M									11.0	280.0	5.0	6.21		FEW	M	M	1800.0							
469260	2018-04-08 00:00:00	1508.0	CSTMW	320	AIRBUS A320-211	NB	ABJ	2018-04-08 00:50:00	2018-04-08 00:52:00	2018-04-08 01:03:00	LIS	2018-04-08 06:12:00	2018-04-08 06:17:00	2018-04-08 06:00:00	J	TP	2018-04-09 03:10:59	2.0	89.0	0	28.0	250.0	7.0	4.97		FEW	M	M	1200.0								10.0	240.0	3.0	6.21		FEW	M	M	1800.0							
469261	2018-04-08 00:00:00	1538.0	CSTJE	321	AIRBUS A321-211	NB	SID	2018-04-08 00:55:00	2018-04-08 01:14:00	2018-04-08 01:23:00	LIS	2018-04-08 04:51:00	2018-04-08 04:53:00	2018-04-08 04:35:00	J	TP	2018-04-23 10:28:59	12.0	11.0	0	21.0	40.0	15.0	6.21		BKN	M	M	1400.0								11.0	280.0	5.0	6.21		FEW	M	M	1800.0							
469262	2018-04-08 00:00:00	1532.0	CSTRO	320	AIRBUS A320-211	NB	RAI	2018-04-08 01:05:00	2018-04-08 01:15:00	2018-04-08 01:25:00	LIS	2018-04-08 05:04:00	2018-04-08 05:06:00	2018-04-08 05:05:00	J	TP	2018-04-08 01:59:47	10.0	93.0	0	21.0	30.0	18.0	6.21		FEW	M	M	1700.0								11.0	280.0	5.0	6.21		FEW	M	M	1800.0							
469263	2018-04-08 00:00:00	9024.0	CSTJG	321	AIRBUS A321-211	NB	SID	2018-04-08 01:25:00	2018-04-08 02:16:00	2018-04-08 02:26:00	LIS	2018-04-08 05:49:00	2018-04-08 05:59:00	2018-04-08 05:05:00	C	TP	2018-04-12 12:25:59	51.0	93.0	H	21.0	40.0	14.0	6.21		BKN	M	M	1400.0								10.0	280.0	4.0	6.21		FEW	M	M	1800.0							
469264	2018-04-08 00:00:00	36.0	CSTOC	343	AIRBUS A340-312	WB	FOR	2018-04-08 02:05:00	2018-04-08 01:57:00	2018-04-08 02:05:00	LIS	2018-04-08 08:38:00	2018-04-08 08:41:00	2018-04-08 09:10:00	J	TP					28.0	50.0	3.0	6.21		FEW	M	M	2000.0								13.0	270.0	4.0	6.21		FEW	M	M	1800.0							
469265	2018-04-08 00:00:00	12.0	CSTOK	332	AIRBUS A330-200	WB	REC	2018-04-08 02:10:00	2018-04-08 02:16:00	2018-04-08 02:28:00	LIS	2018-04-08 09:14:00	2018-04-08 09:17:00	2018-04-08 09:35:00	J	TP	2018-04-08 02:39:11	6.0	89.0	0	26.0	230.0	3.0	6.21		BKN	BKN	M	1500.0	10000.0							13.0	290.0	8.0	6.21		SCT	BKN	M	2000.0	4000.0						
469266	2018-04-08 00:00:00	21.0	CSTON	332	AIRBUS A330-200	WB	SSA	2018-04-08 02:20:00	2018-04-08 02:17:00	2018-04-08 02:32:00	LIS	2018-04-08 10:14:00	2018-04-08 10:21:00	2018-04-08 10:25:00	J	TP					27.0	110.0	7.0	6.21		FEW	M	M	2300.0								14.0	270.0	7.0	6.21		SCT	SCT	M	2400.0	4500.0						
469267	2018-04-08 00:00:00	4.0	CSTOG	332	AIRBUS A330-200	WB	NAT	2018-04-08 03:15:00	2018-04-08 03:25:00	2018-04-08 03:36:00	LIS	2018-04-08 10:11:00	2018-04-08 10:15:00	2018-04-08 10:15:00	J	TP	2018-04-08 03:48:07	10.0	66.0	0	26.0	130.0	3.0	6.21		FEW	M	M	2000.0								14.0	260.0	9.0	6.21		SCT	M	M	2000.0							
469268	2018-04-08 00:00:00	208.0	CSTOM	332	AIRBUS A330-200	WB	JFK	2018-04-08 03:25:00	2018-04-08 03:18:00	2018-04-08 03:37:00	LIS	2018-04-08 09:33:00	2018-04-08 09:41:00	2018-04-08 10:15:00	J	TP						10.0	13.0	10.0		SCT	M	M	11000.0								13.0	290.0	8.0	6.21		SCT	BKN	M	2000.0	4000.0						
469269	2018-04-08 00:00:00	1325.0	CSTNM	320	AIRBUS A320-211	NB	OTP	2018-04-08 03:35:00	2018-04-08 04:10:00	2018-04-08 04:18:00	LIS	2018-04-08 08:28:00	2018-04-08 08:31:00	2018-04-08 08:10:00	J	TP	2018-04-12 12:08:59	5.0	93.0	H	12.0	50.0	13.0	6.21		M	M	M									13.0	270.0	4.0	6.21		FEW	M	M	1800.0							
469270	2018-04-08 00:00:00	262.0	CSTOX	333	AIRBUS A330-300	WB	YYZ	2018-04-08 03:55:00	2018-04-08 04:09:00	2018-04-08 04:28:00	LIS	2018-04-08 10:42:00	2018-04-08 10:52:00	2018-04-08 10:50:00	J	TP	2018-04-08 04:31:07	4.0	89.0	0	-3.0	270.0	7.0	15.0		OVC	M	M	6000.0								14.0	270.0	9.0	6.21		SCT	SCT	M	2500.0	4200.0						
469271	2018-04-08 00:00:00	473.0	CSTTY	E95	EMBRAER 195	PGA	LYS	2018-04-08 04:00:00	2018-04-08 04:07:00	2018-04-08 04:21:00	LIS	2018-04-08 06:26:00	2018-04-08 06:31:00	2018-04-08 06:30:00	J	NI	2018-04-08 12:59:59	7.0	64.0	0	13.0	150.0	7.0	6.21		M	M	M									10.0	240.0	3.0	6.21		FEW	M	M	1800.0							
469272	2018-04-08 00:00:00	527.0	CSTPT	E90	EMBRAER 190	PGA	STR	2018-04-08 04:00:00	2018-04-08 04:06:00	2018-04-08 04:18:00	LIS	2018-04-08 07:03:00	2018-04-08 07:07:00	2018-04-08 07:10:00	J	NI	2018-04-08 12:59:59	3.0	89.0	0	6.0		1.0	6.21		M	M	M									10.0	260.0	3.0	6.21		FEW	M	M	2000.0							
469273	2018-04-08 00:00:00	567.0	CSTTJ	319	AIRBUS A319-111	NB	HAM	2018-04-08 04:00:00	2018-04-08 03:56:00	2018-04-08 04:07:00	LIS	2018-04-08 07:10:00	2018-04-08 07:16:00	2018-04-08 07:30:00	J	TP					10.0	140.0	5.0	6.21		M	M	M									11.0	250.0	4.0	6.21		BKN	M	M	1800.0							
469274	2018-04-08 00:00:00	553.0	CSTTE	319	AIRBUS A319-111	NB	MUC	2018-04-08 04:05:00	2018-04-08 04:12:00	2018-04-08 04:28:00	LIS	2018-04-08 07:20:00	2018-04-08 07:26:00	2018-04-08 07:20:00	J	TP	2018-04-08 04:29:04	7.0	82.0	0	1.0	40.0	3.0	6.21		M	M	M									11.0	250.0	4.0	6.21		BKN	M	M	1800.0							
469275	2018-04-08 00:00:00	949.0	CSTNN	320	AIRBUS A320-211	NB	GVA	2018-04-08 04:10:00	2018-04-08 04:25:00	2018-04-08 04:33:00	LIS	2018-04-08 06:38:00	2018-04-08 06:43:00	2018-04-08 06:45:00	J	TP	2018-04-08 04:37:02	10.0	82.0	0	10.0	250.0	3.0	6.21		M	M	M									10.0	240.0	3.0	6.21		FEW	M	M	1800.0							
469276	2018-04-08 00:00:00	499.0	CSTTZ	E95	EMBRAER 195	PGA	TLS	2018-04-08 04:15:00	2018-04-08 06:31:00	2018-04-08 06:42:00	LIS	2018-04-08 08:10:00	2018-04-08 08:14:00	2018-04-08 06:15:00	J	NI	2018-04-08 12:56:59	136.0	64.0	0	12.0	130.0	12.0	6.21		BKN	OVC	///	1500.0	2500.0							12.0	250.0	6.0	6.21		FEW	M	M	1800.0							
469277	2018-04-08 00:00:00	837.0	CSTTU	319	AIRBUS A319-111	NB	FCO	2018-04-08 04:15:00	2018-04-08 04:20:00	2018-04-08 04:30:00	LIS	2018-04-08 07:07:00	2018-04-08 07:10:00	2018-04-08 07:20:00	J	TP	2018-04-08 04:35:13	5.0	89.0	0	11.0	90.0	5.0	6.21		M	M	M									10.0	260.0	3.0	6.21		FEW	M	M	2000.0							
469278	2018-04-08 00:00:00	1943.0	CSTPP	E90	EMBRAER 190	PGA	OPO	2018-04-08 04:15:00	2018-04-08 04:22:00	2018-04-08 04:30:00	LIS	2018-04-08 04:59:00	2018-04-08 05:04:00	2018-04-08 05:10:00	J	NI	2018-04-08 04:33:09	7.0	16.0	H	12.0	290.0	6.0	6.21		FEW	BKN	M	1200.0	1800.0							11.0	280.0	5.0	6.21		FEW	M	M	1800.0							
469279	2018-04-08 00:00:00	641.0	CSTNW	320	AIRBUS A320-211	NB	BRU	2018-04-08 04:20:00	2018-04-08 04:19:00	2018-04-08 04:33:00	LIS	2018-04-08 06:58:00	2018-04-08 07:04:00	2018-04-08 07:10:00	J	TP					10.0		1.0	6.21		M	M	M									10.0	260.0	3.0	6.21		FEW	M	M	2000.0							
469280	2018-04-08 00:00:00	587.0	CSTTX	E95	EMBRAER 195	PGA	CGN	2018-04-08 04:25:00	2018-04-08 04:35:00	2018-04-08 04:47:00	LIS	2018-04-08 07:23:00	2018-04-08 07:31:00	2018-04-08 07:35:00	J	NI	2018-04-09 07:52:59	2.0	89.0	0	13.0	80.0	3.0	6.21		M	M	M									11.0	250.0	4.0	6.21		BKN	M	M	1800.0							
469281	2018-04-08 00:00:00	1431.0	CSDJA	AT7	ATR 72	WI	TNG	2018-04-08 04:35:00	2018-04-08 04:35:00	2018-04-08 04:45:00	LIS	2018-04-08 06:21:00	2018-04-08 06:27:00	2018-04-08 06:05:00	J	WI					12.0	250.0	6.0	2.49		FEW	BKN	FEW	600.0	1600.0	2000.0						10.0	240.0	3.0	6.21		FEW	M	M	1800.0							
469282	2018-04-08 00:00:00	1049.0	CSTTK	319	AIRBUS A319-111	NB	BCN	2018-04-08 04:40:00	2018-04-08 04:40:00	2018-04-08 04:54:00	LIS	2018-04-08 06:29:00	2018-04-08 06:35:00	2018-04-08 06:35:00	J	TP					13.0	60.0	14.0	4.35		BKN	M	M	2000.0								10.0	240.0	3.0	6.21		FEW	M	M	1800.0							
469283	2018-04-08 00:00:00	1137.0	CSDJD	AT7	ATR 72	WI	AGP	2018-04-08 04:40:00	2018-04-08 04:37:00	2018-04-08 04:49:00	LIS	2018-04-08 06:03:00	2018-04-08 06:08:00	2018-04-08 06:15:00	J	WI					10.0		2.0	6.21		FEW	BKN	M	4000.0	6000.0							10.0	280.0	4.0	6.21		FEW	M	M	1800.0							
469284	2018-04-08 00:00:00	361.0	CSTTA	319	AIRBUS A319-111	NB	LHR	2018-04-08 05:00:00	2018-04-08 05:02:00	2018-04-08 05:15:00	LIS	2018-04-08 07:26:00	2018-04-08 07:30:00	2018-04-08 07:35:00	J	TP	2018-04-08 06:14:18	2.0	85.0	C	9.0	190.0	5.0	2.42		BKN	OVC	M	700.0	1000.0							11.0	250.0	4.0	6.21		BKN	M	M	1800.0							
469285	2018-04-08 00:00:00	459.0	CSTTF	319	AIRBUS A319-111	NB	ORY	2018-04-08 05:00:00	2018-04-08 05:07:00	2018-04-08 05:19:00	OPO	2018-04-08 07:10:00	2018-04-08 07:14:00	2018-04-08 07:05:00	J	TP	2018-04-08 05:36:14	7.0	89.0	0	11.0	40.0	4.0	6.21		M	M	M									11.0	310.0	7.0	6.21		FEW	BKN	M	1200.0	2500.0						
469286	2018-04-08 00:00:00	781.0	CSTTQ	319	AIRBUS A319-111	NB	ARN	2018-04-08 05:00:00	2018-04-08 05:10:00	2018-04-08 05:18:00	LIS	2018-04-08 09:22:00	2018-04-08 09:25:00	2018-04-08 09:25:00	J	TP	2018-04-08 05:21:12	10.0	81.0	0	3.0		2.0	6.21		OVC	M	M	10000.0								13.0	290.0	8.0	6.21		SCT	BKN	M	2000.0	4000.0						
469287	2018-04-08 00:00:00	1101.0	CSDJC	AT7	ATR 72	WI	SVQ	2018-04-08 05:00:00	2018-04-08 04:48:00	2018-04-08 05:04:00	LIS	2018-04-08 06:01:00	2018-04-08 06:06:00	2018-04-08 06:10:00	J	WI					9.0		2.0	6.21		M	M	M									10.0	280.0	4.0	6.21		FEW	M	M	1800.0							
469288	2018-04-08 00:00:00	1670.0	CSTNG	320	AIRBUS A320-211	NB	FNC	2018-04-08 05:00:00	2018-04-08 04:49:00	2018-04-08 04:55:00	LIS	2018-04-08 06:17:00	2018-04-08 06:23:00	2018-04-08 06:35:00	J	TP					17.0	340.0	5.0	6.21		SCT	M	M	1600.0								10.0	240.0	3.0	6.21		FEW	M	M	1800.0							
469289	2018-04-08 00:00:00	1900.0	CSTTM	319	AIRBUS A319-111	NB	FAO	2018-04-08 05:00:00	2018-04-08 05:00:00	2018-04-08 05:14:00	LIS	2018-04-08 05:45:00	2018-04-08 05:48:00	2018-04-08 05:45:00	J	TP					10.0	290.0	6.0	6.21		M	M	M									10.0	280.0	4.0	6.21		FEW	M	M	1800.0							
469290	2018-04-08 00:00:00	1711.0	CSTNS	320	AIRBUS A320-211	NB	OPO	2018-04-08 05:05:00	2018-04-08 05:15:00	2018-04-08 05:25:00	FNC	2018-04-08 07:10:00	2018-04-08 07:14:00	2018-04-08 07:00:00	J	TP	2018-04-08 07:05:30	4.0	89.0	0	12.0	290.0	6.0	6.21		SCT	BKN	M	1500.0	2500.0							16.0	350.0	6.0	5.59		BKN	M	M	1500.0							
469291	2018-04-08 00:00:00	1065.0	CSDJF	AT7	ATR 72	WI	BIO	2018-04-08 05:10:00	2018-04-08 05:02:00	2018-04-08 05:07:00	LIS	2018-04-08 06:50:00	2018-04-08 06:54:00	2018-04-08 07:20:00	J	WI					10.0		1.0	6.21		FEW	BKN	M	1500.0	2400.0							10.0	260.0	3.0	6.21		FEW	M	M	2000.0							
469292	2018-04-08 00:00:00	1023.0	FHBIS	320	AIRBUS A320-211	NB	MAD	2018-04-08 05:25:00	2018-04-08 05:26:00	2018-04-08 05:36:00	LIS	2018-04-08 06:31:00	2018-04-08 06:37:00	2018-04-08 06:45:00	J	TP	2018-04-08 05:41:18	1.0	89.0	0	4.0	90.0	1.0	3.11		FEW	SCT	M	200.0	600.0							10.0	240.0	3.0	6.21		FEW	M	M	1800.0							
469293	2018-04-08 00:00:00	436.0	CSTJH	321	AIRBUS A321-211	NB	LIS	2018-04-08 05:30:00	2018-04-08 05:45:00	2018-04-08 05:59:00	ORY	2018-04-08 07:56:00	2018-04-08 08:08:00	2018-04-08 07:55:00	J	TP	2018-04-08 06:13:59	15.0	87.0	A	10.0	280.0	4.0	6.21		FEW	M	M	1800.0								15.0	100.0	4.0	6.21		M	M	M								
469294	2018-04-08 00:00:00	452.0	FHBAL	319	AIRBUS A319-111	NB	OPO	2018-04-08 05:30:00	2018-04-08 05:35:00	2018-04-08 05:42:00	ORY	2018-04-08 07:22:00	2018-04-08 07:37:00	2018-04-08 07:35:00	J	TP	2018-04-08 13:00:59	5.0	16.0	E	12.0	280.0	6.0	6.21		SCT	BKN	M	1300.0	2500.0							14.0	80.0	3.0	6.21		M	M	M								
469295	2018-04-08 00:00:00	818.0	CSTTP	319	AIRBUS A319-111	NB	OPO	2018-04-08 05:30:00	2018-04-08 06:25:00	2018-04-08 06:32:00	MXP	2018-04-08 08:37:00	2018-04-08 08:43:00	2018-04-08 08:05:00	J	TP	2018-04-12 08:12:59	10.0	15.0	D	12.0	300.0	8.0	6.21		SCT	BKN	M	1200.0	2500.0							16.0	140.0	5.0	6.21		BKN	BKN	M	4000.0	8000.0						
469296	2018-04-08 00:00:00	834.0	CSTJE	321	AIRBUS A321-211	NB	LIS	2018-04-08 05:30:00	2018-04-08 06:08:00	2018-04-08 06:20:00	FCO	2018-04-08 08:51:00	2018-04-08 09:02:00	2018-04-08 08:20:00	J	TP	2018-04-08 11:51:59	18.0	5.0	0	10.0	280.0	4.0	6.21		FEW	M	M	1800.0								19.0	80.0	5.0	6.21		M	M	M								
469297	2018-04-08 00:00:00	1030.0	CSTTD	319	AIRBUS A319-111	NB	OPO	2018-04-08 05:30:00	2018-04-08 05:23:00	2018-04-08 05:31:00	BCN	2018-04-08 06:50:00	2018-04-08 06:58:00	2018-04-08 07:15:00	J	TP					12.0	280.0	6.0	6.21		SCT	BKN	M	1300.0	2500.0							13.0	80.0	15.0	1.86		BKN	M	M	700.0							
469298	2018-04-08 00:00:00	443.0	CSTTG	319	AIRBUS A319-111	NB	ORY	2018-04-08 05:50:00	2018-04-08 05:46:00	2018-04-08 05:56:00	LIS	2018-04-08 08:00:00	2018-04-08 08:03:00	2018-04-08 08:20:00	J	TP					11.0	40.0	4.0	6.21		NSC	M	M									12.0	250.0	6.0	6.21		FEW	M	M	1800.0							
469299	2018-04-08 00:00:00	9335.0	CSTRO	320	AIRBUS A320-211	NB	LIS	2018-04-08 05:50:00	2018-04-08 06:44:00	2018-04-08 06:55:00	LDE	2018-04-08 08:17:00	2018-04-08 08:23:00	2018-04-08 07:00:00	P	WI					10.0	240.0	3.0	6.21		FEW	M	M	1800.0								9.0	250.0	8.0	6.21		FEW	BKN	BKN	1200.0	4500.0	5800.0					
469300	2018-04-08 00:00:00	864.0	CSTTB	319	AIRBUS A319-111	NB	LIS	2018-04-08 05:55:00	2018-04-08 06:26:00	2018-04-08 06:40:00	VCE	2018-04-08 09:18:00	2018-04-08 09:23:00	2018-04-08 08:45:00	J	TP	2018-04-08 06:59:59	26.0	82.0	0	10.0	240.0	3.0	6.21		FEW	M	M	1800.0								16.0	90.0	5.0	6.21		M	M	M								
469301	2018-04-08 00:00:00	1026.0	CSTNU	320	AIRBUS A320-211	NB	LIS	2018-04-08 05:55:00	2018-04-08 05:59:00	2018-04-08 06:12:00	MAD	2018-04-08 07:04:00	2018-04-08 07:10:00	2018-04-08 07:10:00	J	TP	2018-04-08 06:16:59	4.0	15.0	D	10.0	280.0	4.0	6.21		FEW	M	M	1800.0								5.0		1.0	1.86		FEW	SCT	M	300.0	500.0						
469302	2018-04-08 00:00:00	646.0	CSTNX	320	AIRBUS A320-211	NB	LIS	2018-04-08 06:00:00	2018-04-08 06:01:00	2018-04-08 06:14:00	BRU	2018-04-08 08:30:00	2018-04-08 08:36:00	2018-04-08 08:40:00	J	TP	2018-04-08 06:24:59	1.0	35.0	A	10.0	280.0	4.0	6.21		FEW	M	M	1800.0								16.0	0.0	0.0	6.21		M	M	M								
469303	2018-04-08 00:00:00	754.0	CSTNL	320	AIRBUS A320-211	NB	LIS	2018-04-08 06:00:00	2018-04-08 06:16:00	2018-04-08 06:37:00	CPH	2018-04-08 09:46:00	2018-04-08 09:53:00	2018-04-08 09:35:00	J	TP	2018-04-08 06:45:59	6.0	89.0	0	10.0	240.0	3.0	6.21		FEW	M	M	1800.0								11.0	150.0	8.0	6.21		M	M	M								
469304	2018-04-08 00:00:00	922.0	CSTPQ	E90	EMBRAER 190	PGA	OPO	2018-04-08 06:00:00	2018-04-08 06:04:00	2018-04-08 06:12:00	ZRH	2018-04-08 08:32:00	2018-04-08 08:36:00	2018-04-08 08:30:00	J	NI	2018-04-08 06:15:21	4.0	85.0	B	12.0	290.0	5.0	6.21		SCT	BKN	M	1200.0	2000.0							17.0		2.0	6.21		M	M	M								
469305	2018-04-08 00:00:00	1926.0	CSDJB	AT7	ATR 72	WI	LIS	2018-04-08 06:00:00	2018-04-08 05:57:00	2018-04-08 06:07:00	OPO	2018-04-08 06:51:00	2018-04-08 06:54:00	2018-04-08 07:00:00	J	WI					10.0	280.0	4.0	6.21		FEW	M	M	1800.0								11.0	310.0	7.0	6.21		FEW	BKN	M	1200.0	2500.0						
469306	2018-04-08 00:00:00	336.0	CSTTO	319	AIRBUS A319-111	NB	LIS	2018-04-08 06:05:00	2018-04-08 06:05:00	2018-04-08 06:16:00	LGW	2018-04-08 08:25:00	2018-04-08 08:30:00	2018-04-08 08:45:00	J	TP	2018-04-08 06:26:59	2.0	15.0	D	10.0	280.0	4.0	6.21		FEW	M	M	1800.0								9.0		3.0	2.49		BKN	M	M	500.0							
469307	2018-04-08 00:00:00	1672.0	CSTTC	319	AIRBUS A319-111	NB	FNC	2018-04-08 06:05:00	2018-04-08 05:50:00	2018-04-08 05:57:00	LIS	2018-04-08 07:18:00	2018-04-08 07:23:00	2018-04-08 07:45:00	J	TP					17.0	350.0	9.0	6.21		BKN	M	M	1600.0								11.0	250.0	4.0	6.21		BKN	M	M	1800.0							
469308	2018-04-08 00:00:00	1710.0	CSTTH	319	AIRBUS A319-111	NB	FNC	2018-04-08 06:05:00	2018-04-08 05:54:00	2018-04-08 06:00:00	OPO	2018-04-08 07:42:00	2018-04-08 07:46:00	2018-04-08 07:55:00	J	TP					17.0	350.0	9.0	6.21		BKN	M	M	1600.0								11.0	290.0	6.0	5.59		FEW	SCT	FEW	600.0	1300.0	2000.0					
469309	2018-04-08 00:00:00	322.0	CSTPP	E90	EMBRAER 190	PGA	LIS	2018-04-08 06:10:00	2018-04-08 06:21:00	2018-04-08 06:34:00	MAN	2018-04-08 08:57:00	2018-04-08 09:09:00	2018-04-08 09:00:00	J	NI	2018-04-08 06:35:59	11.0	89.0	0	10.0	240.0	3.0	6.21		FEW	M	M	1800.0								8.0		3.0	4.97		FEW	M	M	200.0							
469310	2018-04-08 00:00:00	1933.0	CSTTS	319	AIRBUS A319-111	NB	OPO	2018-04-08 06:20:00	2018-04-08 06:21:00	2018-04-08 06:28:00	LIS	2018-04-08 07:00:00	2018-04-08 07:04:00	2018-04-08 07:20:00	J	TP	2018-04-08 06:32:18	1.0	89.0	0	12.0	300.0	8.0	6.21		SCT	BKN	M	1200.0	2500.0							10.0	260.0	3.0	6.21		FEW	M	M	2000.0							
469311	2018-04-08 00:00:00	1679.0	CSTJF	321	AIRBUS A321-211	NB	LIS	2018-04-08 06:30:00	2018-04-08 06:43:00	2018-04-08 06:51:00	FNC	2018-04-08 08:18:00	2018-04-08 08:22:00	2018-04-08 08:15:00	J	TP	2018-04-08 06:53:59	13.0	85.0	C	10.0	240.0	3.0	6.21		FEW	M	M	1800.0								17.0		7.0	6.21		BKN	M	M	1500.0							
469312	2018-04-08 00:00:00	374.0	CSTTI	319	AIRBUS A319-111	NB	LIS	2018-04-08 06:35:00	2018-04-08 07:16:00	2018-04-08 07:32:00	LHR	2018-04-08 09:52:00	2018-04-08 09:59:00	2018-04-08 09:20:00	J	TP	2018-04-08 07:35:59	41.0	82.0	0	11.0	250.0	4.0	6.21		BKN	M	M	1800.0								10.0	150.0	2.0	2.36		OVC	M	M	500.0							
469313	2018-04-08 00:00:00	1082.0	CSDJC	AT7	ATR 72	WI	LIS	2018-04-08 06:45:00	2018-04-08 06:45:00	2018-04-08 07:00:00	LCG	2018-04-08 08:22:00	2018-04-08 08:27:00	2018-04-08 08:20:00	J	WI					10.0	240.0	3.0	6.21		FEW	M	M	1800.0								11.0	280.0	8.0	6.21	19.0	SCT	BKN	M	1600.0	4000.0						
469314	2018-04-08 00:00:00	1106.0	CSDJA	AT7	ATR 72	WI	LIS	2018-04-08 06:50:00	2018-04-08 07:05:00	2018-04-08 07:25:00	SVQ	2018-04-08 08:06:00	2018-04-08 08:17:00	2018-04-08 08:05:00	J	WI	2018-04-08 07:28:59	15.0	93.0	R	10.0	260.0	3.0	6.21		FEW	M	M	2000.0								13.0	240.0	6.0	6.21		M	M	M								
469315	2018-04-08 00:00:00	1134.0	CSDJH	AT7	ATR 72	WI	LIS	2018-04-08 06:50:00	2018-04-08 06:50:00	2018-04-08 07:05:00	AGP	2018-04-08 08:25:00	2018-04-08 08:30:00	2018-04-08 08:20:00	J	WI					10.0	260.0	3.0	6.21		FEW	M	M	2000.0								14.0	290.0	11.0	6.21		FEW	SCT	M	3000.0	6000.0						
469316	2018-04-08 00:00:00	492.0	CSTPS	E90	EMBRAER 190	PGA	LIS	2018-04-08 06:55:00	2018-04-08 07:00:00	2018-04-08 07:14:00	TLS	2018-04-08 08:44:00	2018-04-08 08:48:00	2018-04-08 08:45:00	J	NI	2018-04-08 07:13:59	5.0	16.0	0	10.0	260.0	3.0	6.21		FEW	M	M	2000.0								11.0	230.0	4.0	2.73		BKN	BKN	OVC	500.0	1000.0	2100.0					
469317	2018-04-08 00:00:00	434.0	LYCGC	734	BOEING 737-400		LIS	2018-04-08 07:00:00	2018-04-08 07:14:00	2018-04-08 07:30:00	ORY	2018-04-08 09:30:00	2018-04-08 09:36:00	2018-04-08 09:25:00	J	TP	2018-04-08 07:32:59	14.0	89.0	0	10.0	260.0	3.0	6.21		FEW	M	M	2000.0								18.0	160.0	6.0	6.21		M	M	M								
469318	2018-04-08 00:00:00	476.0	CSTTW	E95	EMBRAER 195	PGA	LIS	2018-04-08 07:00:00	2018-04-08 07:35:00	2018-04-08 07:49:00	LYS	2018-04-08 09:52:00	2018-04-08 09:58:00	2018-04-08 09:15:00	J	NI	2018-04-08 07:50:59	35.0	67.0	0	11.0	250.0	4.0	6.21		BKN	M	M	1800.0								19.0	180.0	8.0	6.21		M	M	M								
469319	2018-04-08 00:00:00	1272.0	CSTOI	332	AIRBUS A330-200	WB	LIS	2018-04-08 07:00:00	2018-04-08 07:06:00	2018-04-08 07:21:00	VIE	2018-04-08 10:51:00	2018-04-08 10:57:00	2018-04-08 10:20:00	J	TP	2018-04-08 07:25:59	6.0	15.0	D	10.0	260.0	3.0	6.21		FEW	M	M	2000.0								15.0	140.0	23.0	6.21		M	M	M								
469320	2018-04-08 00:00:00	1828.0	CSTNQ	320	AIRBUS A320-211	NB	TER	2018-04-08 07:00:00	2018-04-08 07:00:00	2018-04-08 07:10:00	LIS	2018-04-08 09:09:00	2018-04-08 09:13:00	2018-04-08 09:15:00	J	TP					13.0			6.21		FEW	M	M	2500.0								13.0	290.0	6.0	6.21		BKN	M	M	2000.0							
469321	2018-04-08 00:00:00	1864.0	CSTNR	320	AIRBUS A320-211	NB	PDL	2018-04-08 07:00:00	2018-04-08 07:22:00	2018-04-08 07:30:00	LIS	2018-04-08 09:18:00	2018-04-08 09:21:00	2018-04-08 09:10:00	J	TP	2018-04-08 07:45:36	22.0	85.0	E	13.0	30.0	14.0	6.21		FEW	M	M	1800.0								13.0	290.0	8.0	6.21		SCT	BKN	M	2000.0	4000.0						
469322	2018-04-08 00:00:00	1924.0	CSDJD	AT7	ATR 72	WI	LIS	2018-04-08 07:00:00	2018-04-08 07:12:00	2018-04-08 07:27:00	OPO	2018-04-08 08:23:00	2018-04-08 08:26:00	2018-04-08 08:00:00	J	WI	2018-04-08 07:27:59	12.0	89.0	0	10.0	260.0	3.0	6.21		FEW	M	M	2000.0								12.0	300.0	5.0	6.21		FEW	SCT	BKN	600.0	1300.0	2500.0					
469323	2018-04-08 00:00:00	371.0	CSTNH	320	AIRBUS A320-211	NB	LHR	2018-04-08 07:10:00	2018-04-08 07:02:00	2018-04-08 07:14:00	LIS	2018-04-08 09:25:00	2018-04-08 09:30:00	2018-04-08 09:50:00	J	TP					9.0	220.0	5.0	2.11		BKN	OVC	M	400.0	1100.0							13.0	290.0	8.0	6.21		SCT	BKN	M	2000.0	4000.0						
469324	2018-04-08 00:00:00	412.0	CSTPO	E90	EMBRAER 190	PGA	LIS	2018-04-08 07:15:00	2018-04-08 07:25:00	2018-04-08 07:38:00	NTE	2018-04-08 09:10:00	2018-04-08 09:13:00	2018-04-08 09:15:00	J	NI	2018-04-08 07:45:59	5.0	89.0	0	11.0	250.0	4.0	6.21		BKN	M	M	1800.0								11.0		3.0	6.21		SCT	SCT	BKN	700.0	3200.0	6000.0					
469325	2018-04-08 00:00:00	1098.0	CSDJE	AT7	ATR 72	WI	LIS	2018-04-08 07:15:00	2018-04-08 07:30:00	2018-04-08 07:51:00	VLC	2018-04-08 09:34:00	2018-04-08 09:40:00	2018-04-08 09:20:00	J	WI	2018-04-08 07:53:59	15.0	89.0	0	11.0	250.0	4.0	6.21		BKN	M	M	1800.0								17.0	290.0	17.0	6.21		FEW	M	M	3000.0							
469326	2018-04-08 00:00:00	466.0	CSTTY	E95	EMBRAER 195	PGA	LIS	2018-04-08 07:20:00	2018-04-08 07:40:00	2018-04-08 07:53:00	BOD	2018-04-08 09:23:00	2018-04-08 09:26:00	2018-04-08 09:05:00	J	NI	2018-04-08 07:54:59	20.0	89.0	0	11.0	250.0	4.0	6.21		BKN	M	M	1800.0								13.0		3.0	6.21		FEW	OVC	M	1200.0	1900.0						
469327	2018-04-08 00:00:00	562.0	CSTTR	319	AIRBUS A319-111	NB	LIS	2018-04-08 07:20:00	2018-04-08 07:47:00	2018-04-08 08:01:00	HAM	2018-04-08 10:54:00	2018-04-08 10:59:00	2018-04-08 10:35:00	J	TP	2018-04-08 08:05:59	27.0	89.0	0	12.0	250.0	6.0	6.21		FEW	M	M	1800.0								20.0	150.0	9.0	6.21		M	M	M								
469328	2018-04-08 00:00:00	542.0	CSTPR	E90	EMBRAER 190	PGA	LIS	2018-04-08 07:30:00	2018-04-08 07:34:00	2018-04-08 07:47:00	DUS	2018-04-08 10:18:00	2018-04-08 10:20:00	2018-04-08 10:25:00	J	NI	2018-04-08 07:48:59	4.0	81.0	0	11.0	250.0	4.0	6.21		BKN	M	M	1800.0								19.0	180.0	8.0	6.21		M	M	M								
469329	2018-04-08 00:00:00	574.0	CSTNN	320	AIRBUS A320-211	NB	LIS	2018-04-08 07:30:00	2018-04-08 07:43:00	2018-04-08 07:57:00	FRA	2018-04-08 10:29:00	2018-04-08 10:38:00	2018-04-08 10:35:00	J	TP	2018-04-08 09:45:59	7.0	89.0	0	11.0	250.0	4.0	6.21		BKN	M	M	1800.0								20.0	70.0	7.0	6.21		M	M	M								
469330	2018-04-08 00:00:00	952.0	CSTNP	320	AIRBUS A320-211	NB	LIS	2018-04-08 07:30:00	2018-04-08 08:06:00	2018-04-08 08:15:00	GVA	2018-04-08 10:23:00	2018-04-08 10:27:00	2018-04-08 09:50:00	J	TP	2018-04-08 08:16:59	32.0	89.0	0	12.0	250.0	6.0	6.21		FEW	M	M	1800.0								18.0		3.0	6.21		M	M	M								
469331	2018-04-08 00:00:00	1941.0	CSDJB	AT7	ATR 72	WI	OPO	2018-04-08 07:30:00	2018-04-08 07:28:00	2018-04-08 07:40:00	LIS	2018-04-08 08:23:00	2018-04-08 08:25:00	2018-04-08 08:30:00	J	WI					11.0	300.0	8.0	2.8		FEW	BKN	FEW	600.0	1300.0	2000.0						13.0	270.0	4.0	6.21		FEW	M	M	1800.0							
469332	2018-04-08 00:00:00	1735.0	CSTTM	319	AIRBUS A319-111	NB	LIS	2018-04-08 07:35:00	2018-04-08 07:50:00	2018-04-08 08:03:00	PXO	2018-04-08 09:28:00	2018-04-08 09:33:00	2018-04-08 09:20:00	J	TP	2018-04-08 08:37:59	15.0	89.0	0	12.0	250.0	6.0	6.21		FEW	M	M	1800.0								16.0	350.0	15.0	6.21		FEW	BKN	FEW	800.0	1000.0	1200.0					
469333	2018-04-08 00:00:00	784.0	CSTMW	320	AIRBUS A320-211	NB	LIS	2018-04-08 07:45:00	2018-04-08 08:15:00	2018-04-08 08:30:00	ARN	2018-04-08 12:22:00	2018-04-08 12:31:00	2018-04-08 12:00:00	J	TP	2018-04-08 08:31:59	30.0	85.0	E	12.0	250.0	6.0	6.21		FEW	M	M	1800.0								12.0	180.0	3.0	6.21		M	M	M								
469334	2018-04-08 00:00:00	1680.0	CSTNS	320	AIRBUS A320-211	NB	FNC	2018-04-08 07:45:00	2018-04-08 07:53:00	2018-04-08 08:01:00	LIS	2018-04-08 09:30:00	2018-04-08 09:35:00	2018-04-08 09:20:00	J	TP	2018-04-08 08:03:29	4.0	93.0	M	17.0	350.0	9.0	6.21	20.0	BKN	M	M	1500.0								13.0	290.0	8.0	6.21		SCT	BKN	M	2000.0	4000.0						
469335	2018-04-08 00:00:00	558.0	CSTNI	320	AIRBUS A320-211	NB	LIS	2018-04-08 07:50:00	2018-04-08 08:11:00	2018-04-08 08:25:00	MUC	2018-04-08 11:15:00	2018-04-08 11:22:00	2018-04-08 10:50:00	J	TP	2018-04-08 08:45:59	21.0	89.0	0	12.0	250.0	6.0	6.21		FEW	M	M	1800.0								16.0	40.0	5.0	6.21		M	M	M								
469336	2018-04-08 00:00:00	334.0	CSTTF	319	AIRBUS A319-111	NB	OPO	2018-04-08 07:55:00	2018-04-08 09:48:00	2018-04-08 09:58:00	LGW	2018-04-08 11:46:00	2018-04-08 11:48:00	2018-04-08 10:05:00	J	TP	2018-04-08 10:06:45	109.0	67.0	0	13.0	260.0	6.0	6.21		FEW	SCT	M	1500.0	4000.0							10.0	300.0	5.0	4.97		FEW	BKN	M	500.0	800.0						
469337	2018-04-08 00:00:00	488.0	CSTPT	E90	EMBRAER 190	PGA	LIS	2018-04-08 07:55:00	2018-04-08 09:11:00	2018-04-08 09:23:00	NCE	2018-04-08 11:31:00	2018-04-08 11:34:00	2018-04-08 10:15:00	J	NI	2018-04-08 09:28:59	76.0	82.0	0	13.0	290.0	6.0	6.21		BKN	M	M	2000.0								17.0	80.0	35.0	6.21		M	M	M								
469338	2018-04-08 00:00:00	832.0	FHBIS	320	AIRBUS A320-211	NB	LIS	2018-04-08 07:55:00	2018-04-08 08:02:00	2018-04-08 08:12:00	FCO	2018-04-08 10:57:00	2018-04-08 11:04:00	2018-04-08 10:50:00	J	TP	2018-04-08 08:22:59	7.0	15.0	A	12.0	250.0	6.0	6.21		FEW	M	M	1800.0								21.0	170.0	14.0	6.21		M	M	M								
469339	2018-04-08 00:00:00	1011.0	CSTNU	320	AIRBUS A320-211	NB	MAD	2018-04-08 07:55:00	2018-04-08 07:55:00	2018-04-08 08:09:00	LIS	2018-04-08 09:05:00	2018-04-08 09:12:00	2018-04-08 09:15:00	J	TP					6.0	270.0	1.0	3.73		FEW	SCT	M	300.0	600.0							13.0	290.0	6.0	6.21		BKN	M	M	2000.0							
469340	2018-04-08 00:00:00	932.0	CSTKR	763	BOEING 767-300/300ER		LIS	2018-04-08 08:00:00	2018-04-08 10:25:00	2018-04-08 10:47:00	ZRH	2018-04-08 13:12:00	2018-04-08 13:22:00	2018-04-08 10:40:00	J	TP	2018-04-08 10:48:59	35.0	19.0	D	14.0	270.0	7.0	6.21		SCT	SCT	M	2400.0	4500.0							22.0	60.0	7.0	6.21		M	M	M								
469341	2018-04-08 00:00:00	1033.0	CSTTD	319	AIRBUS A319-111	NB	BCN	2018-04-08 08:00:00	2018-04-08 08:01:00	2018-04-08 08:12:00	OPO	2018-04-08 09:38:00	2018-04-08 09:46:00	2018-04-08 09:50:00	J	TP	2018-04-08 08:16:26	1.0	89.0	A	13.0	80.0	6.0	3.11		SCT	BKN	M	700.0	1000.0							13.0	260.0	6.0	6.21		FEW	SCT	M	1500.0	4000.0						
469342	2018-04-08 00:00:00	1930.0	CSDJF	AT7	ATR 72	WI	LIS	2018-04-08 08:00:00	2018-04-08 08:09:00	2018-04-08 08:20:00	OPO	2018-04-08 09:11:00	2018-04-08 09:14:00	2018-04-08 09:00:00	J	WI	2018-04-08 08:28:59	9.0	89.0	0	12.0	250.0	6.0	6.21		FEW	M	M	1800.0								12.0	270.0	5.0	6.21		FEW	SCT	BKN	800.0	1300.0	3500.0					
469343	2018-04-08 00:00:00	664.0	CSTTE	319	AIRBUS A319-111	NB	LIS	2018-04-08 08:05:00	2018-04-08 08:29:00	2018-04-08 08:48:00	AMS	2018-04-08 11:11:00	2018-04-08 11:17:00	2018-04-08 11:00:00	J	TP	2018-04-12 10:42:59	6.0	93.0	M	13.0	270.0	4.0	6.21		FEW	M	M	1800.0								19.0	70.0	4.0	6.21		M	M	M								
469344	2018-04-08 00:00:00	1040.0	CSTPV	E90	EMBRAER 190	PGA	LIS	2018-04-08 08:05:00	2018-04-08 08:21:00	2018-04-08 08:33:00	BCN	2018-04-08 10:02:00	2018-04-08 10:10:00	2018-04-08 09:55:00	J	NI	2018-04-08 08:51:59	16.0	84.0	0	13.0	270.0	4.0	6.21		FEW	M	M	1800.0								12.0	340.0	9.0	6.21		SCT	BKN	M	800.0	1000.0						
469345	2018-04-08 00:00:00	1016.0	CSTTN	319	AIRBUS A319-111	NB	LIS	2018-04-08 08:10:00	2018-04-08 08:28:00	2018-04-08 08:38:00	MAD	2018-04-08 09:34:00	2018-04-08 09:39:00	2018-04-08 09:25:00	J	TP	2018-04-08 08:52:59	13.0	89.0	0	13.0	270.0	4.0	6.21		FEW	M	M	1800.0								11.0	150.0	2.0	6.21		FEW	M	M	1000.0							
469346	2018-04-08 00:00:00	538.0	CSTTK	319	AIRBUS A319-111	NB	LIS	2018-04-08 08:15:00	2018-04-08 08:18:00	2018-04-08 08:32:00	TXL	2018-04-08 11:38:00	2018-04-08 11:43:00	2018-04-08 11:40:00	J	TP	2018-04-08 08:40:59	3.0	15.0	D	13.0	270.0	4.0	6.21		FEW	M	M	1800.0								19.0	150.0	16.0	6.21		M	M	M								
469347	2018-04-08 00:00:00	453.0	FHBAL	319	AIRBUS A319-111	NB	ORY	2018-04-08 08:20:00	2018-04-08 08:19:00	2018-04-08 08:29:00	OPO	2018-04-08 10:16:00	2018-04-08 10:22:00	2018-04-08 10:25:00	J	TP					17.0	140.0	4.0	6.21		M	M	M									14.0	240.0	8.0	6.21		FEW	SCT	M	1800.0	4500.0						
469348	2018-04-08 00:00:00	1454.0	CSTTU	319	AIRBUS A319-111	NB	LIS	2018-04-08 08:25:00	2018-04-08 08:43:00	2018-04-08 08:57:00	RAK	2018-04-08 10:04:00	2018-04-08 10:08:00	2018-04-08 10:00:00	J	TP	2018-04-08 09:00:59	18.0	89.0	0	13.0	270.0	4.0	6.21		FEW	M	M	1800.0								14.0	350.0	3.0	6.21		BKN	M	M	2000.0							
469349	2018-04-08 00:00:00	1907.0	CSTTZ	E95	EMBRAER 195	PGA	LIS	2018-04-08 08:30:00	2018-04-08 08:59:00	2018-04-08 09:13:00	FAO	2018-04-08 09:40:00	2018-04-08 09:45:00	2018-04-08 09:15:00	J	TP	2018-04-08 09:21:59	29.0	93.0	K	13.0	290.0	6.0	6.21		BKN	M	M	2000.0								15.0	250.0	7.0	6.21		SCT	M	M	2000.0							
469350	2018-04-08 00:00:00	1927.0	CSDJD	AT7	ATR 72	WI	OPO	2018-04-08 08:30:00	2018-04-08 08:56:00	2018-04-08 09:04:00	LIS	2018-04-08 09:53:00	2018-04-08 09:58:00	2018-04-08 09:30:00	J	WI	2018-04-08 09:05:40	26.0	93.0	R	12.0	270.0	5.0	6.21		FEW	SCT	BKN	800.0	1300.0	3500.0						14.0	260.0	9.0	6.21		SCT	M	M	2000.0							
469351	2018-04-08 00:00:00	1262.0	CSTTA	319	AIRBUS A319-111	NB	LIS	2018-04-08 08:35:00	2018-04-08 08:54:00	2018-04-08 09:09:00	WAW	2018-04-08 12:46:00	2018-04-08 12:50:00	2018-04-08 12:25:00	J	TP	2018-04-08 09:15:59	14.0	89.0	0	13.0	290.0	6.0	6.21		BKN	M	M	2000.0								24.0	160.0	15.0	6.21		M	M	M								
469352	2018-04-08 00:00:00	1487.0	CSTNT	320	AIRBUS A320-211	NB	LIS	2018-04-08 08:40:00	2018-04-08 08:48:00	2018-04-08 09:04:00	DSS	2018-04-08 12:58:00	2018-04-08 13:04:00	2018-04-08 12:40:00	J	TP	2018-04-08 09:08:59	8.0	89.0	0	13.0	290.0	6.0	6.21		BKN	M	M	2000.0								28.0	360.0	17.0	6.21		M	M	M								
469353	2018-04-08 00:00:00	437.0	CSTJH	321	AIRBUS A321-211	NB	ORY	2018-04-08 08:45:00	2018-04-08 09:13:00	2018-04-08 09:22:00	LIS	2018-04-08 11:28:00	2018-04-08 11:33:00	2018-04-08 11:15:00	J	TP	2018-04-12 08:08:59	8.0	89.0	0	17.0	160.0	3.0	6.21		M	M	M									16.0	250.0	8.0	6.21		SCT	M	M	3000.0							
469354	2018-04-08 00:00:00	1107.0	CSDJA	AT7	ATR 72	WI	SVQ	2018-04-08 08:45:00	2018-04-08 08:45:00	2018-04-08 08:49:00	LIS	2018-04-08 09:59:00	2018-04-08 10:05:00	2018-04-08 09:55:00	J	WI					13.0	240.0	6.0	6.21		M	M	M									14.0	260.0	9.0	6.21		SCT	M	M	2000.0							
469355	2018-04-08 00:00:00	1529.0	CSTNY	320	AIRBUS A320-211	NB	LIS	2018-04-08 08:45:00	2018-04-08 08:56:00	2018-04-08 09:11:00	ACC	2018-04-08 14:20:00	2018-04-08 14:23:00	2018-04-08 14:25:00	J	TP	2018-04-08 09:13:59	11.0	89.0	0	13.0	290.0	6.0	6.21		BKN	M	M	2000.0								29.0	210.0	9.0	6.21		M	M	M								
469356	2018-04-08 00:00:00	819.0	CSTTP	319	AIRBUS A319-111	NB	MXP	2018-04-08 08:50:00	2018-04-08 09:26:00	2018-04-08 09:35:00	OPO	2018-04-08 11:43:00	2018-04-08 11:49:00	2018-04-08 11:35:00	J	TP	2018-04-09 07:53:59	36.0	93.0	R	16.0	130.0	7.0	6.21		BKN	BKN	M	4000.0	8000.0							14.0	210.0	12.0	6.21		SCT	BKN	M	1800.0	4500.0						
469357	2018-04-08 00:00:00	938.0	CSTTH	319	AIRBUS A319-111	NB	OPO	2018-04-08 08:50:00	2018-04-08 08:55:00	2018-04-08 09:02:00	GVA	2018-04-08 10:56:00	2018-04-08 11:01:00	2018-04-08 10:55:00	J	TP	2018-04-08 09:09:32	5.0	89.0	0	12.0	270.0	5.0	6.21		FEW	SCT	BKN	800.0	1300.0	3500.0						19.0		3.0	6.21		M	M	M								
469358	2018-04-08 00:00:00	440.0	CSTTS	319	AIRBUS A319-111	NB	LIS	2018-04-08 08:55:00	2018-04-08 09:07:00	2018-04-08 09:20:00	ORY	2018-04-08 11:18:00	2018-04-08 11:22:00	2018-04-08 11:20:00	J	TP	2018-04-08 09:22:59	12.0	89.0	0	13.0	290.0	6.0	6.21		BKN	M	M	2000.0								21.0	190.0	7.0	6.21		M	M	M								
469359	2018-04-08 00:00:00	59.0	CSTOU	333	AIRBUS A330-300	WB	LIS	2018-04-08 09:00:00	2018-04-08 09:19:00	2018-04-08 09:35:00	BSB	2018-04-08 19:00:00	2018-04-08 19:09:00	2018-04-08 18:30:00	J	TP	2018-04-08 09:58:59	14.0	89.0	0	13.0	290.0	8.0	6.21		SCT	BKN	M	2000.0	4000.0							19.0	360.0	2.0	6.21		FEW	SCT	FEW	1000.0	3500.0	4000.0					
469360	2018-04-08 00:00:00	1085.0	CSDJC	AT7	ATR 72	WI	LCG	2018-04-08 09:00:00	2018-04-08 09:00:00	2018-04-08 09:05:00	LIS	2018-04-08 10:21:00	2018-04-08 10:30:00	2018-04-08 10:40:00	J	WI					12.0	270.0	7.0	6.21		FEW	SCT	BKN	1800.0	2400.0	4000.0						14.0	270.0	7.0	6.21		SCT	SCT	M	2400.0	4500.0						
469361	2018-04-08 00:00:00	1133.0	CSDJH	AT7	ATR 72	WI	AGP	2018-04-08 09:00:00	2018-04-08 09:08:00	2018-04-08 09:17:00	LIS	2018-04-08 10:34:00	2018-04-08 10:43:00	2018-04-08 10:40:00	J	WI	2018-04-08 09:21:37	8.0	93.0	0	15.0	290.0	8.0	6.21		FEW	SCT	M	3000.0	6000.0							14.0	270.0	7.0	6.21		SCT	SCT	M	2400.0	4500.0						
469362	2018-04-08 00:00:00	1674.0	CSTJF	321	AIRBUS A321-211	NB	FNC	2018-04-08 09:00:00	2018-04-08 09:05:00	2018-04-08 09:14:00	LIS	2018-04-08 10:36:00	2018-04-08 10:40:00	2018-04-08 10:35:00	J	TP	2018-04-08 09:19:32	5.0	93.0	N	17.0	360.0	11.0	6.21	21.0	BKN	M	M	1500.0								14.0	270.0	7.0	6.21		SCT	SCT	M	2400.0	4500.0						
469363	2018-04-08 00:00:00	1944.0	CSDJB	AT7	ATR 72	WI	LIS	2018-04-08 09:00:00	2018-04-08 09:11:00	2018-04-08 09:25:00	OPO	2018-04-08 10:13:00	2018-04-08 10:16:00	2018-04-08 10:00:00	J	WI	2018-04-08 09:27:59	11.0	89.0	0	13.0	290.0	6.0	6.21		BKN	M	M	2000.0								14.0	240.0	8.0	6.21		FEW	SCT	M	1800.0	4500.0						
469364	2018-04-08 00:00:00	366.0	CSTTG	319	AIRBUS A319-111	NB	LIS	2018-04-08 09:05:00	2018-04-08 09:15:00	2018-04-08 09:29:00	LHR	2018-04-08 11:53:00	2018-04-08 12:00:00	2018-04-08 11:45:00	J	TP	2018-04-08 09:32:59	5.0	89.0	0	13.0	290.0	6.0	6.21		BKN	M	M	2000.0								10.0		2.0	2.49		FEW	BKN	BKN	500.0	1600.0	2700.0					
469365	2018-04-08 00:00:00	841.0	CSTJE	321	AIRBUS A321-211	NB	FCO	2018-04-08 09:10:00	2018-04-08 10:50:00	2018-04-08 11:03:00	LIS	2018-04-08 14:02:00	2018-04-08 14:05:00	2018-04-08 12:15:00	J	TP	2018-04-09 07:57:59	45.0	81.0	0	21.0	170.0	14.0	6.21		M	M	M									13.0	230.0	15.0	6.21		SCT	SCT	M	2400.0	4200.0						
469366	2018-04-08 00:00:00	923.0	CSTPQ	E90	EMBRAER 190	PGA	ZRH	2018-04-08 09:15:00	2018-04-08 09:15:00	2018-04-08 09:25:00	OPO	2018-04-08 11:39:00	2018-04-08 11:44:00	2018-04-08 11:50:00	J	NI	2018-04-08 09:44:34	1.0	93.0	R	18.0		3.0	6.21		M	M	M									14.0	220.0	11.0	6.21		FEW	M	M	1800.0							
469367	2018-04-08 00:00:00	491.0	CSTPS	E90	EMBRAER 190	PGA	TLS	2018-04-08 09:25:00	2018-04-08 09:40:00	2018-04-08 09:50:00	LIS	2018-04-08 11:22:00	2018-04-08 11:26:00	2018-04-08 11:25:00	J	NI	2018-04-08 10:14:44	12.0	87.0	0	10.0	260.0	8.0	3.11		SCT	BKN	BKN	800.0	1400.0	2000.0						16.0	250.0	8.0	6.21		SCT	M	M	3000.0							
469368	2018-04-08 00:00:00	647.0	CSTNX	320	AIRBUS A320-211	NB	BRU	2018-04-08 09:30:00	2018-04-08 09:25:00	2018-04-08 09:38:00	LIS	2018-04-08 12:10:00	2018-04-08 12:15:00	2018-04-08 12:20:00	J	TP					17.0		1.0	6.21		M	M	M									15.0	250.0	11.0	6.21		SCT	M	M	2500.0							
469369	2018-04-08 00:00:00	1931.0	CSDJF	AT7	ATR 72	WI	OPO	2018-04-08 09:30:00	2018-04-08 09:42:00	2018-04-08 09:50:00	LIS	2018-04-08 10:31:00	2018-04-08 10:41:00	2018-04-08 10:30:00	J	WI	2018-04-08 09:52:31	12.0	93.0	0	13.0	270.0	6.0	6.21		FEW	SCT	BKN	800.0	1300.0	4000.0						14.0	270.0	7.0	6.21		SCT	SCT	M	2400.0	4500.0						
469370	2018-04-08 00:00:00	223.0	CSTOW	333	AIRBUS A330-300	WB	LIS	2018-04-08 09:35:00	2018-04-08 09:35:00	2018-04-08 09:49:00	MIA	2018-04-08 18:47:00	2018-04-08 18:54:00	2018-04-08 18:30:00	J	TP					13.0	290.0	8.0	6.21		SCT	BKN	M	2000.0	4000.0							26.72	80.0	8.0	10.0		SCT	BKN	BKN	2800.0	5500.0	11000.0					
469371	2018-04-08 00:00:00	339.0	CSTTO	319	AIRBUS A319-111	NB	LGW	2018-04-08 09:35:00	2018-04-08 09:20:00	2018-04-08 09:47:00	LIS	2018-04-08 12:02:00	2018-04-08 12:10:00	2018-04-08 12:15:00	J	TP					9.0		2.0	3.11		BKN	M	M	500.0								15.0	250.0	11.0	6.21		SCT	M	M	2500.0							
469372	2018-04-08 00:00:00	863.0	CSTTB	319	AIRBUS A319-111	NB	VCE	2018-04-08 09:35:00	2018-04-08 10:18:00	2018-04-08 10:27:00	LIS	2018-04-08 13:47:00	2018-04-08 13:53:00	2018-04-08 12:45:00	J	TP	2018-04-08 10:57:42	15.0	81.0	0	16.0	150.0	6.0	6.21		M	M	M									13.0	230.0	15.0	6.21		SCT	SCT	M	2400.0	4200.0						
469373	2018-04-08 00:00:00	1116.0	CSTPU	E90	EMBRAER 190	PGA	LIS	2018-04-08 09:40:00	2018-04-08 09:57:00	2018-04-08 10:10:00	LPA	2018-04-08 12:11:00	2018-04-08 12:14:00	2018-04-08 12:00:00	J	NI	2018-04-08 10:10:59	17.0	41.0	A	14.0	260.0	9.0	6.21		SCT	M	M	2000.0								20.0	10.0	28.0	6.21	41.0	FEW	M	M	3000.0							
469374	2018-04-08 00:00:00	1671.0	CSTJG	321	AIRBUS A321-211	NB	LIS	2018-04-08 09:40:00	2018-04-08 09:49:00	2018-04-08 10:02:00	FNC	2018-04-08 11:31:00	2018-04-08 11:34:00	2018-04-08 11:25:00	J	TP	2018-04-08 10:03:59	9.0	16.0	0	14.0	260.0	9.0	6.21		SCT	M	M	2000.0								18.0		8.0	6.21		SCT	FEW	M	1500.0	1600.0						
469375	2018-04-08 00:00:00	323.0	CSTPP	E90	EMBRAER 190	PGA	MAN	2018-04-08 09:45:00	2018-04-08 09:47:00	2018-04-08 10:01:00	LIS	2018-04-08 12:22:00	2018-04-08 12:26:00	2018-04-08 12:40:00	J	NI	2018-04-09 07:58:59	2.0	93.0	0	9.0		2.0	6.21		FEW	M	M	1900.0								14.0	240.0	16.0	6.21		FEW	M	M	2800.0							
469376	2018-04-08 00:00:00	467.0	CSTTY	E95	EMBRAER 195	PGA	BOD	2018-04-08 09:45:00	2018-04-08 09:58:00	2018-04-08 10:10:00	LIS	2018-04-08 11:46:00	2018-04-08 11:51:00	2018-04-08 11:40:00	J	NI	2018-04-09 08:19:59	13.0	93.0	M	14.0		2.0	6.21		BKN	BKN	BKN	1600.0	2200.0	4500.0						15.0	250.0	11.0	6.21		SCT	M	M	2500.0							
469377	2018-04-08 00:00:00	117.0	CSTOH	332	AIRBUS A330-200	WB	LIS	2018-04-08 09:55:00	2018-04-08 10:47:00	2018-04-08 11:06:00	POA	2018-04-08 22:31:00	2018-04-08 22:40:00	2018-04-08 21:15:00	J	TP	2018-04-08 11:08:59	52.0	46.0	0	14.0	270.0	9.0	6.21		SCT	SCT	M	2500.0	4200.0							24.0	100.0	13.0	6.21		M	M	M								
469378	2018-04-08 00:00:00	217.0	CSTOQ	332	AIRBUS A330-200	WB	LIS	2018-04-08 09:55:00	2018-04-08 09:58:00	2018-04-08 10:24:00	BOS	2018-04-08 17:49:00	2018-04-08 18:04:00	2018-04-08 17:20:00	J	TP	2018-04-08 10:31:59	3.0	16.0	E	14.0	260.0	9.0	6.21		SCT	M	M	2000.0									70.0	12.0	10.0		BKN	M	M	6000.0							
469379	2018-04-08 00:00:00	413.0	CSTPO	E90	EMBRAER 190	PGA	NTE	2018-04-08 09:55:00	2018-04-08 09:51:00	2018-04-08 10:01:00	LIS	2018-04-08 11:43:00	2018-04-08 11:50:00	2018-04-08 11:55:00	J	NI					12.0		3.0	6.21		BKN	BKN	OVC	700.0	1200.0	6600.0						15.0	250.0	11.0	6.21		SCT	M	M	2500.0							
469380	2018-04-08 00:00:00	471.0	CSTTW	E95	EMBRAER 195	PGA	LYS	2018-04-08 09:55:00	2018-04-08 11:13:00	2018-04-08 11:24:00	LIS	2018-04-08 13:37:00	2018-04-08 13:42:00	2018-04-08 12:25:00	J	NI	2018-04-09 03:03:59	35.0	82.0	0	19.0	180.0	9.0	6.21		M	M	M									13.0	230.0	16.0	6.21		SCT	M	M	2500.0							
469381	2018-04-08 00:00:00	1038.0	CSTNR	320	AIRBUS A320-211	NB	LIS	2018-04-08 09:55:00	2018-04-08 10:28:00	2018-04-08 10:38:00	BCN	2018-04-08 12:03:00	2018-04-08 12:08:00	2018-04-08 11:45:00	J	TP	2018-04-12 12:04:59	13.0	62.0	0	14.0	270.0	7.0	6.21		SCT	SCT	M	2400.0	4500.0							14.0	330.0	14.0	6.21	33.0	FEW	BKN	M	1500.0	2500.0						
469382	2018-04-08 00:00:00	1312.0	CSTNG	320	AIRBUS A320-211	NB	LIS	2018-04-08 09:55:00	2018-04-08 10:11:00	2018-04-08 10:27:00	BUD	2018-04-08 13:56:00	2018-04-08 14:01:00	2018-04-08 13:25:00	J	TP	2018-04-08 10:32:59	11.0	15.0	D	14.0	260.0	9.0	6.21		SCT	M	M	2000.0								22.0	150.0	14.0	6.21		M	M	M								
469383	2018-04-08 00:00:00	1097.0	CSDJE	AT7	ATR 72	WI	VLC	2018-04-08 10:00:00	2018-04-08 10:10:00	2018-04-08 10:20:00	LIS	2018-04-08 12:09:00	2018-04-08 12:14:00	2018-04-08 12:20:00	J	WI	2018-04-08 10:22:37	10.0	93.0	0	18.0	290.0	16.0	6.21		FEW	M	M	3000.0								15.0	250.0	11.0	6.21		SCT	M	M	2500.0							
469384	2018-04-08 00:00:00	1867.0	CSTNU	320	AIRBUS A320-211	NB	LIS	2018-04-08 10:00:00	2018-04-08 10:13:00	2018-04-08 10:29:00	PDL	2018-04-08 12:39:00	2018-04-08 12:42:00	2018-04-08 12:25:00	J	TP	2018-04-08 10:34:59	13.0	85.0	C	14.0	260.0	9.0	6.21		SCT	M	M	2000.0								15.0	50.0	12.0	6.21		FEW	M	M	2000.0							
469385	2018-04-08 00:00:00	1902.0	CSTTZ	E95	EMBRAER 195	PGA	FAO	2018-04-08 10:00:00	2018-04-08 10:43:00	2018-04-08 10:52:00	LIS	2018-04-08 11:24:00	2018-04-08 11:29:00	2018-04-08 10:50:00	J	TP	2018-04-08 10:59:47	13.0	15.0	0	16.0	240.0	11.0	6.21		FEW	M	M	3000.0								16.0	250.0	8.0	6.21		SCT	M	M	3000.0							
469386	2018-04-08 00:00:00	1934.0	CSDJD	AT7	ATR 72	WI	LIS	2018-04-08 10:00:00	2018-04-08 10:37:00	2018-04-08 10:50:00	OPO	2018-04-08 11:36:00	2018-04-08 11:42:00	2018-04-08 11:00:00	J	WI	2018-04-08 10:52:59	9.0	89.0	0	14.0	270.0	7.0	6.21		SCT	SCT	M	2400.0	4500.0							14.0	220.0	11.0	6.21		FEW	M	M	1800.0							
469387	2018-04-08 00:00:00	648.0	CSTTX	E95	EMBRAER 195	PGA	LIS	2018-04-08 10:05:00	2018-04-08 10:08:00	2018-04-08 10:21:00	BRU	2018-04-08 12:39:00	2018-04-08 12:45:00	2018-04-08 12:45:00	J	NI	2018-04-08 10:30:59	3.0	81.0	0	14.0	260.0	9.0	6.21		SCT	M	M	2000.0								22.0	120.0	6.0	6.21		M	M	M								
469388	2018-04-08 00:00:00	1738.0	CSTTM	319	AIRBUS A319-111	NB	PXO	2018-04-08 10:05:00	2018-04-08 10:05:00	2018-04-08 10:10:00	LIS	2018-04-08 11:36:00	2018-04-08 11:42:00	2018-04-08 11:35:00	J	TP	2018-04-08 10:19:33	3.0	93.0	0	16.0	10.0	18.0	6.21		SCT	FEW	SCT	1000.0	1400.0	3000.0						16.0	250.0	8.0	6.21		SCT	M	M	3000.0							
469389	2018-04-08 00:00:00	1019.0	CSTTN	319	AIRBUS A319-111	NB	MAD	2018-04-08 10:10:00	2018-04-08 10:22:00	2018-04-08 10:35:00	LIS	2018-04-08 11:31:00	2018-04-08 11:35:00	2018-04-08 11:30:00	J	TP	2018-04-08 10:39:45	12.0	93.0	0	12.0	10.0	2.0	6.21		FEW	BKN	M	2500.0	4500.0							16.0	250.0	8.0	6.21		SCT	M	M	3000.0							
469390	2018-04-08 00:00:00	433.0	LYCGC	734	BOEING 737-400		ORY	2018-04-08 10:15:00	2018-04-08 10:54:00	2018-04-08 11:04:00	LIS	2018-04-08 13:16:00	2018-04-08 13:19:00	2018-04-08 12:45:00	J	TP	2018-04-08 11:15:42	31.0	36.0	0	21.0	160.0	9.0	6.21		M	M	M									13.0	230.0	16.0	6.21		SCT	M	M	2500.0							
469391	2018-04-08 00:00:00	363.0	CSTTI	319	AIRBUS A319-111	NB	LHR	2018-04-08 10:20:00	2018-04-08 10:44:00	2018-04-08 11:00:00	LIS	2018-04-08 13:17:00	2018-04-08 13:20:00	2018-04-08 13:05:00	J	TP	2018-04-08 11:04:41	24.0	93.0	0	10.0		2.0	1.8		BKN	BKN	OVC	400.0	800.0	1200.0						13.0	230.0	16.0	6.21		SCT	M	M	2500.0							
469392	2018-04-08 00:00:00	757.0	CSTNL	320	AIRBUS A320-211	NB	CPH	2018-04-08 10:20:00	2018-04-08 11:01:00	2018-04-08 11:16:00	LIS	2018-04-08 14:47:00	2018-04-08 14:50:00	2018-04-08 14:10:00	J	TP	2018-04-08 12:34:56	18.0	93.0	0	11.0	140.0	10.0	6.21		M	M	M									12.0	230.0	18.0	3.73		FEW	BKN	FEW	600.0	1000.0	2500.0					
469393	2018-04-08 00:00:00	872.0	CSTTC	319	AIRBUS A319-111	NB	LIS	2018-04-08 10:20:00	2018-04-08 10:28:00	2018-04-08 10:40:00	VCE	2018-04-08 14:12:00	2018-04-08 14:18:00	2018-04-08 13:00:00	J	TP	2018-04-08 14:06:59	8.0	15.0	D	14.0	270.0	7.0	6.21		SCT	SCT	M	2400.0	4500.0							17.0	150.0	5.0	6.21		M	M	M								
469394	2018-04-08 00:00:00	1935.0	CSDJB	AT7	ATR 72	WI	OPO	2018-04-08 10:30:00	2018-04-08 10:43:00	2018-04-08 10:49:00	LIS	2018-04-08 11:35:00	2018-04-08 11:37:00	2018-04-08 11:30:00	J	WI	2018-04-08 10:54:36	13.0	93.0	M	14.0	240.0	8.0	6.21		FEW	SCT	M	1800.0	4500.0							16.0	250.0	8.0	6.21		SCT	M	M	3000.0							
469395	2018-04-08 00:00:00	686.0	CSTTD	319	AIRBUS A319-111	NB	OPO	2018-04-08 10:35:00	2018-04-08 10:34:00	2018-04-08 10:42:00	LUX	2018-04-08 12:43:00	2018-04-08 12:47:00	2018-04-08 12:55:00	J	TP					14.0	240.0	8.0	6.21		FEW	SCT	M	1800.0	4500.0							23.0	70.0	7.0	6.21		M	M	M								
469396	2018-04-08 00:00:00	951.0	CSTNP	320	AIRBUS A320-211	NB	GVA	2018-04-08 10:35:00	2018-04-08 11:26:00	2018-04-08 11:37:00	LIS	2018-04-08 13:54:00	2018-04-08 13:58:00	2018-04-08 13:10:00	J	TP	2018-04-08 11:44:38	14.0	15.0	D	19.0		2.0	6.21		M	M	M									13.0	230.0	15.0	6.21		SCT	SCT	M	2400.0	4200.0						
469397	2018-04-08 00:00:00	1122.0	CSDJA	AT7	ATR 72	WI	LIS	2018-04-08 10:35:00	2018-04-08 10:44:00	2018-04-08 10:52:00	ALC	2018-04-08 12:50:00	2018-04-08 12:56:00	2018-04-08 12:50:00	J	WI	2018-04-08 10:54:59	9.0	93.0	Q	14.0	270.0	7.0	6.21		SCT	SCT	M	2400.0	4500.0							22.0	290.0	13.0	6.21		FEW	BKN	M	3500.0	5500.0						
469398	2018-04-08 00:00:00	1035.0	CSTPV	E90	EMBRAER 190	PGA	BCN	2018-04-08 10:40:00	2018-04-08 11:01:00	2018-04-08 11:16:00	LIS	2018-04-08 12:45:00	2018-04-08 12:49:00	2018-04-08 12:40:00	J	NI	2018-04-08 11:34:41	6.0	89.0	A	13.0	330.0	12.0	6.21		FEW	BKN	M	1200.0	2500.0							14.0	230.0	16.0	6.21		FEW	M	M	2600.0							
469399	2018-04-08 00:00:00	1453.0	CSTTU	319	AIRBUS A319-111	NB	RAK	2018-04-08 10:45:00	2018-04-08 10:55:00	2018-04-08 11:13:00	LIS	2018-04-08 12:28:00	2018-04-08 12:31:00	2018-04-08 12:20:00	J	TP	2018-04-09 08:21:59	2.0	89.0	0	15.0		2.0	2.11		BKN	M	M	2000.0								14.0	240.0	16.0	6.21		FEW	M	M	2800.0							
469400	2018-04-08 00:00:00	331.0	CSTTF	319	AIRBUS A319-111	NB	LGW	2018-04-08 10:55:00	2018-04-08 12:48:00	2018-04-08 13:10:00	OPO	2018-04-08 15:04:00	2018-04-08 15:08:00	2018-04-08 13:15:00	J	TP	2018-04-09 09:14:56	12.0	87.0	F	10.0		3.0	6.21		BKN	BKN	M	900.0	1500.0							11.0	210.0	12.0	3.11	22.0	SCT	BKN	OVC	1100.0	1700.0	4800.0					
469401	2018-04-08 00:00:00	483.0	CSTPT	E90	EMBRAER 190	PGA	NCE	2018-04-08 10:55:00	2018-04-08 12:20:00	2018-04-08 12:30:00	LIS	2018-04-08 14:41:00	2018-04-08 14:46:00	2018-04-08 13:35:00	J	NI	2018-04-12 11:44:59	3.0	93.0	Q	17.0	80.0	34.0	6.21		M	M	M									12.0	230.0	18.0	3.73		FEW	BKN	FEW	600.0	1000.0	2500.0					
469402	2018-04-08 00:00:00	1901.0	CSTNW	320	AIRBUS A320-211	NB	LIS	2018-04-08 11:00:00	2018-04-08 11:04:00	2018-04-08 11:13:00	FAO	2018-04-08 11:39:00	2018-04-08 11:43:00	2018-04-08 11:45:00	J	TP	2018-04-08 11:13:59	4.0	89.0	0	14.0	270.0	9.0	6.21		SCT	SCT	M	2500.0	4200.0							17.0	250.0	12.0	6.21		FEW	M	M	3600.0							
469403	2018-04-08 00:00:00	1936.0	CSDJF	AT7	ATR 72	WI	LIS	2018-04-08 11:00:00	2018-04-08 11:24:00	2018-04-08 11:40:00	OPO	2018-04-08 12:30:00	2018-04-08 12:33:00	2018-04-08 12:00:00	J	WI	2018-04-08 11:47:59	13.0	89.0	0	16.0	250.0	8.0	6.21		SCT	M	M	3000.0								13.0	210.0	11.0	6.21		SCT	BKN	M	1800.0	3500.0						
469404	2018-04-08 00:00:00	354.0	CSTPW	E90	EMBRAER 190	PGA	OPO	2018-04-08 11:05:00	2018-04-08 11:22:00	2018-04-08 11:30:00	LCY	2018-04-08 13:28:00	2018-04-08 13:31:00	2018-04-08 13:20:00	J	NI	2018-04-08 11:44:40	5.0	89.0	0	14.0	220.0	11.0	6.21		FEW	M	M	1800.0								11.0		1.0	4.97		BKN	OVC	M	800.0	2400.0						
469405	2018-04-08 00:00:00	541.0	CSTPR	E90	EMBRAER 190	PGA	DUS	2018-04-08 11:05:00	2018-04-08 11:13:00	2018-04-08 11:28:00	LIS	2018-04-08 14:07:00	2018-04-08 14:10:00	2018-04-08 14:10:00	J	NI	2018-04-09 08:25:59	8.0	41.0	B	21.0	160.0	5.0	6.21		M	M	M									13.0	230.0	15.0	6.21		SCT	SCT	M	2400.0	4200.0						
469406	2018-04-08 00:00:00	658.0	FHBAL	319	AIRBUS A319-111	NB	OPO	2018-04-08 11:15:00	2018-04-08 11:13:00	2018-04-08 11:27:00	AMS	2018-04-08 13:37:00	2018-04-08 13:42:00	2018-04-08 14:00:00	J	TP					14.0	240.0	8.0	6.21		FEW	M	M	1800.0								19.0	300.0	11.0	6.21		M	M	M								
469407	2018-04-08 00:00:00	561.0	CSTTR	319	AIRBUS A319-111	NB	HAM	2018-04-08 11:20:00	2018-04-08 12:09:00	2018-04-08 12:29:00	LIS	2018-04-08 15:40:00	2018-04-08 15:44:00	2018-04-08 14:50:00	J	TP	2018-04-12 08:11:59	15.0	32.0	A	22.0	150.0	9.0	6.21		M	M	M									11.0	290.0	17.0	3.11	28.0	FEW	BKN	FEW	800.0	1200.0	3000.0					
469408	2018-04-08 00:00:00	1102.0	CSDJH	AT7	ATR 72	WI	LIS	2018-04-08 11:20:00	2018-04-08 11:22:00	2018-04-08 11:36:00	SVQ	2018-04-08 12:26:00	2018-04-08 12:30:00	2018-04-08 12:35:00	J	WI	2018-04-08 12:05:59	2.0	93.0	Q	16.0	250.0	8.0	6.21		SCT	M	M	3000.0								17.0	260.0	12.0	6.21		FEW	M	M	4400.0							
469409	2018-04-08 00:00:00	1140.0	CSDJC	AT7	ATR 72	WI	LIS	2018-04-08 11:20:00	2018-04-08 11:35:00	2018-04-08 11:45:00	VGO	2018-04-08 12:49:00	2018-04-08 12:51:00	2018-04-08 12:40:00	J	WI	2018-04-08 12:08:59	5.0	89.0	0	16.0	250.0	8.0	6.21		SCT	M	M	3000.0								11.0	230.0	11.0	5.59		SCT	SCT	BKN	2100.0	3300.0	5000.0					
469410	2018-04-08 00:00:00	1271.0	CSTOI	332	AIRBUS A330-200	WB	VIE	2018-04-08 11:20:00	2018-04-08 12:05:00	2018-04-08 12:22:00	LIS	2018-04-08 15:38:00	2018-04-08 15:44:00	2018-04-08 14:55:00	J	TP	2018-04-13 07:40:59	8.0	76.0	0	17.0	160.0	27.0	6.21		M	M	M									11.0	290.0	17.0	3.11	28.0	FEW	BKN	FEW	800.0	1200.0	3000.0					
469411	2018-04-08 00:00:00	573.0	CSTNN	320	AIRBUS A320-211	NB	FRA	2018-04-08 11:25:00	2018-04-08 11:43:00	2018-04-08 11:55:00	LIS	2018-04-08 14:36:00	2018-04-08 14:41:00	2018-04-08 14:35:00	J	TP	2018-04-09 03:07:59	9.0	32.0	0	22.0	50.0	5.0	6.21		M	M	M									12.0	220.0	16.0	2.49		FEW	SCT	BKN	1000.0	1500.0	3300.0					
469412	2018-04-08 00:00:00	442.0	CSTNK	320	AIRBUS A320-211	NB	LIS	2018-04-08 11:30:00	2018-04-08 12:04:00	2018-04-08 12:13:00	ORY	2018-04-08 14:16:00	2018-04-08 14:23:00	2018-04-08 13:55:00	J	TP	2018-04-08 12:25:59	34.0	67.0	0	15.0	250.0	11.0	6.21		SCT	M	M	2500.0								22.0	180.0	12.0	6.21		M	M	M								
469413	2018-04-08 00:00:00	931.0	CSTKR	763	BOEING 767-300/300ER		ZRH	2018-04-08 11:30:00	2018-04-08 14:38:00	2018-04-08 14:50:00	LIS	2018-04-08 17:28:00	2018-04-08 17:32:00	2018-04-08 14:20:00	J	TP	2018-04-12 12:01:59	17.0	93.0	Q	23.0	80.0	5.0	6.21		M	M	M									12.0	300.0	11.0	6.21		SCT	BKN	M	2000.0	2900.0						
469414	2018-04-08 00:00:00	1937.0	CSDJD	AT7	ATR 72	WI	OPO	2018-04-08 11:30:00	2018-04-08 12:20:00	2018-04-08 12:29:00	LIS	2018-04-08 13:14:00	2018-04-08 13:19:00	2018-04-08 12:30:00	J	WI	2018-04-08 12:38:48	3.0	89.0	0	13.0	210.0	11.0	6.21		SCT	BKN	M	1800.0	3500.0							13.0	230.0	16.0	6.21		SCT	M	M	2500.0							
469415	2018-04-08 00:00:00	557.0	CSTNI	320	AIRBUS A320-211	NB	MUC	2018-04-08 11:35:00	2018-04-08 12:19:00	2018-04-08 12:32:00	LIS	2018-04-08 15:18:00	2018-04-08 15:21:00	2018-04-08 14:50:00	J	TP	2018-04-08 13:02:49	4.0	85.0	0	18.0		4.0	6.21		M	M	M									11.0	290.0	17.0	3.11	28.0	FEW	BKN	FEW	800.0	1200.0	3000.0					
469416	2018-04-08 00:00:00	826.0	CSTNQ	320	AIRBUS A320-211	NB	LIS	2018-04-08 11:35:00	2018-04-08 11:35:00	2018-04-08 11:47:00	MXP	2018-04-08 14:41:00	2018-04-08 14:45:00	2018-04-08 14:10:00	J	TP					16.0	250.0	8.0	6.21		SCT	M	M	3000.0								19.0		4.0	6.21		M	M	M								
469417	2018-04-08 00:00:00	839.0	FHBIS	320	AIRBUS A320-211	NB	FCO	2018-04-08 11:35:00	2018-04-08 12:47:00	2018-04-08 12:58:00	LIS	2018-04-08 15:55:00	2018-04-08 15:58:00	2018-04-08 14:45:00	J	TP	2018-04-12 10:44:59	47.0	81.0	0	21.0	170.0	13.0	6.21		M	M	M									11.0	300.0	11.0	6.21	21.0	FEW	M	M	1200.0							
469418	2018-04-08 00:00:00	939.0	CSTTH	319	AIRBUS A319-111	NB	GVA	2018-04-08 11:40:00	2018-04-08 11:54:00	2018-04-08 12:02:00	OPO	2018-04-08 14:02:00	2018-04-08 14:05:00	2018-04-08 13:55:00	J	TP	2018-04-08 12:03:47	8.0	15.0	D	20.0	80.0	3.0	6.21		M	M	M									13.0	200.0	15.0	6.21		BKN	BKN	M	1700.0	2000.0						
469419	2018-04-08 00:00:00	663.0	CSTTE	319	AIRBUS A319-111	NB	AMS	2018-04-08 11:45:00	2018-04-08 12:14:00	2018-04-08 12:25:00	LIS	2018-04-08 15:08:00	2018-04-08 15:12:00	2018-04-08 14:50:00	J	TP	2018-04-12 13:39:59	12.0	89.0	0	21.0		3.0	6.21		M	M	M									12.0	230.0	18.0	3.73		FEW	BKN	FEW	600.0	1000.0	2500.0					
469420	2018-04-08 00:00:00	201.0	CSTON	332	AIRBUS A330-200	WB	LIS	2018-04-08 11:55:00	2018-04-08 12:07:00	2018-04-08 12:23:00	EWR	2018-04-08 20:12:00	2018-04-08 20:23:00	2018-04-08 19:50:00	J	TP	2018-04-08 12:39:59	6.0	89.0	0	15.0	250.0	11.0	6.21		SCT	M	M	2500.0											10.0		SCT	M	M	7500.0							
469421	2018-04-08 00:00:00	368.0	CSTNM	320	AIRBUS A320-211	NB	LIS	2018-04-08 11:55:00	2018-04-08 12:08:00	2018-04-08 12:31:00	LHR	2018-04-08 14:51:00	2018-04-08 14:58:00	2018-04-08 14:35:00	J	TP	2018-04-08 12:35:59	13.0	82.0	0	15.0	250.0	11.0	6.21		SCT	M	M	2500.0								11.0		3.0	3.11		FEW	BKN	OVC	800.0	1700.0	2300.0					
469422	2018-04-08 00:00:00	1938.0	CSDJB	AT7	ATR 72	WI	LIS	2018-04-08 12:00:00	2018-04-08 12:12:00	2018-04-08 12:27:00	OPO	2018-04-08 13:22:00	2018-04-08 13:25:00	2018-04-08 13:00:00	J	WI	2018-04-08 12:30:59	5.0	89.0	0	15.0	250.0	11.0	6.21		SCT	M	M	2500.0								12.0	190.0	9.0	6.21		SCT	BKN	BKN	1900.0	3200.0	4000.0					
469423	2018-04-08 00:00:00	439.0	CSTTS	319	AIRBUS A319-111	NB	ORY	2018-04-08 12:10:00	2018-04-08 12:41:00	2018-04-08 12:49:00	LIS	2018-04-08 14:54:00	2018-04-08 14:58:00	2018-04-08 14:40:00	J	TP	2018-04-12 13:39:59	31.0	34.0	B	21.0	170.0	10.0	6.21		M	M	M									12.0	230.0	18.0	3.73		FEW	BKN	FEW	600.0	1000.0	2500.0					
469424	2018-04-08 00:00:00	1682.0	CSTJG	321	AIRBUS A321-211	NB	FNC	2018-04-08 12:10:00	2018-04-08 12:19:00	2018-04-08 12:27:00	LIS	2018-04-08 13:51:00	2018-04-08 13:56:00	2018-04-08 13:50:00	J	TP	2018-04-08 12:34:54	9.0	93.0	R	19.0	360.0	10.0	6.21		SCT	FEW	M	1500.0	1600.0							13.0	230.0	15.0	6.21		SCT	SCT	M	2400.0	4200.0						
469425	2018-04-08 00:00:00	1028.0	CSTTN	319	AIRBUS A319-111	NB	LIS	2018-04-08 12:15:00	2018-04-08 12:30:00	2018-04-08 12:41:00	MAD	2018-04-08 13:35:00	2018-04-08 13:40:00	2018-04-08 13:30:00	J	TP	2018-04-08 12:43:59	10.0	15.0	D	14.0	240.0	16.0	6.21		FEW	M	M	2800.0								13.0	220.0	6.0	6.21		FEW	BKN	M	4200.0	6000.0						
469426	2018-04-08 00:00:00	79.0	CSTOO	332	AIRBUS A330-200	WB	OPO	2018-04-08 12:20:00	2018-04-08 12:25:00	2018-04-08 12:44:00	GIG	2018-04-08 23:07:00	2018-04-08 23:11:00	2018-04-08 22:40:00	J	TP	2018-04-08 12:47:50	5.0	89.0	0	13.0	210.0	11.0	6.21		SCT	BKN	M	1800.0	3500.0							26.0	140.0	9.0	6.21		SCT	BKN	M	3000.0	6000.0						
469427	2018-04-08 00:00:00	1861.0	CSTTP	319	AIRBUS A319-111	NB	OPO	2018-04-08 12:20:00	2018-04-08 12:37:00	2018-04-08 12:57:00	PDL	2018-04-08 15:12:00	2018-04-08 15:15:00	2018-04-08 14:45:00	J	TP	2018-04-08 13:08:55	4.0	89.0	0	13.0	210.0	11.0	6.21		SCT	BKN	M	1800.0	3500.0							16.0	10.0	12.0	6.21		FEW	M	M	2500.0							
469428	2018-04-08 00:00:00	522.0	CSTTY	E95	EMBRAER 195	PGA	LIS	2018-04-08 12:25:00	2018-04-08 12:45:00	2018-04-08 12:55:00	STR	2018-04-08 15:25:00	2018-04-08 15:35:00	2018-04-08 15:15:00	J	NI	2018-04-08 12:56:59	5.0	89.0	0	14.0	240.0	16.0	6.21		FEW	M	M	2800.0								23.0	90.0	8.0	6.21		M	M	M								
469429	2018-04-08 00:00:00	533.0	CSTTK	319	AIRBUS A319-111	NB	TXL	2018-04-08 12:25:00	2018-04-08 12:38:00	2018-04-08 12:50:00	LIS	2018-04-08 16:01:00	2018-04-08 16:05:00	2018-04-08 16:00:00	J	TP	2018-04-12 10:39:59	10.0	36.0	A	20.0	150.0	16.0	6.21		M	M	M									11.0	300.0	11.0	6.21	21.0	FEW	M	M	1200.0							
469430	2018-04-08 00:00:00	926.0	CSTJF	321	AIRBUS A321-211	NB	LIS	2018-04-08 12:30:00	2018-04-08 12:35:00	2018-04-08 12:47:00	ZRH	2018-04-08 15:23:00	2018-04-08 15:27:00	2018-04-08 15:10:00	J	TP	2018-04-08 12:51:59	5.0	15.0	D	14.0	240.0	16.0	6.21		FEW	M	M	2800.0								23.0	60.0	5.0	6.21		M	M	M								
469431	2018-04-08 00:00:00	1039.0	CSTNR	320	AIRBUS A320-211	NB	BCN	2018-04-08 12:30:00	2018-04-08 13:03:00	2018-04-08 13:13:00	LIS	2018-04-08 14:44:00	2018-04-08 14:47:00	2018-04-08 14:25:00	J	TP	2018-04-08 13:18:55	10.0	19.0	A	14.0	310.0	14.0	6.21		FEW	BKN	M	1800.0	3000.0							12.0	230.0	18.0	3.73		FEW	BKN	FEW	600.0	1000.0	2500.0					
469432	2018-04-08 00:00:00	1681.0	CSTNW	320	AIRBUS A320-211	NB	LIS	2018-04-08 12:30:00	2018-04-08 15:19:00	2018-04-08 15:33:00	FNC	2018-04-08 17:01:00	2018-04-08 17:04:00	2018-04-08 14:15:00	J	TP	2018-04-12 12:23:59	66.0	89.0	0	11.0	290.0	17.0	3.11	28.0	FEW	BKN	FEW	800.0	1200.0	3000.0						16.0	10.0	16.0	6.21		FEW	SCT	M	1200.0	1500.0						
469433	2018-04-08 00:00:00	1906.0	CSTNW	320	AIRBUS A320-211	NB	FAO	2018-04-08 12:30:00	2018-04-08 12:32:00	2018-04-08 12:41:00	LIS	2018-04-08 13:23:00	2018-04-08 13:28:00	2018-04-08 13:15:00	J	TP	2018-04-08 12:51:57	2.0	15.0	0	17.0	240.0	16.0	6.21		FEW	M	M	3000.0								13.0	230.0	16.0	6.21		SCT	M	M	2500.0							
469434	2018-04-08 00:00:00	1939.0	CSDJF	AT7	ATR 72	WI	OPO	2018-04-08 12:30:00	2018-04-08 13:09:00	2018-04-08 13:18:00	LIS	2018-04-08 14:00:00	2018-04-08 14:05:00	2018-04-08 13:30:00	J	WI	2018-04-08 13:22:00	6.0	71.0	0	12.0	210.0	11.0	5.59		FEW	SCT	BKN	1100.0	1800.0	3000.0						13.0	230.0	15.0	6.21		SCT	SCT	M	2400.0	4200.0						
469435	2018-04-08 00:00:00	359.0	CSTTG	319	AIRBUS A319-111	NB	LHR	2018-04-08 12:45:00	2018-04-08 12:51:00	2018-04-08 13:06:00	LIS	2018-04-08 15:21:00	2018-04-08 15:24:00	2018-04-08 15:30:00	J	TP	2018-04-08 13:18:55	1.0	89.0	0	11.0		1.0	4.35		SCT	BKN	OVC	600.0	2400.0	3000.0						11.0	290.0	17.0	3.11	28.0	FEW	BKN	FEW	800.0	1200.0	3000.0					
469436	2018-04-08 00:00:00	402.0	CSTPO	E90	EMBRAER 190	PGA	LIS	2018-04-08 12:45:00	2018-04-08 12:55:00	2018-04-08 13:08:00	MRS	2018-04-08 14:58:00	2018-04-08 15:01:00	2018-04-08 15:00:00	J	NI	2018-04-08 13:10:59	5.0	85.0	C	14.0	230.0	16.0	6.21		FEW	M	M	2600.0								20.0	90.0	23.0	6.21	33.0	FEW	BKN	BKN	3500.0	10000.0	12000.0					
469437	2018-04-08 00:00:00	924.0	CSTPQ	E90	EMBRAER 190	PGA	OPO	2018-04-08 12:45:00	2018-04-08 12:37:00	2018-04-08 13:04:00	ZRH	2018-04-08 15:19:00	2018-04-08 15:24:00	2018-04-08 15:15:00	J	NI					13.0	210.0	11.0	6.21		SCT	BKN	M	1800.0	3500.0							23.0	60.0	5.0	6.21		M	M	M								
469438	2018-04-08 00:00:00	1119.0	CSTPU	E90	EMBRAER 190	PGA	LPA	2018-04-08 12:45:00	2018-04-08 13:01:00	2018-04-08 13:17:00	LIS	2018-04-08 15:15:00	2018-04-08 15:20:00	2018-04-08 15:00:00	J	NI	2018-04-08 13:47:51	2.0	89.0	0	21.0	360.0	27.0	6.21	39.0	FEW	SCT	M	2500.0	4000.0							11.0	290.0	17.0	3.11	28.0	FEW	BKN	FEW	800.0	1200.0	3000.0					
469439	2018-04-08 00:00:00	783.0	CSTMW	320	AIRBUS A320-211	NB	ARN	2018-04-08 12:50:00	2018-04-08 13:41:00	2018-04-08 13:55:00	LIS	2018-04-08 18:04:00	2018-04-08 18:07:00	2018-04-08 17:15:00	J	TP	2018-04-08 14:08:06	24.0	81.0	0	12.0	170.0	5.0	6.21		M	M	M									11.0	290.0	14.0	6.21	26.0	FEW	SCT	BKN	1000.0	2400.0	2900.0					
469440	2018-04-08 00:00:00	1428.0	CSDJE	AT7	ATR 72	WI	LIS	2018-04-08 13:00:00	2018-04-08 12:57:00	2018-04-08 13:19:00	FEZ	2018-04-08 14:52:00	2018-04-08 14:56:00	2018-04-08 14:55:00	J	WI					14.0	230.0	16.0	6.21		FEW	M	M	2600.0								14.0	260.0	11.0	6.21		SCT	SCT	FEW	2600.0	3300.0	3600.0					
469441	2018-04-08 00:00:00	1946.0	CSDJD	AT7	ATR 72	WI	LIS	2018-04-08 13:00:00	2018-04-08 14:32:00	2018-04-08 14:49:00	OPO	2018-04-08 15:37:00	2018-04-08 15:40:00	2018-04-08 14:00:00	J	WI	2018-04-08 14:50:59	43.0	89.0	0	12.0	220.0	16.0	2.49		FEW	SCT	BKN	1000.0	1500.0	3300.0						10.0	210.0	10.0	5.59		SCT	BKN	OVC	700.0	1500.0	4000.0					
469442	2018-04-08 00:00:00	1042.0	CSTTQ	319	AIRBUS A319-111	NB	LIS	2018-04-08 13:05:00	2018-04-08 13:44:00	2018-04-08 13:59:00	BCN	2018-04-08 15:27:00	2018-04-08 15:32:00	2018-04-08 14:55:00	J	TP	2018-04-08 14:03:59	39.0	95.0	B	13.0	230.0	16.0	6.21		SCT	M	M	2500.0								15.0	300.0	8.0	6.21		FEW	BKN	M	2000.0	4400.0						
469443	2018-04-08 00:00:00	1300.0	CSTNX	320	AIRBUS A320-211	NB	LIS	2018-04-08 13:05:00	2018-04-08 13:20:00	2018-04-08 13:41:00	PRG	2018-04-08 16:46:00	2018-04-08 16:52:00	2018-04-08 16:20:00	J	TP	2018-04-08 13:49:59	15.0	81.0	0	13.0	230.0	16.0	6.21		SCT	M	M	2500.0								11.0	290.0	3.0	6.21		M	M	M								
469444	2018-04-08 00:00:00	948.0	CSTJH	321	AIRBUS A321-211	NB	LIS	2018-04-08 13:10:00	2018-04-08 13:18:00	2018-04-08 13:33:00	GVA	2018-04-08 15:48:00	2018-04-08 15:52:00	2018-04-08 15:30:00	J	TP	2018-04-08 14:08:59	8.0	16.0	D	13.0	230.0	16.0	6.21		SCT	M	M	2500.0								18.0	260.0	5.0	6.21		SCT	OVC	M	9000.0	11000.0						
469445	2018-04-08 00:00:00	1265.0	CSTTA	319	AIRBUS A319-111	NB	WAW	2018-04-08 13:10:00	2018-04-08 14:34:00	2018-04-08 14:44:00	LIS	2018-04-08 18:29:00	2018-04-08 18:32:00	2018-04-08 17:20:00	J	TP	2018-04-12 11:09:59	10.0	16.0	H	24.0	160.0	15.0	6.21	25.0	M	M	M									10.0	290.0	12.0	6.21	22.0	FEW	FEW	M	2000.0	2500.0						
469446	2018-04-08 00:00:00	1450.0	CSTTU	319	AIRBUS A319-111	NB	LIS	2018-04-08 13:10:00	2018-04-08 13:20:00	2018-04-08 13:49:00	RAK	2018-04-08 14:59:00	2018-04-08 15:02:00	2018-04-08 14:45:00	J	TP	2018-04-08 14:04:59	10.0	95.0	0	13.0	230.0	16.0	6.21		SCT	M	M	2500.0								18.0	350.0	6.0	6.21		BKN	M	M	2000.0							
469447	2018-04-08 00:00:00	1105.0	CSDJH	AT7	ATR 72	WI	SVQ	2018-04-08 13:15:00	2018-04-08 13:12:00	2018-04-08 13:19:00	LIS	2018-04-08 14:23:00	2018-04-08 14:26:00	2018-04-08 14:25:00	J	WI					18.0	260.0	12.0	6.21		FEW	M	M	4500.0								12.0	220.0	16.0	2.49		FEW	SCT	BKN	1000.0	1500.0	3300.0					
469448	2018-04-08 00:00:00	1434.0	CSTPS	E90	EMBRAER 190	PGA	LIS	2018-04-08 13:15:00	2018-04-08 13:58:00	2018-04-08 14:14:00	CMN	2018-04-08 15:17:00	2018-04-08 15:21:00	2018-04-08 14:55:00	J	NI	2018-04-08 14:14:59	43.0	95.0	B	13.0	230.0	15.0	6.21		SCT	SCT	M	2400.0	4200.0							17.0	320.0	9.0	6.21		BKN	M	M	1600.0							
469449	2018-04-08 00:00:00	1868.0	CSTNU	320	AIRBUS A320-211	NB	PDL	2018-04-08 13:15:00	2018-04-08 13:27:00	2018-04-08 13:38:00	LIS	2018-04-08 15:28:00	2018-04-08 15:32:00	2018-04-08 15:30:00	J	TP	2018-04-08 13:47:03	12.0	93.0	N	16.0		8.0	6.21		FEW	M	M	2500.0								11.0	290.0	17.0	3.11	28.0	FEW	BKN	FEW	800.0	1200.0	3000.0					
469450	2018-04-08 00:00:00	472.0	CSTPV	E90	EMBRAER 190	PGA	LIS	2018-04-08 13:20:00	2018-04-08 14:18:00	2018-04-08 14:33:00	LYS	2018-04-08 16:32:00	2018-04-08 16:36:00	2018-04-08 15:35:00	J	NI	2018-04-08 14:36:59	58.0	82.0	0	12.0	220.0	16.0	2.49		FEW	SCT	BKN	1000.0	1500.0	3300.0						18.0		2.0	6.21		M	M	M								
469451	2018-04-08 00:00:00	586.0	CSTPP	E90	EMBRAER 190	PGA	LIS	2018-04-08 13:20:00	2018-04-08 13:36:00	2018-04-08 13:56:00	CGN	2018-04-08 16:32:00	2018-04-08 16:41:00	2018-04-08 16:10:00	J	NI	2018-04-08 14:01:59	11.0	32.0	A	13.0	230.0	16.0	6.21		SCT	M	M	2500.0								25.0	200.0	5.0	6.21		M	M	M								
469452	2018-04-08 00:00:00	1141.0	CSDJC	AT7	ATR 72	WI	VGO	2018-04-08 13:20:00	2018-04-08 13:20:00	2018-04-08 13:28:00	LIS	2018-04-08 14:28:00	2018-04-08 14:32:00	2018-04-08 14:40:00	J	WI					11.0	230.0	9.0	5.59		SCT	BKN	BKN	2100.0	2800.0	4000.0						12.0	220.0	16.0	2.49		FEW	SCT	BKN	1000.0	1500.0	3300.0					
469453	2018-04-08 00:00:00	324.0	CSTTZ	E95	EMBRAER 195	PGA	LIS	2018-04-08 13:25:00	2018-04-08 14:04:00	2018-04-08 14:25:00	MAN	2018-04-08 16:44:00	2018-04-08 16:50:00	2018-04-08 16:15:00	J	NI	2018-04-08 14:28:59	39.0	95.0	B	13.0	230.0	15.0	6.21		SCT	SCT	M	2400.0	4200.0							12.0	330.0	6.0	6.21		NCD	M	M								
469454	2018-04-08 00:00:00	1274.0	CSTOV	333	AIRBUS A330-300	WB	LIS	2018-04-08 13:25:00	2018-04-08 13:45:00	2018-04-08 14:06:00	VIE	2018-04-08 17:16:00	2018-04-08 17:25:00	2018-04-08 16:45:00	J	TP	2018-04-08 14:07:59	20.0	81.0	0	13.0	230.0	16.0	6.21		SCT	M	M	2500.0								18.0	160.0	19.0	6.21		M	M	M								
469455	2018-04-08 00:00:00	643.0	CSTTX	E95	EMBRAER 195	PGA	BRU	2018-04-08 13:30:00	2018-04-08 13:28:00	2018-04-08 13:45:00	LIS	2018-04-08 16:09:00	2018-04-08 16:13:00	2018-04-08 16:20:00	J	NI					22.0	70.0	4.0	6.21		M	M	M									11.0	300.0	11.0	6.21	21.0	FEW	M	M	1200.0							
469456	2018-04-08 00:00:00	1123.0	CSDJA	AT7	ATR 72	WI	ALC	2018-04-08 13:30:00	2018-04-08 13:36:00	2018-04-08 13:48:00	LIS	2018-04-08 15:49:00	2018-04-08 15:55:00	2018-04-08 16:00:00	J	WI	2018-04-08 14:01:58	6.0	93.0	0	21.0	280.0	18.0	6.21		FEW	BKN	M	3500.0	5500.0							11.0	300.0	11.0	6.21	21.0	FEW	M	M	1200.0							
469457	2018-04-08 00:00:00	1947.0	CSDJB	AT7	ATR 72	WI	OPO	2018-04-08 13:30:00	2018-04-08 13:58:00	2018-04-08 14:11:00	LIS	2018-04-08 15:01:00	2018-04-08 15:05:00	2018-04-08 14:30:00	J	WI	2018-04-08 14:12:57	3.0	89.0	0	13.0	200.0	15.0	6.21		BKN	BKN	M	1700.0	2000.0							12.0	230.0	18.0	3.73		FEW	BKN	FEW	600.0	1000.0	2500.0					
469458	2018-04-08 00:00:00	687.0	CSTTD	319	AIRBUS A319-111	NB	LUX	2018-04-08 13:40:00	2018-04-08 13:40:00	2018-04-08 13:52:00	OPO	2018-04-08 16:06:00	2018-04-08 16:13:00	2018-04-08 16:10:00	J	TP					23.0	110.0	7.0	6.21		M	M	M									9.0	300.0	14.0	6.21	25.0	SCT	BKN	FEW	700.0	1300.0	1500.0					
469459	2018-04-08 00:00:00	871.0	CSTTC	319	AIRBUS A319-111	NB	BLQ	2018-04-08 13:45:00	2018-04-08 20:08:00	2018-04-08 20:17:00	LIS	2018-04-08 23:24:00	2018-04-08 23:29:00	2018-04-08 16:45:00	J	TP	2018-04-12 10:50:59	30.0	81.0	0	12.0	80.0	4.0	6.21		M	M	M									8.0	290.0	11.0	6.21		FEW	FEW	SCT	2200.0	2500.0	3200.0					
469460	2018-04-08 00:00:00	1486.0	CSTNT	320	AIRBUS A320-211	NB	DSS	2018-04-08 13:45:00	2018-04-08 14:30:00	2018-04-08 14:44:00	LIS	2018-04-08 18:12:00	2018-04-08 18:16:00	2018-04-08 17:40:00	J	TP	2018-04-23 10:25:59	6.0	32.0	0	27.0	350.0	14.0	6.21		M	M	M									10.0	290.0	12.0	6.21	22.0	FEW	FEW	M	2000.0	2500.0						
469461	2018-04-08 00:00:00	353.0	CSTPW	E90	EMBRAER 190	PGA	LCY	2018-04-08 13:50:00	2018-04-08 14:02:00	2018-04-08 14:09:00	OPO	2018-04-08 16:16:00	2018-04-08 16:22:00	2018-04-08 16:10:00	J	NI	2018-04-08 14:43:01	1.0	89.0	0	11.0		3.0	5.59		SCT	BKN	BKN	600.0	1100.0	2400.0						8.0	300.0	14.0	3.11	25.0	FEW	BKN	FEW	700.0	1700.0	2000.0					
469462	2018-04-08 00:00:00	432.0	CSTTM	319	AIRBUS A319-111	NB	LIS	2018-04-08 13:50:00	2018-04-08 14:49:00	2018-04-08 15:04:00	ORY	2018-04-08 17:01:00	2018-04-08 17:07:00	2018-04-08 16:15:00	J	TP	2018-04-08 15:21:59	59.0	89.0	0	12.0	230.0	18.0	3.73		FEW	BKN	FEW	600.0	1000.0	2500.0						18.0	200.0	12.0	6.21		FEW	SCT	OVC	4800.0	6800.0	8000.0					
469463	2018-04-08 00:00:00	554.0	CSTNS	320	AIRBUS A320-211	NB	LIS	2018-04-08 13:55:00	2018-04-08 14:01:00	2018-04-08 14:24:00	MUC	2018-04-08 17:13:00	2018-04-08 17:21:00	2018-04-08 16:55:00	J	TP	2018-04-08 14:27:59	6.0	81.0	0	13.0	230.0	15.0	6.21		SCT	SCT	M	2400.0	4200.0							18.0	70.0	5.0	6.21		M	M	M								
469464	2018-04-08 00:00:00	662.0	CSTTI	319	AIRBUS A319-111	NB	LIS	2018-04-08 13:55:00	2018-04-08 14:19:00	2018-04-08 14:37:00	AMS	2018-04-08 17:01:00	2018-04-08 17:04:00	2018-04-08 16:50:00	J	TP	2018-04-08 14:43:59	24.0	83.0	0	12.0	220.0	16.0	2.49		FEW	SCT	BKN	1000.0	1500.0	3300.0						18.0	40.0	7.0	6.21		M	M	M								
469465	2018-04-08 00:00:00	1952.0	CSDJF	AT7	ATR 72	WI	LIS	2018-04-08 14:00:00	2018-04-08 15:34:00	2018-04-08 15:52:00	OPO	2018-04-08 16:34:00	2018-04-08 16:39:00	2018-04-08 15:00:00	J	WI	2018-04-08 15:51:59	59.0	89.0	0	11.0	290.0	17.0	3.11	28.0	FEW	BKN	FEW	800.0	1200.0	3000.0						8.0	300.0	14.0	3.11	25.0	FEW	BKN	FEW	700.0	1700.0	2000.0					
469466	2018-04-08 00:00:00	356.0	LYCGC	734	BOEING 737-400		LIS	2018-04-08 14:05:00	2018-04-08 15:50:00	2018-04-08 15:52:00	LHR	2018-04-08 18:19:00	2018-04-08 18:35:00	2018-04-08 16:45:00	J	TP	2018-04-08 16:16:59	60.0	81.0	0	11.0	300.0	11.0	6.21	21.0	FEW	M	M	1200.0								11.0		3.0	6.21		BKN	OVC	M	1300.0	2500.0						
469467	2018-04-08 00:00:00	1315.0	CSTNG	320	AIRBUS A320-211	NB	BUD	2018-04-08 14:10:00	2018-04-08 15:09:00	2018-04-08 15:20:00	LIS	2018-04-08 19:00:00	2018-04-08 19:03:00	2018-04-08 18:00:00	J	TP	2018-04-08 15:50:03	23.0	81.0	0	22.0	160.0	14.0	6.21		M	M	M									9.0	290.0	9.0	6.21	20.0	FEW	FEW	M	2000.0	3000.0						
469468	2018-04-08 00:00:00	496.0	CSTTW	E95	EMBRAER 195	PGA	LIS	2018-04-08 14:15:00	2018-04-08 15:32:00	2018-04-08 15:45:00	TLS	2018-04-08 17:15:00	2018-04-08 17:20:00	2018-04-08 16:05:00	J	NI	2018-04-08 16:38:59	70.0	89.0	0	11.0	290.0	17.0	3.11	28.0	FEW	BKN	FEW	800.0	1200.0	3000.0						11.0		2.0	6.21		SCT	BKN	BKN	1300.0	1900.0	2400.0					
469469	2018-04-08 00:00:00	1027.0	CSTTN	319	AIRBUS A319-111	NB	MAD	2018-04-08 14:20:00	2018-04-08 14:34:00	2018-04-08 14:49:00	LIS	2018-04-08 15:50:00	2018-04-08 15:55:00	2018-04-08 15:40:00	J	TP	2018-04-12 11:08:59	4.0	89.0	0	14.0	230.0	8.0	6.21	19.0	FEW	SCT	M	5000.0	7000.0							11.0	300.0	11.0	6.21	21.0	FEW	M	M	1200.0							
469470	2018-04-08 00:00:00	1949.0	CSDJD	AT7	ATR 72	WI	OPO	2018-04-08 14:30:00	2018-04-08 16:14:00	2018-04-08 16:32:00	LIS	2018-04-08 17:19:00	2018-04-08 17:22:00	2018-04-08 15:30:00	J	WI	2018-04-08 16:38:06	4.0	71.0	0	9.0	300.0	14.0	6.21	25.0	SCT	BKN	FEW	700.0	1300.0	1500.0						12.0	300.0	11.0	6.21		SCT	BKN	M	2000.0	2900.0						
469471	2018-04-08 00:00:00	862.0	CSTQD	320	AIRBUS A320-211	NB	LIS	2018-04-08 14:35:00	2018-04-08 14:41:00		LIS		2018-04-08 15:15:00	2018-04-08 17:25:00	J	TP	2018-04-08 16:50:59	36.0	89.0	0	12.0	220.0	16.0	2.49		FEW	SCT	BKN	1000.0	1500.0	3300.0						12.0	230.0	18.0	3.73		FEW	BKN	FEW	600.0	1000.0	2500.0					
469472	2018-04-08 00:00:00	441.0	CSTNK	320	AIRBUS A320-211	NB	ORY	2018-04-08 14:40:00	2018-04-08 15:13:00	2018-04-08 15:21:00	LIS	2018-04-08 17:30:00	2018-04-08 17:33:00	2018-04-08 17:10:00	J	TP	2018-04-08 15:44:09	5.0	81.0	0	21.0	190.0	14.0	6.21		M	M	M									12.0	300.0	11.0	6.21		SCT	BKN	M	2000.0	2900.0						
469473	2018-04-08 00:00:00	659.0	FHBAL	319	AIRBUS A319-111	NB	AMS	2018-04-08 14:45:00	2018-04-08 15:01:00	2018-04-08 15:14:00	OPO	2018-04-08 17:35:00	2018-04-08 17:42:00	2018-04-08 17:30:00	J	TP	2018-04-09 03:09:59	16.0	81.0	0	20.0	330.0	5.0	6.21		M	M	M									9.0	350.0	4.0	6.21		FEW	SCT	BKN	1200.0	1900.0	3800.0					
469474	2018-04-08 00:00:00	824.0	CSTPR	E90	EMBRAER 190	PGA	LIS	2018-04-08 14:50:00	2018-04-08 15:24:00	2018-04-08 15:40:00	MXP	2018-04-08 17:58:00	2018-04-08 18:05:00	2018-04-08 17:25:00	J	NI	2018-04-08 15:45:59	34.0	82.0	0	11.0	290.0	17.0	3.11	28.0	FEW	BKN	FEW	800.0	1200.0	3000.0						17.0	130.0	7.0	6.21		M	M	M								
469475	2018-04-08 00:00:00	644.0	CSTNH	320	AIRBUS A320-211	NB	LIS	2018-04-08 14:55:00	2018-04-08 15:39:00	2018-04-08 15:55:00	BRU	2018-04-08 18:14:00	2018-04-08 18:17:00	2018-04-08 17:35:00	J	TP	2018-04-08 16:48:59	44.0	89.0	0	11.0	290.0	17.0	3.11	28.0	FEW	BKN	FEW	800.0	1200.0	3000.0						19.0	310.0	7.0	6.21		M	M	M								
469476	2018-04-08 00:00:00	823.0	CSTNQ	320	AIRBUS A320-211	NB	MXP	2018-04-08 15:00:00	2018-04-08 15:42:00	2018-04-08 15:53:00	LIS	2018-04-08 18:53:00	2018-04-08 18:56:00	2018-04-08 17:50:00	J	TP	2018-04-08 17:20:11	12.0	19.0	A	19.0	130.0	4.0	6.21		M	M	M									9.0	290.0	9.0	6.21	20.0	FEW	FEW	M	2000.0	3000.0						
469477	2018-04-08 00:00:00	1676.0	CSTNW	320	AIRBUS A320-211	NB	FNC	2018-04-08 15:00:00	2018-04-08 17:55:00	2018-04-08 18:02:00	LIS	2018-04-08 19:26:00	2018-04-08 19:29:00	2018-04-08 16:35:00	J	TP	2018-04-12 12:23:59	6.0	19.0	C	17.0	10.0	19.0	6.21	36.0	SCT	FEW	M	1400.0	1500.0							9.0	270.0	11.0	6.21	21.0	FEW	FEW	M	2000.0	3000.0						
469478	2018-04-08 00:00:00	1960.0	CSDJB	AT7	ATR 72	WI	LIS	2018-04-08 15:00:00	2018-04-08 16:11:00	2018-04-08 16:21:00	OPO	2018-04-08 17:02:00	2018-04-08 17:07:00	2018-04-08 16:00:00	J	WI	2018-04-08 16:22:59	36.0	89.0	0	11.0	300.0	11.0	6.21	21.0	FEW	M	M	1200.0								8.0	310.0	8.0	6.21		FEW	SCT	BKN	1200.0	1700.0	4700.0					
469479	2018-04-08 00:00:00	456.0	CSTTF	319	AIRBUS A319-111	NB	OPO	2018-04-08 15:05:00	2018-04-08 16:21:00	2018-04-08 16:35:00	ORY	2018-04-08 18:18:00	2018-04-08 18:24:00	2018-04-08 17:10:00	J	TP	2018-04-12 10:39:59	28.0	95.0	0	8.0	300.0	14.0	3.11	25.0	FEW	BKN	FEW	700.0	1700.0	2000.0						16.0	230.0	11.0	6.21		FEW	BKN	M	2000.0	8300.0						
469480	2018-04-08 00:00:00	872.0	CSTTC	319	AIRBUS A319-111	NB	VCE	2018-04-08 15:05:00	2018-04-08 17:42:00	2018-04-08 17:53:00	BLQ	2018-04-08 18:17:00	2018-04-08 18:22:00	2018-04-08 15:30:00	J	TP					14.0	120.0	5.0	6.21		M	M	M									13.0	90.0	7.0	6.21		M	M	M								
469481	2018-04-08 00:00:00	1066.0	CSDJH	AT7	ATR 72	WI	LIS	2018-04-08 15:05:00	2018-04-08 15:48:00	2018-04-08 16:05:00	BIO	2018-04-08 17:48:00	2018-04-08 17:52:00	2018-04-08 17:10:00	J	WI	2018-04-08 18:20:59	43.0	89.0	0	11.0	300.0	11.0	6.21	21.0	FEW	M	M	1200.0								15.0	120.0	7.0	6.21		FEW	M	M	4000.0							
469482	2018-04-08 00:00:00	1687.0	CSTJG	321	AIRBUS A321-211	NB	LIS	2018-04-08 15:05:00	2018-04-08 16:01:00	2018-04-08 16:12:00	LIS	2018-04-08 19:15:00	2018-04-08 19:20:00	2018-04-08 16:50:00	J	TP					11.0	300.0	11.0	6.21	21.0	FEW	M	M	1200.0								9.0	270.0	11.0	6.21	21.0	FEW	FEW	M	2000.0	3000.0						
469483	2018-04-08 00:00:00	364.0	CSTNJ	320	AIRBUS A320-211	NB	LIS	2018-04-08 15:10:00	2018-04-08 15:46:00	2018-04-08 16:03:00	LHR	2018-04-08 18:07:00	2018-04-08 18:15:00	2018-04-08 17:50:00	J	TP	2018-04-08 16:05:59	36.0	89.0	0	11.0	300.0	11.0	6.21	21.0	FEW	M	M	1200.0								11.0		3.0	6.21		BKN	OVC	M	1300.0	2500.0						
469484	2018-04-08 00:00:00	942.0	CSTTH	319	AIRBUS A319-111	NB	OPO	2018-04-08 15:15:00	2018-04-08 16:20:00	2018-04-08 16:36:00	GVA	2018-04-08 18:29:00	2018-04-08 18:35:00	2018-04-08 17:20:00	J	TP	2018-04-08 16:50:21	20.0	81.0	0	8.0	300.0	14.0	3.11	25.0	FEW	BKN	FEW	700.0	1700.0	2000.0						15.0	330.0	3.0	6.21		FEW	M	M	9000.0							
469485	2018-04-08 00:00:00	1529.0	CSTNY	320	AIRBUS A320-211	NB	ACC	2018-04-08 15:15:00	2018-04-08 15:05:00	2018-04-08 15:15:00	TMS	2018-04-08 16:35:00	2018-04-08 16:39:00	2018-04-08 16:55:00	J	TP					29.0	210.0	9.0	6.21		M	M	M									30.0	170.0	12.0	6.21		FEW	BKN	M	2300.0	25000.0						
469486	2018-04-08 00:00:00	1024.0	CSTTO	319	AIRBUS A319-111	NB	LIS	2018-04-08 15:20:00	2018-04-08 16:20:00	2018-04-08 16:30:00	MAD	2018-04-08 17:23:00	2018-04-08 17:32:00	2018-04-08 16:35:00	J	TP	2018-04-08 16:32:59	50.0	89.0	0	11.0	300.0	8.0	4.35		SCT	SCT	M	1400.0	4500.0							14.0	250.0	9.0	6.21		FEW	M	M	6000.0							
469487	2018-04-08 00:00:00	1092.0	CSDJC	AT7	ATR 72	WI	LIS	2018-04-08 15:20:00	2018-04-08 16:09:00	2018-04-08 16:19:00	VLC	2018-04-08 17:57:00	2018-04-08 18:02:00	2018-04-08 17:25:00	J	WI	2018-04-08 16:12:59	49.0	89.0	0	11.0	300.0	11.0	6.21	21.0	FEW	M	M	1200.0								19.0	250.0	15.0	6.21		FEW	M	M	3000.0							
469488	2018-04-08 00:00:00	1903.0	CSTTJ	319	AIRBUS A319-111	NB	LIS	2018-04-08 15:25:00	2018-04-08 16:02:00	2018-04-08 16:14:00	FAO	2018-04-08 16:44:00	2018-04-08 16:48:00	2018-04-08 16:10:00	J	TP	2018-04-08 16:16:59	37.0	89.0	0	11.0	300.0	11.0	6.21	21.0	FEW	M	M	1200.0								15.0	250.0	16.0	6.21		FEW	M	M	2500.0							
469489	2018-04-08 00:00:00	1451.0	CSTTU	319	AIRBUS A319-111	NB	RAK	2018-04-08 15:30:00	2018-04-08 15:50:00	2018-04-08 15:59:00	LIS	2018-04-08 17:24:00	2018-04-08 17:34:00	2018-04-08 17:05:00	J	TP	2018-04-12 12:59:59	3.0	89.0	0	20.0	270.0	5.0	6.21		BKN	M	M	2000.0								12.0	300.0	11.0	6.21		SCT	BKN	M	2000.0	2900.0						
469490	2018-04-08 00:00:00	1951.0	CSDJF	AT7	ATR 72	WI	OPO	2018-04-08 15:30:00	2018-04-08 17:27:00	2018-04-08 17:38:00	LIS	2018-04-08 18:21:00	2018-04-08 18:24:00	2018-04-08 16:30:00	J	WI	2018-04-08 17:52:27	6.0	71.0	0	9.0	350.0	4.0	6.21		FEW	SCT	BKN	1200.0	1900.0	3800.0						10.0	290.0	12.0	6.21	22.0	FEW	FEW	M	2000.0	2500.0						
469491	2018-04-08 00:00:00	377.0	CSTNM	320	AIRBUS A320-211	NB	LHR	2018-04-08 15:35:00	2018-04-08 15:57:00	2018-04-08 16:21:00	LIS	2018-04-08 18:46:00	2018-04-08 18:50:00	2018-04-08 18:15:00	J	TP	2018-04-08 16:30:08	9.0	89.0	0	11.0	40.0	4.0	3.73		SCT	OVC	M	800.0	1600.0							9.0	290.0	9.0	6.21	20.0	FEW	FEW	M	2000.0	3000.0						
469492	2018-04-08 00:00:00	1036.0	CSTTS	319	AIRBUS A319-111	NB	LIS	2018-04-08 15:35:00	2018-04-08 16:20:00	2018-04-08 16:36:00	BCN	2018-04-08 18:02:00	2018-04-08 18:08:00	2018-04-08 17:25:00	J	TP	2018-04-08 16:38:59	37.0	89.0	0	11.0	300.0	8.0	4.35		SCT	SCT	M	1400.0	4500.0							14.0	230.0	8.0	6.21		FEW	BKN	M	2000.0	4000.0						
469493	2018-04-08 00:00:00	1427.0	CSDJE	AT7	ATR 72	WI	FEZ	2018-04-08 15:35:00	2018-04-08 15:40:00	2018-04-08 15:49:00	LIS	2018-04-08 18:01:00	2018-04-08 18:11:00	2018-04-08 17:40:00	J	WI	2018-04-08 16:19:15	5.0	89.0	0	15.0	280.0	10.0	6.21		SCT	SCT	FEW	2600.0	3300.0	3600.0						11.0	290.0	14.0	6.21	26.0	FEW	SCT	BKN	1000.0	2400.0	2900.0					
469494	2018-04-08 00:00:00	1443.0	CSTPS	E90	EMBRAER 190	PGA	CMN	2018-04-08 15:35:00	2018-04-08 16:01:00	2018-04-08 16:13:00	LIS	2018-04-08 17:21:00	2018-04-08 17:27:00	2018-04-08 17:15:00	J	NI	2018-04-08 16:29:06	26.0	93.0	0	17.0	310.0	9.0	6.21		BKN	M	M	1600.0								12.0	300.0	11.0	6.21		SCT	BKN	M	2000.0	2900.0						
469495	2018-04-08 00:00:00	1866.0	CSTTP	319	AIRBUS A319-111	NB	PDL	2018-04-08 15:35:00	2018-04-08 15:56:00	2018-04-08 16:02:00	OPO	2018-04-08 18:02:00	2018-04-08 18:06:00	2018-04-08 17:50:00	J	TP	2018-04-08 16:11:16	21.0	93.0	R	16.0	10.0	14.0	6.21		FEW	M	M	2500.0								8.0	40.0	3.0	6.21		SCT	BKN	OVC	1700.0	3500.0	4500.0					
469496	2018-04-08 00:00:00	346.0	CSTPU	E90	EMBRAER 190	PGA	LIS	2018-04-08 15:40:00	2018-04-08 16:23:00	2018-04-08 16:27:00	LCY	2018-04-08 18:59:00	2018-04-08 19:03:00	2018-04-08 18:20:00	J	NI	2018-04-08 16:29:59	23.0	89.0	0	11.0	300.0	8.0	4.35		SCT	SCT	M	1400.0	4500.0							12.0		3.0	4.35		FEW	BKN	M	800.0	1300.0						
469497	2018-04-08 00:00:00	401.0	CSTPO	E90	EMBRAER 190	PGA	MRS	2018-04-08 15:40:00	2018-04-08 15:44:00	2018-04-08 15:55:00	LIS	2018-04-08 17:51:00	2018-04-08 17:54:00	2018-04-08 18:05:00	J	NI	2018-04-08 16:00:03	3.0	81.0	0	20.0	90.0	27.0	6.21	38.0	M	M	M									11.0	290.0	14.0	6.21	26.0	FEW	SCT	BKN	1000.0	2400.0	2900.0					
469498	2018-04-08 00:00:00	438.0	CSTTR	319	AIRBUS A319-111	NB	LIS	2018-04-08 15:40:00	2018-04-08 16:51:00	2018-04-08 17:08:00	ORY	2018-04-08 19:08:00	2018-04-08 19:12:00	2018-04-08 18:05:00	J	TP	2018-04-08 17:10:59	22.0	89.0	0	11.0	300.0	12.0	6.21	25.0	FEW	SCT	M	1500.0	2000.0							16.0	170.0	7.0	6.21		FEW	BKN	M	2100.0	8300.0						
469499	2018-04-08 00:00:00	1037.0	CSTTQ	319	AIRBUS A319-111	NB	BCN	2018-04-08 15:40:00	2018-04-08 16:14:00	2018-04-08 16:24:00	LIS	2018-04-08 18:02:00	2018-04-08 18:05:00	2018-04-08 17:35:00	J	TP	2018-04-08 16:29:06	2.0	89.0	0	15.0	290.0	8.0	6.21		FEW	BKN	M	2000.0	4400.0							11.0	290.0	14.0	6.21	26.0	FEW	SCT	BKN	1000.0	2400.0	2900.0					
469500	2018-04-08 00:00:00	1525.0	CSTNN	320	AIRBUS A320-211	NB	LIS	2018-04-08 15:40:00	2018-04-08 16:29:00	2018-04-08 16:41:00	LFW	2018-04-08 21:55:00	2018-04-08 22:01:00	2018-04-08 21:20:00	J	TP	2018-04-08 16:45:59	34.0	89.0	0	11.0	300.0	8.0	4.35		SCT	SCT	M	1400.0	4500.0							28.0	190.0	5.0	6.21		FEW	M	M	1200.0							
469501	2018-04-08 00:00:00	22.0	CSTOX	333	AIRBUS A330-300	WB	LIS	2018-04-08 15:45:00	2018-04-08 16:23:00	2018-04-08 16:40:00	SSA	2018-04-09 01:11:00	2018-04-09 01:18:00	2018-04-09 00:20:00	J	TP	2018-04-08 16:50:59	38.0	89.0	0	11.0	300.0	8.0	4.35		SCT	SCT	M	1400.0	4500.0							27.0	130.0	6.0	6.21		SCT	M	M	2300.0							
469502	2018-04-08 00:00:00	523.0	CSTTY	E95	EMBRAER 195	PGA	STR	2018-04-08 15:55:00	2018-04-08 16:39:00	2018-04-08 16:44:00	LIS	2018-04-08 19:20:00	2018-04-08 19:25:00	2018-04-08 19:05:00	J	NI	2018-04-12 11:55:59	11.0	93.0	M	21.0	90.0	7.0	6.21		M	M	M									9.0	270.0	11.0	6.21	21.0	FEW	FEW	M	2000.0	3000.0						
469503	2018-04-08 00:00:00	921.0	CSTPQ	E90	EMBRAER 190	PGA	ZRH	2018-04-08 16:00:00	2018-04-08 16:07:00	2018-04-08 16:27:00	OPO	2018-04-08 18:37:00	2018-04-08 18:43:00	2018-04-08 18:35:00	J	NI	2018-04-12 10:51:59	3.0	82.0	0	22.0	180.0	6.0	6.21		M	M	M									9.0	170.0	4.0	6.21		SCT	BKN	OVC	2000.0	2800.0	3500.0					
469504	2018-04-08 00:00:00	927.0	CSTJF	321	AIRBUS A321-211	NB	ZRH	2018-04-08 16:00:00	2018-04-08 16:23:00	2018-04-08 16:35:00	LIS	2018-04-08 19:05:00	2018-04-08 19:10:00	2018-04-08 18:50:00	J	TP	2018-04-08 16:40:07	6.0	82.0	0	22.0	180.0	6.0	6.21		M	M	M									9.0	290.0	9.0	6.21	20.0	FEW	FEW	M	2000.0	3000.0						
469505	2018-04-08 00:00:00	1962.0	CSDJD	AT7	ATR 72	WI	LIS	2018-04-08 16:00:00	2018-04-08 17:56:00	2018-04-08 18:06:00	OPO	2018-04-08 18:54:00	2018-04-08 18:57:00	2018-04-08 17:00:00	J	WI	2018-04-08 18:08:59	4.0	89.0	0	11.0	290.0	14.0	6.21	26.0	FEW	SCT	BKN	1000.0	2400.0	2900.0						8.0		2.0	3.11		SCT	BKN	OVC	700.0	1500.0	3000.0					
469506	2018-04-08 00:00:00	11.0	CSTOE	332	AIRBUS A330-200	WB	LIS	2018-04-08 16:05:00	2018-04-08 16:52:00	2018-04-08 17:13:00	REC	2018-04-09 00:57:00	2018-04-09 01:01:00	2018-04-08 23:45:00	J	TP	2018-04-08 17:17:59	22.0	89.0	0	11.0	300.0	12.0	6.21	25.0	FEW	SCT	M	1500.0	2000.0							25.0	160.0	5.0	6.21		FEW	M	M	1800.0							
469507	2018-04-08 00:00:00	35.0	CSTOK	332	AIRBUS A330-200	WB	LIS	2018-04-08 16:05:00	2018-04-08 16:30:00	2018-04-08 16:45:00	FOR	2018-04-09 00:07:00	2018-04-09 00:13:00	2018-04-08 23:40:00	J	TP	2018-04-08 16:51:59	25.0	89.0	0	11.0	300.0	8.0	4.35		SCT	SCT	M	1400.0	4500.0							26.0	240.0	3.0	6.21		M	M	M								
469508	2018-04-08 00:00:00	209.0	CSTOM	332	AIRBUS A330-200	WB	LIS	2018-04-08 16:10:00	2018-04-08 16:39:00	2018-04-08 16:56:00	JFK	2018-04-09 00:23:00	2018-04-09 00:40:00	2018-04-09 00:00:00	J	TP	2018-04-08 17:04:59	29.0	89.0	0	11.0	300.0	8.0	4.35		SCT	SCT	M	1400.0	4500.0								320.0	17.0	10.0		CLR	M	M								
469509	2018-04-08 00:00:00	477.0	CSTPV	E90	EMBRAER 190	PGA	LYS	2018-04-08 16:15:00	2018-04-08 17:20:00	2018-04-08 17:31:00	LIS	2018-04-08 19:49:00	2018-04-08 19:55:00	2018-04-08 18:45:00	J	NI	2018-04-08 18:52:25	4.0	82.0	0	17.0	270.0	4.0	6.21		M	M	M									8.0	300.0	12.0	6.21		FEW	FEW	M	2000.0	3000.0						
469510	2018-04-08 00:00:00	947.0	CSTJH	321	AIRBUS A321-211	NB	GVA	2018-04-08 16:20:00	2018-04-08 16:58:00	2018-04-08 17:10:00	LIS	2018-04-08 19:28:00	2018-04-08 19:34:00	2018-04-08 18:55:00	J	TP	2018-04-08 17:11:17	11.0	15.0	D	19.0		2.0	6.21		FEW	BKN	M	9000.0	12000.0							9.0	270.0	11.0	6.21	21.0	FEW	FEW	M	2000.0	3000.0						
469511	2018-04-08 00:00:00	1689.0	CSTTN	319	AIRBUS A319-111	NB	LIS	2018-04-08 16:30:00	2018-04-08 16:46:00	2018-04-08 17:02:00	FNC	2018-04-08 18:34:00	2018-04-08 18:36:00	2018-04-08 18:15:00	J	TP	2018-04-08 17:03:59	6.0	89.0	0	11.0	300.0	12.0	6.21	25.0	FEW	SCT	M	1500.0	2000.0							16.0	360.0	15.0	6.21		SCT	M	M	1500.0							
469512	2018-04-08 00:00:00	1953.0	CSDJB	AT7	ATR 72	WI	OPO	2018-04-08 16:30:00	2018-04-08 17:45:00	2018-04-08 17:54:00	LIS	2018-04-08 18:40:00	2018-04-08 18:44:00	2018-04-08 17:30:00	J	WI	2018-04-08 18:19:25	8.0	71.0	0	9.0	350.0	4.0	6.21		FEW	SCT	BKN	1200.0	1900.0	3800.0						10.0	290.0	12.0	6.21	22.0	FEW	FEW	M	2000.0	2500.0						
469513	2018-04-08 00:00:00	1112.0	CSDJA	AT7	ATR 72	WI	LIS	2018-04-08 16:40:00	2018-04-08 16:37:00	2018-04-08 16:50:00	OVD	2018-04-08 18:13:00	2018-04-08 18:17:00	2018-04-08 18:30:00	J	WI					11.0	300.0	8.0	4.35		SCT	SCT	M	1400.0	4500.0							11.0		1.0	6.21		FEW	BKN	M	4500.0	5500.0						
469514	2018-04-08 00:00:00	493.0	CSTTW	E95	EMBRAER 195	PGA	TLS	2018-04-08 16:45:00	2018-04-08 17:57:00	2018-04-08 18:08:00	LIS	2018-04-08 20:00:00	2018-04-08 20:03:00	2018-04-08 18:45:00	J	NI	2018-04-09 03:04:59	72.0	93.0	O	11.0	250.0	4.0	6.21		BKN	OVC	///	1100.0	1700.0							8.0	300.0	12.0	6.21		FEW	FEW	M	2000.0	3000.0						
469515	2018-04-08 00:00:00	589.0	CSTPP	E90	EMBRAER 190	PGA	CGN	2018-04-08 16:50:00	2018-04-08 17:20:00	2018-04-08 17:35:00	LIS	2018-04-08 20:10:00	2018-04-08 20:15:00	2018-04-08 20:00:00	J	NI	2018-04-09 03:08:59	30.0	93.0	R	24.0	190.0	4.0	6.21		M	M	M									8.0	300.0	12.0	6.21		FEW	FEW	M	2000.0	3000.0						
469516	2018-04-08 00:00:00	338.0	CSTPW	E90	EMBRAER 190	PGA	OPO	2018-04-08 16:55:00	2018-04-08 17:10:00	2018-04-08 17:20:00	LGW	2018-04-08 19:16:00	2018-04-08 19:22:00	2018-04-08 19:10:00	J	NI	2018-04-08 17:38:23	8.0	82.0	0	8.0	310.0	8.0	6.21		FEW	SCT	BKN	1200.0	1700.0	4700.0						11.0		4.0	4.97		NSC	M	M								
469517	2018-04-08 00:00:00	816.0	CSTTD	319	AIRBUS A319-111	NB	OPO	2018-04-08 16:55:00	2018-04-08 17:08:00	2018-04-08 17:17:00	MXP	2018-04-08 19:52:00	2018-04-08 19:56:00	2018-04-08 19:30:00	J	TP	2018-04-08 17:36:21	3.0	89.0	0	8.0	310.0	8.0	6.21		FEW	SCT	BKN	1200.0	1700.0	4700.0						16.0	110.0	4.0	6.21		M	M	M								
469518	2018-04-08 00:00:00	1904.0	CSTTJ	319	AIRBUS A319-111	NB	FAO	2018-04-08 16:55:00	2018-04-08 17:23:00	2018-04-08 17:34:00	LIS	2018-04-08 18:10:00	2018-04-08 18:13:00	2018-04-08 17:40:00	J	TP	2018-04-08 17:40:13	38.0	93.0	0	15.0	250.0	18.0	6.21		SCT	BKN	M	2500.0	4500.0							11.0	290.0	14.0	6.21	26.0	FEW	SCT	BKN	1000.0	2400.0	2900.0					
469519	2018-04-08 00:00:00	321.0	CSTTZ	E95	EMBRAER 195	PGA	MAN	2018-04-08 17:00:00	2018-04-08 17:49:00	2018-04-08 18:07:00	LIS	2018-04-08 20:32:00	2018-04-08 20:37:00	2018-04-08 19:45:00	J	NI	2018-04-12 13:38:59	12.0	39.0	0	12.0	320.0	5.0	6.21		NCD	M	M									8.0	250.0	8.0	6.21		FEW	SCT	M	2000.0	3000.0						
469520	2018-04-08 00:00:00	431.0	CSTTM	319	AIRBUS A319-111	NB	ORY	2018-04-08 17:00:00	2018-04-08 18:05:00	2018-04-08 18:15:00	LIS	2018-04-08 20:17:00	2018-04-08 20:21:00	2018-04-08 19:30:00	J	TP	2018-04-08 18:52:26	13.0	82.0	0	17.0	200.0	10.0	6.21		M	M	M									8.0	250.0	8.0	6.21		FEW	SCT	M	2000.0	3000.0						
469521	2018-04-08 00:00:00	566.0	CSTNR	320	AIRBUS A320-211	NB	LIS	2018-04-08 17:00:00	2018-04-08 17:05:00	2018-04-08 17:20:00	HAM	2018-04-08 20:05:00	2018-04-08 20:09:00	2018-04-08 20:15:00	J	TP	2018-04-08 17:20:59	5.0	89.0	0	11.0	300.0	12.0	6.21	25.0	FEW	SCT	M	1500.0	2000.0							17.0	150.0	8.0	6.21		M	M	M								
469522	2018-04-08 00:00:00	1964.0	CSDJF	AT7	ATR 72	WI	LIS	2018-04-08 17:00:00	2018-04-08 19:00:00	2018-04-08 19:11:00	OPO	2018-04-08 19:54:00	2018-04-08 20:00:00	2018-04-08 18:00:00	J	WI	2018-04-08 19:16:59	6.0	71.0	0	9.0	290.0	9.0	6.21	20.0	FEW	FEW	M	2000.0	3000.0							8.0	320.0	8.0	6.21		FEW	BKN	OVC	700.0	1200.0	3000.0					
469523	2018-04-08 00:00:00	532.0	CSTTK	319	AIRBUS A319-111	NB	LIS	2018-04-08 17:05:00	2018-04-08 17:11:00	2018-04-08 17:25:00	TXL	2018-04-08 20:26:00	2018-04-08 20:30:00	2018-04-08 20:30:00	J	TP	2018-04-08 17:29:59	6.0	81.0	0	11.0	300.0	12.0	6.21	25.0	FEW	SCT	M	1500.0	2000.0							14.0	150.0	2.0	6.21		M	M	M								
469524	2018-04-08 00:00:00	1305.0	CSTNX	320	AIRBUS A320-211	NB	PRG	2018-04-08 17:05:00	2018-04-08 17:57:00	2018-04-08 18:09:00	LIS	2018-04-08 21:13:00	2018-04-08 21:20:00	2018-04-08 20:35:00	J	TP	2018-04-08 18:11:26	20.0	82.0	0	9.0	260.0	2.0	6.21		M	M	M									8.0	300.0	7.0	6.21		FEW	FEW	M	1200.0	2500.0						
469525	2018-04-08 00:00:00	448.0	CSTTB	319	AIRBUS A319-111	NB	LIS	2018-04-08 17:10:00	2018-04-08 17:35:00	2018-04-08 17:50:00	ORY	2018-04-08 19:52:00	2018-04-08 19:58:00	2018-04-08 19:35:00	J	TP	2018-04-08 17:56:59	25.0	81.0	0	12.0	300.0	11.0	6.21		SCT	BKN	M	2000.0	2900.0							15.0	170.0	6.0	6.21		M	M	M								
469526	2018-04-08 00:00:00	572.0	CSTJE	321	AIRBUS A321-211	NB	LIS	2018-04-08 17:20:00	2018-04-08 17:26:00	2018-04-08 17:47:00	FRA	2018-04-08 20:11:00	2018-04-08 20:34:00	2018-04-08 20:20:00	J	TP	2018-04-08 17:55:59	6.0	89.0	0	12.0	300.0	11.0	6.21		SCT	BKN	M	2000.0	2900.0							15.0	50.0	2.0	6.21		M	M	M								
469527	2018-04-08 00:00:00	752.0	CSTNU	320	AIRBUS A320-211	NB	LIS	2018-04-08 17:20:00	2018-04-08 17:26:00	2018-04-08 17:38:00	CPH	2018-04-08 20:50:00	2018-04-08 20:54:00	2018-04-08 20:50:00	J	TP	2018-04-08 17:58:59	6.0	82.0	0	12.0	300.0	11.0	6.21		SCT	BKN	M	2000.0	2900.0							8.0	140.0	7.0	6.21		M	M	M								
469528	2018-04-08 00:00:00	1029.0	CSTTO	319	AIRBUS A319-111	NB	MAD	2018-04-08 17:20:00	2018-04-08 18:16:00	2018-04-08 18:26:00	LIS	2018-04-08 19:45:00	2018-04-08 19:51:00	2018-04-08 18:40:00	J	TP	2018-04-08 18:32:15	56.0	93.0	0	13.0	230.0	12.0	6.21	27.0	BKN	M	M	7000.0								8.0	300.0	12.0	6.21		FEW	FEW	M	2000.0	3000.0						
469529	2018-04-08 00:00:00	259.0	CSTOI	332	AIRBUS A330-200	WB	LIS	2018-04-08 17:25:00	2018-04-08 17:37:00	2018-04-08 17:52:00	YYZ	2018-04-09 01:41:00	2018-04-09 01:55:00	2018-04-09 01:35:00	J	TP	2018-04-08 17:59:59	12.0	85.0	C	12.0	300.0	11.0	6.21		SCT	BKN	M	2000.0	2900.0							-3.0	320.0	12.0	15.0		CLR	M	M								
469530	2018-04-08 00:00:00	1955.0	CSDJD	AT7	ATR 72	WI	OPO	2018-04-08 17:30:00	2018-04-08 19:27:00	2018-04-08 19:35:00	LIS	2018-04-08 20:20:00	2018-04-08 20:23:00	2018-04-08 18:30:00	J	WI	2018-04-08 19:41:27	117.0	93.0	R	8.0	310.0	8.0	5.59		SCT	SCT	OVC	700.0	1200.0	3000.0						8.0	250.0	8.0	6.21		FEW	SCT	M	2000.0	3000.0						
469531	2018-04-08 00:00:00	668.0	FHBIS	320	AIRBUS A320-211	NB	LIS	2018-04-08 17:35:00	2018-04-08 19:14:00	2018-04-08 19:36:00	AMS	2018-04-08 21:57:00	2018-04-08 22:01:00	2018-04-08 20:30:00	J	TP	2018-04-08 19:40:59	34.0	82.0	0	9.0	290.0	9.0	6.21	20.0	FEW	FEW	M	2000.0	3000.0							11.0	10.0	5.0	6.21		M	M	M								
469532	2018-04-08 00:00:00	551.0	CSTNS	320	AIRBUS A320-211	NB	MUC	2018-04-08 17:40:00	2018-04-08 18:17:00	2018-04-08 18:31:00	LIS	2018-04-08 21:17:00	2018-04-08 21:19:00	2018-04-08 20:55:00	J	TP	2018-04-08 18:32:18	5.0	16.0	H	16.0	30.0	3.0	6.21		M	M	M									8.0	300.0	7.0	6.21		FEW	FEW	M	1200.0	2500.0						
469533	2018-04-08 00:00:00	661.0	CSTTI	319	AIRBUS A319-111	NB	AMS	2018-04-08 17:40:00	2018-04-08 18:04:00	2018-04-08 18:14:00	LIS	2018-04-08 20:47:00	2018-04-08 20:51:00	2018-04-08 20:45:00	J	TP	2018-04-09 03:10:59	14.0	89.0	0	16.0	20.0	9.0	6.21		M	M	M									8.0	310.0	7.0	6.21		FEW	BKN	FEW	1400.0	2000.0	2500.0					
469534	2018-04-08 00:00:00	369.0	LYCGC	734	BOEING 737-400		LHR	2018-04-08 17:45:00	2018-04-08 19:45:00	2018-04-08 20:08:00	LIS	2018-04-08 22:21:00	2018-04-08 22:26:00	2018-04-08 20:25:00	J	TP	2018-04-08 20:09:31	20.0	32.0	A	10.0	20.0	4.0	3.73		BKN	OVC	M	1000.0	1600.0							8.0	310.0	9.0	6.21		FEW	FEW	M	1600.0	2500.0						
469535	2018-04-08 00:00:00	1273.0	CSTOV	333	AIRBUS A330-300	WB	VIE	2018-04-08 17:45:00	2018-04-08 18:55:00	2018-04-08 19:17:00	LIS	2018-04-08 22:34:00	2018-04-08 22:40:00	2018-04-08 21:20:00	J	TP	2018-04-12 12:59:59	29.0	81.0	0	16.0	150.0	13.0	6.21		M	M	M									8.0	310.0	9.0	6.21		FEW	FEW	M	1600.0	2500.0						
469536	2018-04-08 00:00:00	1067.0	CSDJH	AT7	ATR 72	WI	BIO	2018-04-08 17:50:00	2018-04-08 18:30:00	2018-04-08 18:39:00	LIS	2018-04-08 20:22:00	2018-04-08 20:28:00	2018-04-08 20:00:00	J	WI	2018-04-08 18:45:29	40.0	93.0	0	14.0	100.0	4.0	6.21		FEW	M	M	4000.0								8.0	250.0	8.0	6.21		FEW	SCT	M	2000.0	3000.0						
469537	2018-04-08 00:00:00	457.0	CSTTF	319	AIRBUS A319-111	NB	ORY	2018-04-08 17:55:00	2018-04-08 19:20:00	2018-04-08 19:27:00	OPO	2018-04-08 21:13:00	2018-04-08 21:19:00	2018-04-08 20:00:00	J	TP	2018-04-08 20:25:36	11.0	16.0	0	15.0	260.0	4.0	6.21		FEW	BKN	M	4900.0	8300.0							8.0	320.0	14.0	6.21	26.0	SCT	BKN	FEW	1100.0	1700.0	2000.0					
469538	2018-04-08 00:00:00	524.0	CSTPS	E90	EMBRAER 190	PGA	LIS	2018-04-08 18:00:00	2018-04-08 18:10:00	2018-04-08 18:23:00	STR	2018-04-08 20:49:00	2018-04-08 21:02:00	2018-04-08 20:50:00	J	NI	2018-04-08 18:42:59	3.0	89.0	0	11.0	290.0	14.0	6.21	26.0	FEW	SCT	BKN	1000.0	2400.0	2900.0						14.0	70.0	4.0	6.21		M	M	M								
469539	2018-04-08 00:00:00	928.0	CSTNI	320	AIRBUS A320-211	NB	LIS	2018-04-08 18:00:00	2018-04-08 18:12:00	2018-04-08 18:32:00	ZRH	2018-04-08 20:58:00	2018-04-08 21:03:00	2018-04-08 20:40:00	J	TP	2018-04-08 18:40:59	12.0	82.0	0	11.0	290.0	14.0	6.21	26.0	FEW	SCT	BKN	1000.0	2400.0	2900.0						14.0	140.0	4.0	6.21		M	M	M								
469540	2018-04-08 00:00:00	1018.0	CSTNL	320	AIRBUS A320-211	NB	LIS	2018-04-08 18:00:00	2018-04-08 19:09:00	2018-04-08 19:30:00	MAD	2018-04-08 20:25:00	2018-04-08 20:34:00	2018-04-08 19:20:00	J	TP	2018-04-08 19:45:59	69.0	95.0	B	9.0	290.0	9.0	6.21	20.0	FEW	FEW	M	2000.0	3000.0							12.0	220.0	13.0	6.21	24.0	FEW	M	M	7000.0							
469541	2018-04-08 00:00:00	1046.0	CSTTE	319	AIRBUS A319-111	NB	LIS	2018-04-08 18:00:00	2018-04-08 19:14:00	2018-04-08 19:25:00	BCN	2018-04-08 20:48:00	2018-04-08 20:54:00	2018-04-08 19:50:00	J	TP	2018-04-08 19:27:59	9.0	15.0	D	9.0	290.0	9.0	6.21	20.0	FEW	FEW	M	2000.0	3000.0							12.0	300.0	3.0	6.21		FEW	M	M	2000.0							
469542	2018-04-08 00:00:00	1966.0	CSDJB	AT7	ATR 72	WI	LIS	2018-04-08 18:00:00	2018-04-08 19:29:00	2018-04-08 19:48:00	OPO	2018-04-08 20:45:00	2018-04-08 20:48:00	2018-04-08 19:00:00	J	WI	2018-04-08 19:55:59	15.0	89.0	0	9.0	270.0	11.0	6.21	21.0	FEW	FEW	M	2000.0	3000.0							8.0	320.0	15.0	6.21		SCT	BKN	FEW	1100.0	1700.0	2000.0					
469543	2018-04-08 00:00:00	358.0	CSTTG	319	AIRBUS A319-111	NB	LIS	2018-04-08 18:05:00	2018-04-08 18:30:00	2018-04-08 18:49:00	LHR	2018-04-08 20:54:00	2018-04-08 20:59:00	2018-04-08 20:45:00	J	TP	2018-04-08 22:00:59	5.0	89.0	0	10.0	290.0	12.0	6.21	22.0	FEW	FEW	M	2000.0	2500.0							10.0	30.0	4.0	3.11		FEW	SCT	M	2200.0	4700.0						
469544	2018-04-08 00:00:00	937.0	CSTTH	319	AIRBUS A319-111	NB	GVA	2018-04-08 18:05:00	2018-04-08 19:30:00	2018-04-08 19:37:00	OPO	2018-04-08 21:41:00	2018-04-08 21:50:00	2018-04-08 20:20:00	J	TP	2018-04-12 10:52:59	10.0	15.0	D	12.0		2.0	6.21		M	M	M									8.0	320.0	16.0	6.21		FEW	SCT	BKN	1100.0	1600.0	3000.0					
469545	2018-04-08 00:00:00	1093.0	CSDJC	AT7	ATR 72	WI	VLC	2018-04-08 18:05:00	2018-04-08 18:42:00	2018-04-08 18:53:00	LIS	2018-04-08 20:46:00	2018-04-08 20:54:00	2018-04-08 20:20:00	J	WI	2018-04-08 18:58:18	37.0	93.0	0	18.0	260.0	17.0	6.21		FEW	M	M	3000.0								8.0	310.0	7.0	6.21		FEW	BKN	FEW	1400.0	2000.0	2500.0					
469546	2018-04-08 00:00:00	283.0	CSTOL	332	AIRBUS A330-200	WB	LIS	2018-04-08 18:10:00	2018-04-08 18:23:00	2018-04-08 18:43:00	MPM	2018-04-09 04:34:00	2018-04-09 04:39:00	2018-04-09 04:30:00	J	TP	2018-04-08 22:05:59	13.0	87.0	E	10.0	290.0	12.0	6.21	22.0	FEW	FEW	M	2000.0	2500.0							22.0	230.0	7.0	6.21		SCT	M	M	2000.0							
469547	2018-04-08 00:00:00	861.0	CSTQD	320	AIRBUS A320-211	NB	VCE	2018-04-08 18:10:00	2018-04-08 20:42:00	2018-04-08 20:56:00	LIS	2018-04-09 00:10:00	2018-04-09 00:14:00	2018-04-08 21:20:00	J	TP	2018-04-08 21:31:27	15.0	81.0	0	14.0		2.0	6.21		M	M	M									8.0	280.0	4.0	6.21		FEW	FEW	M	2200.0	2500.0						
469548	2018-04-08 00:00:00	1045.0	CSTTS	319	AIRBUS A319-111	NB	BCN	2018-04-08 18:10:00	2018-04-08 18:53:00	2018-04-08 19:02:00	LIS	2018-04-08 20:34:00	2018-04-08 20:43:00	2018-04-08 20:05:00	J	TP	2018-04-08 19:05:30	43.0	93.0	0	13.0	240.0	11.0	6.21		FEW	BKN	M	2000.0	5000.0							8.0	250.0	8.0	6.21		FEW	SCT	M	2000.0	3000.0						
469549	2018-04-08 00:00:00	829.0	CSTPR	E90	EMBRAER 190	PGA	MXP	2018-04-08 18:15:00	2018-04-08 18:48:00	2018-04-08 19:03:00	LIS	2018-04-08 21:24:00	2018-04-08 21:29:00	2018-04-08 21:10:00	J	NI	2018-04-08 19:14:28	3.0	82.0	0	16.0	150.0	4.0	6.21		M	M	M									8.0	300.0	7.0	6.21		FEW	FEW	M	1200.0	2500.0						
469550	2018-04-08 00:00:00	552.0	CSTTJ	319	AIRBUS A319-111	NB	LIS	2018-04-08 18:20:00	2018-04-08 19:21:00	2018-04-08 19:38:00	MUC	2018-04-08 22:15:00	2018-04-08 22:20:00	2018-04-08 21:20:00	J	TP	2018-04-08 19:46:59	22.0	82.0	0	9.0	270.0	11.0	6.21	21.0	FEW	FEW	M	2000.0	3000.0							9.0	50.0	3.0	6.21		M	M	M								
469551	2018-04-08 00:00:00	649.0	CSTNH	320	AIRBUS A320-211	NB	BRU	2018-04-08 18:25:00	2018-04-08 19:22:00	2018-04-08 19:39:00	LIS	2018-04-08 21:58:00	2018-04-08 22:05:00	2018-04-08 21:15:00	J	TP	2018-04-08 19:54:17	20.0	15.0	0	17.0	310.0	8.0	6.21		M	M	M									9.0	290.0	7.0	6.21		FEW	FEW	M	1200.0	2500.0						
469552	2018-04-08 00:00:00	82.0	CSTOB	343	AIRBUS A340-312	WB	GRU	2018-04-08 18:30:00	2018-04-08 18:30:00	2018-04-08 18:42:00	LIS	2018-04-09 03:43:00	2018-04-09 03:51:00	2018-04-09 04:20:00	J	TP					28.0	0.0	0.0	6.21		SCT	M	M	4000.0								8.0	250.0	7.0	6.21		FEW	FEW	SCT	2200.0	2500.0	3400.0					
469553	2018-04-08 00:00:00	1957.0	CSDJF	AT7	ATR 72	WI	OPO	2018-04-08 18:30:00	2018-04-08 20:42:00	2018-04-08 20:50:00	LIS	2018-04-08 21:31:00	2018-04-08 21:36:00	2018-04-08 19:30:00	J	WI	2018-04-08 20:52:34	4.0	71.0	0	8.0	320.0	6.0	6.21		SCT	SCT	BKN	1300.0	1600.0	3500.0						8.0	300.0	7.0	6.21		FEW	FEW	M	1200.0	2500.0						
469554	2018-04-08 00:00:00	1034.0	FHBAL	319	AIRBUS A319-111	NB	OPO	2018-04-08 18:35:00	2018-04-08 19:43:00	2018-04-08 19:56:00	BCN	2018-04-08 21:21:00	2018-04-08 21:27:00	2018-04-08 20:20:00	J	TP	2018-04-08 20:03:33	68.0	94.0	0	8.0	310.0	8.0	5.59		SCT	SCT	OVC	700.0	1200.0	3000.0						12.0		2.0	6.21		FEW	M	M	2000.0							
469555	2018-04-08 00:00:00	74.0	CSTOF	332	AIRBUS A330-200	WB	GIG	2018-04-08 18:40:00	2018-04-08 18:40:00	2018-04-08 18:55:00	LIS	2018-04-09 03:30:00	2018-04-09 03:35:00	2018-04-09 04:20:00	J	TP					28.0	140.0	12.0	6.21		FEW	M	M	2500.0								7.0	220.0	7.0	6.21		FEW	FEW	SCT	2000.0	2500.0	3200.0					
469556	2018-04-08 00:00:00	838.0	CSTNQ	320	AIRBUS A320-211	NB	LIS	2018-04-08 18:45:00	2018-04-08 20:18:00	2018-04-08 20:33:00	FCO	2018-04-08 23:22:00	2018-04-08 23:35:00	2018-04-08 21:35:00	J	TP	2018-04-08 21:19:59	29.0	81.0	0	8.0	250.0	8.0	6.21		FEW	SCT	M	2000.0	3000.0							17.0	80.0	8.0	6.21		FEW	M	M	5000.0							
469557	2018-04-08 00:00:00	347.0	CSTPU	E90	EMBRAER 190	PGA	LCY	2018-04-08 18:50:00	2018-04-08 19:48:00	2018-04-08 19:51:00	LIS	2018-04-08 22:11:00	2018-04-08 22:14:00	2018-04-08 21:25:00	J	NI	2018-04-12 13:39:59	8.0	89.0	0	11.0	340.0	5.0	3.73		SCT	OVC	M	800.0	1100.0							9.0	290.0	7.0	6.21		FEW	FEW	M	1200.0	2500.0						
469558	2018-04-08 00:00:00	367.0	CSTNJ	320	AIRBUS A320-211	NB	LHR	2018-04-08 18:50:00	2018-04-08 19:09:00	2018-04-08 19:37:00	LIS	2018-04-08 21:44:00	2018-04-08 21:48:00	2018-04-08 21:30:00	J	TP	2018-04-08 20:34:35	4.0	89.0	0	11.0	30.0	5.0	3.73		BKN	OVC	M	900.0	1300.0							9.0	290.0	7.0	6.21		FEW	FEW	M	1200.0	2500.0						
469559	2018-04-08 00:00:00	458.0	CSTTP	319	AIRBUS A319-111	NB	OPO	2018-04-08 18:50:00	2018-04-08 18:52:00	2018-04-08 18:59:00	ORY	2018-04-08 20:45:00	2018-04-08 20:50:00	2018-04-08 20:55:00	J	TP	2018-04-08 19:03:28	1.0	89.0	0	8.0		2.0	3.11		SCT	BKN	OVC	700.0	1500.0	3000.0						14.0	180.0	4.0	6.21		M	M	M								
469560	2018-04-08 00:00:00	449.0	CSTTR	319	AIRBUS A319-111	NB	ORY	2018-04-08 18:55:00	2018-04-08 20:14:00	2018-04-08 20:23:00	LIS	2018-04-08 22:29:00	2018-04-08 22:33:00	2018-04-08 21:20:00	J	TP	2018-04-12 13:40:59	22.0	93.0	M	15.0	170.0	6.0	6.21		M	M	M									8.0	310.0	9.0	6.21		FEW	FEW	M	1600.0	2500.0						
469561	2018-04-08 00:00:00	642.0	CSTTA	319	AIRBUS A319-111	NB	LIS	2018-04-08 18:55:00	2018-04-08 19:41:00	2018-04-08 20:01:00	BRU	2018-04-08 22:18:00	2018-04-08 22:26:00	2018-04-08 21:35:00	J	TP	2018-04-08 22:20:59	24.0	82.0	0	9.0	270.0	11.0	6.21	21.0	FEW	FEW	M	2000.0	3000.0							13.0	290.0	3.0	4.97		NSC	M	M								
469562	2018-04-08 00:00:00	584.0	CSTPO	E90	EMBRAER 190	PGA	LIS	2018-04-08 19:00:00	2018-04-08 19:13:00	2018-04-08 19:27:00	CGN	2018-04-08 21:49:00	2018-04-08 21:53:00	2018-04-08 21:50:00	J	NI	2018-04-08 19:33:59	13.0	82.0	0	9.0	290.0	9.0	6.21	20.0	FEW	FEW	M	2000.0	3000.0							18.0	80.0	4.0	6.21		M	M	M								
469563	2018-04-08 00:00:00	1714.0	CSTTN	319	AIRBUS A319-111	NB	FNC	2018-04-08 19:00:00	2018-04-08 19:21:00	2018-04-08 19:28:00	OPO	2018-04-08 21:00:00	2018-04-08 21:04:00	2018-04-08 20:50:00	J	TP	2018-04-08 19:34:29	15.0	93.0	R	16.0	10.0	10.0	6.21	27.0	FEW	M	M	1500.0								8.0	320.0	15.0	6.21		SCT	BKN	FEW	1100.0	1700.0	2000.0					
469564	2018-04-08 00:00:00	1970.0	CSDJD	AT7	ATR 72	WI	LIS	2018-04-08 19:00:00	2018-04-08 21:23:00	2018-04-08 21:33:00	OPO	2018-04-08 22:21:00	2018-04-08 22:27:00	2018-04-08 20:00:00	J	WI	2018-04-08 21:41:59	30.0	89.0	0	8.0	300.0	7.0	6.21		FEW	FEW	M	1200.0	2500.0							8.0	320.0	10.0	5.59	22.0	FEW	SCT	BKN	1100.0	1600.0	3000.0					
469565	2018-04-08 00:00:00	1113.0	CSDJA	AT7	ATR 72	WI	OVD	2018-04-08 19:10:00	2018-04-08 19:00:00	2018-04-08 19:06:00	LIS	2018-04-08 20:30:00	2018-04-08 20:41:00	2018-04-08 20:55:00	J	WI					11.0		2.0	6.21		FEW	BKN	M	4500.0	5500.0							8.0	250.0	8.0	6.21		FEW	SCT	M	2000.0	3000.0						
469566	2018-04-08 00:00:00	1006.0	CSTPQ	E90	EMBRAER 190	PGA	OPO	2018-04-08 19:15:00	2018-04-08 19:29:00	2018-04-08 19:39:00	MAD	2018-04-08 20:27:00	2018-04-08 20:36:00	2018-04-08 20:25:00	J	NI	2018-04-08 19:44:30	14.0	95.0	B	8.0	310.0	8.0	5.59		SCT	SCT	OVC	700.0	1200.0	3000.0						12.0	220.0	13.0	6.21	24.0	FEW	M	M	7000.0							
469567	2018-04-08 00:00:00	362.0	CSTTO	319	AIRBUS A319-111	NB	LIS	2018-04-08 19:25:00	2018-04-08 21:04:00	2018-04-08 21:15:00	LHR	2018-04-08 23:35:00	2018-04-08 23:42:00	2018-04-08 21:55:00	J	TP	2018-04-08 21:20:59	33.0	89.0	0	8.0	310.0	7.0	6.21		FEW	BKN	FEW	1400.0	2000.0	2500.0						9.0	20.0	4.0	2.86		SCT	M	M	700.0							
469568	2018-04-08 00:00:00	946.0	CSTNM	320	AIRBUS A320-211	NB	LIS	2018-04-08 19:25:00	2018-04-08 19:50:00	2018-04-08 20:07:00	GVA	2018-04-08 22:13:00	2018-04-08 22:16:00	2018-04-08 21:45:00	J	TP	2018-04-08 20:11:59	15.0	89.0	0	8.0	300.0	12.0	6.21		FEW	FEW	M	2000.0	3000.0							12.0	250.0	3.0	6.21		M	M	M								
469569	2018-04-08 00:00:00	1959.0	CSDJB	AT7	ATR 72	WI	OPO	2018-04-08 19:30:00	2018-04-08 21:24:00	2018-04-08 21:34:00	LIS	2018-04-08 22:16:00	2018-04-08 22:20:00	2018-04-08 20:30:00	J	WI	2018-04-08 21:45:31	6.0	89.0	0	8.0	320.0	14.0	6.21	26.0	SCT	BKN	FEW	1100.0	1700.0	2000.0						8.0	310.0	9.0	6.21		FEW	FEW	M	1600.0	2500.0						
469570	2018-04-08 00:00:00	1528.0	CSTNY	320	AIRBUS A320-211	NB	TMS	2018-04-08 19:35:00	2018-04-08 19:40:00	2018-04-08 19:50:00	ACC	2018-04-08 21:20:00	2018-04-08 21:25:00	2018-04-08 21:15:00	J	TP	2018-04-13 08:25:59	5.0	15.0	0	28.0	190.0	6.0	6.21		FEW	BKN	M	2300.0	25000.0							27.0	190.0	8.0	6.21		M	M	M								
469571	2018-04-08 00:00:00	1547.0	CSTJF	321	AIRBUS A321-211	NB	LIS	2018-04-08 19:45:00	2018-04-08 21:13:00	2018-04-08 21:26:00	SID	2018-04-09 01:25:00	2018-04-09 01:30:00	2018-04-08 23:55:00	J	TP	2018-04-08 21:29:59	8.0	85.0	C	8.0	310.0	7.0	6.21		FEW	BKN	FEW	1400.0	2000.0	2500.0						21.0	40.0	16.0	6.21		BKN	SCT	M	1400.0	20000.0						
469572	2018-04-08 00:00:00	58.0	CSTOU	333	AIRBUS A330-300	WB	BSB	2018-04-08 20:00:00	2018-04-08 20:43:00	2018-04-08 20:53:00	LIS	2018-04-09 05:05:00	2018-04-09 05:08:00	2018-04-09 05:00:00	J	TP	2018-04-09 16:05:59	3.0	89.0	0	19.0	0.0	0.0	6.21		FEW	M	M	3500.0								7.0	250.0	4.0	6.21		FEW	FEW	M	2500.0	3000.0						
469573	2018-04-08 00:00:00	337.0	CSTPW	E90	EMBRAER 190	PGA	LGW	2018-04-08 20:00:00	2018-04-08 20:03:00	2018-04-08 20:22:00	OPO	2018-04-08 22:24:00	2018-04-08 22:29:00	2018-04-08 22:20:00	J	NI	2018-04-08 21:31:23	3.0	93.0	0	11.0	350.0	4.0	3.73		SCT	M	M	900.0								8.0	320.0	10.0	5.59	22.0	FEW	SCT	BKN	1100.0	1600.0	3000.0					
469574	2018-04-08 00:00:00	1533.0	CSTKR	763	BOEING 767-300/300ER		LIS	2018-04-08 20:00:00	2018-04-08 20:37:00	2018-04-08 20:57:00	RAI	2018-04-09 01:11:00	2018-04-09 01:20:00	2018-04-09 00:15:00	J	TP	2018-04-08 21:02:59	37.0	37.0	A	8.0	250.0	8.0	6.21		FEW	SCT	M	2000.0	3000.0							21.0	40.0	20.0	6.21		SCT	M	M	1700.0							
469575	2018-04-08 00:00:00	1021.0	CSTNL	320	AIRBUS A320-211	NB	MAD	2018-04-08 20:05:00	2018-04-08 21:30:00	2018-04-08 21:45:00	LIS	2018-04-08 22:42:00	2018-04-08 22:45:00	2018-04-08 21:25:00	J	TP	2018-04-12 11:08:59	11.0	43.0	0	10.0	180.0	8.0	6.21		FEW	M	M	7000.0								8.0	310.0	9.0	6.21		FEW	FEW	M	1600.0	2500.0						
469576	2018-04-08 00:00:00	1090.0	CSDJE	AT7	ATR 72	WI	LIS	2018-04-08 20:10:00	2018-04-08 21:22:00	2018-04-08 21:35:00	VLC	2018-04-08 23:19:00	2018-04-08 23:25:00	2018-04-08 22:15:00	J	WI	2018-04-08 21:53:59	72.0	93.0	R	8.0	300.0	7.0	6.21		FEW	FEW	M	1200.0	2500.0							13.0	250.0	10.0	6.21		M	M	M								
469577	2018-04-08 00:00:00	224.0	CSTOW	333	AIRBUS A330-300	WB	MIA	2018-04-08 20:15:00	2018-04-08 20:30:00	2018-04-08 20:45:00	LIS	2018-04-09 04:24:00	2018-04-09 04:30:00	2018-04-09 04:20:00	J	TP	2018-04-08 20:49:41	6.0	89.0	0		130.0	14.0	10.0		FEW	SCT	SCT	2500.0	5500.0	12000.0						7.0	250.0	5.0	6.21		FEW	FEW	M	2200.0	2500.0						
469578	2018-04-08 00:00:00	1968.0	CSTPT	E90	EMBRAER 190	PGA	LIS	2018-04-08 20:15:00	2018-04-08 20:42:00	2018-04-08 21:12:00	OPO	2018-04-08 21:52:00	2018-04-08 21:56:00	2018-04-08 21:10:00	J	NI	2018-04-08 21:22:59	27.0	95.0	B	8.0	250.0	8.0	6.21		FEW	SCT	M	2000.0	3000.0							8.0	320.0	16.0	6.21		FEW	SCT	BKN	1100.0	1600.0	3000.0					
469579	2018-04-08 00:00:00	817.0	CSTTD	319	AIRBUS A319-111	NB	MXP	2018-04-08 20:20:00	2018-04-08 20:50:00	2018-04-08 21:05:00	OPO	2018-04-08 23:11:00	2018-04-08 23:17:00	2018-04-08 23:05:00	J	TP	2018-04-08 21:17:36	7.0	82.0	0	15.0	90.0	5.0	6.21		BKN	M	M	9000.0								8.0	310.0	8.0	6.21		FEW	SCT	BKN	1100.0	1600.0	3000.0					
469580	2018-04-08 00:00:00	1048.0	CSTPV	E90	EMBRAER 190	PGA	LIS	2018-04-08 20:30:00	2018-04-08 20:41:00	2018-04-08 20:59:00	BCN	2018-04-08 22:31:00	2018-04-08 22:35:00	2018-04-08 22:20:00	J	NI	2018-04-08 21:20:59	1.0	89.0	0	8.0	250.0	8.0	6.21		FEW	SCT	M	2000.0	3000.0							12.0	290.0	4.0	6.21		FEW	BKN	M	2000.0	4000.0						
469581	2018-04-08 00:00:00	1971.0	CSDJD	AT7	ATR 72	WI	OPO	2018-04-08 20:30:00	2018-04-08 22:55:00	2018-04-08 23:01:00	LIS	2018-04-08 23:40:00	2018-04-08 23:43:00	2018-04-08 21:30:00	J	WI	2018-04-08 23:50:44	145.0	93.0	R	8.0	310.0	10.0	5.59		FEW	SCT	BKN	1100.0	1600.0	3000.0						8.0	290.0	11.0	6.21		FEW	FEW	SCT	2200.0	2500.0	3200.0					
469582	2018-04-08 00:00:00	1022.0	CSTTM	319	AIRBUS A319-111	NB	LIS	2018-04-08 20:35:00	2018-04-08 21:12:00	2018-04-08 21:20:00	MAD	2018-04-08 22:11:00	2018-04-08 22:24:00	2018-04-08 21:50:00	J	TP	2018-04-08 21:27:59	6.0	89.0	0	8.0	310.0	7.0	6.21		FEW	BKN	FEW	1400.0	2000.0	2500.0						10.0	190.0	9.0	6.21		FEW	BKN	M	3500.0	7000.0						
469583	2018-04-08 00:00:00	1047.0	CSTTE	319	AIRBUS A319-111	NB	BCN	2018-04-08 20:35:00	2018-04-08 21:36:00	2018-04-08 22:03:00	LIS	2018-04-08 23:36:00	2018-04-08 23:39:00	2018-04-08 22:30:00	J	TP	2018-04-08 22:10:33	61.0	93.0	J	12.0		2.0	6.21		FEW	M	M	2000.0								8.0	290.0	11.0	6.21		FEW	FEW	SCT	2200.0	2500.0	3200.0					
469584	2018-04-08 00:00:00	478.0	CSTTW	E95	EMBRAER 195	PGA	LIS	2018-04-08 20:40:00	2018-04-08 21:05:00	2018-04-08 21:22:00	LYS	2018-04-08 23:19:00	2018-04-08 23:25:00	2018-04-08 22:55:00	J	NI	2018-04-08 21:28:59	25.0	19.0	B	8.0	310.0	7.0	6.21		FEW	BKN	FEW	1400.0	2000.0	2500.0						15.0	180.0	5.0	6.21		M	M	M								
469585	2018-04-08 00:00:00	1136.0	CSDJH	AT7	ATR 72	WI	LIS	2018-04-08 20:40:00	2018-04-08 21:29:00	2018-04-08 21:40:00	AGP	2018-04-08 22:48:00	2018-04-08 22:53:00	2018-04-08 22:10:00	J	WI	2018-04-08 21:49:59	21.0	89.0	0	8.0	300.0	7.0	6.21		FEW	FEW	M	1200.0	2500.0							16.0	190.0	14.0	6.21		FEW	SCT	M	4000.0	5000.0						
469586	2018-04-08 00:00:00	1691.0	CSTJG	321	AIRBUS A321-211	NB	LIS	2018-04-08 20:50:00	2018-04-08 21:19:00	2018-04-08 21:31:00	FNC	2018-04-08 23:02:00	2018-04-08 23:06:00	2018-04-08 22:35:00	J	TP	2018-04-08 21:33:59	14.0	89.0	0	8.0	300.0	7.0	6.21		FEW	FEW	M	1200.0	2500.0							16.0	360.0	13.0	6.21	26.0	FEW	M	M	1500.0							
469587	2018-04-08 00:00:00	1713.0	CSTTF	319	AIRBUS A319-111	NB	OPO	2018-04-08 20:50:00	2018-04-08 22:40:00	2018-04-08 22:49:00	FNC	2018-04-09 00:30:00	2018-04-09 00:35:00	2018-04-08 22:50:00	J	TP	2018-04-09 03:13:12	11.0	15.0	0	8.0	320.0	10.0	5.59	22.0	FEW	SCT	BKN	1100.0	1600.0	3000.0						15.0	20.0	12.0	6.21	22.0	FEW	M	M	1500.0							
469588	2018-04-08 00:00:00	1009.0	CSTPQ	E90	EMBRAER 190	PGA	MAD	2018-04-08 21:05:00	2018-04-08 21:14:00	2018-04-08 21:30:00	OPO	2018-04-08 22:18:00	2018-04-08 22:23:00	2018-04-08 22:20:00	J	NI	2018-04-08 21:34:34	9.0	93.0	0	11.0	190.0	10.0	6.21		FEW	M	M	3400.0								8.0	320.0	10.0	5.59	22.0	FEW	SCT	BKN	1100.0	1600.0	3000.0					
469589	2018-04-08 00:00:00	1104.0	CSDJA	AT7	ATR 72	WI	LIS	2018-04-08 21:05:00	2018-04-08 21:27:00	2018-04-08 21:36:00	SVQ	2018-04-08 22:24:00	2018-04-08 22:27:00	2018-04-08 22:15:00	J	WI	2018-04-08 21:39:59	6.0	89.0	0	8.0	300.0	7.0	6.21		FEW	FEW	M	1200.0	2500.0							11.0	260.0	10.0	6.21		FEW	M	M	4000.0							
469590	2018-04-08 00:00:00	1823.0	CSTNP	320	AIRBUS A320-211	NB	LIS	2018-04-08 21:10:00	2018-04-08 21:24:00	2018-04-08 21:38:00	TER	2018-04-08 23:50:00	2018-04-08 23:58:00	2018-04-08 23:40:00	J	TP	2018-04-08 21:42:59	4.0	89.0	0	8.0	300.0	7.0	6.21		FEW	FEW	M	1200.0	2500.0							13.0			6.21		FEW	M	M	3000.0							
469591	2018-04-08 00:00:00	2209.0	FHBAL	319	AIRBUS A319-111	NB	BCN	2018-04-08 21:10:00	2018-04-08 22:10:00	2018-04-08 22:25:00	OPO	2018-04-08 23:53:00	2018-04-09 00:03:00	2018-04-08 23:05:00	J	TP	2018-04-08 22:28:31	60.0	93.0	J	12.0	250.0	5.0	5.59		FEW	M	M	2000.0								8.0	340.0	12.0	6.21		FEW	SCT	BKN	1100.0	1600.0	3000.0					
469592	2018-04-08 00:00:00	1865.0	CSTMW	320	AIRBUS A320-211	NB	LIS	2018-04-08 21:30:00	2018-04-08 21:42:00	2018-04-08 21:52:00	PDL	2018-04-08 23:57:00	2018-04-09 00:01:00	2018-04-08 23:55:00	J	TP	2018-04-08 22:07:59	7.0	89.0	0	8.0	300.0	7.0	6.21		FEW	FEW	M	1200.0	2500.0							12.0	350.0	4.0	6.21		FEW	M	M	1800.0							
469593	2018-04-08 00:00:00	1958.0	CSTNX	320	AIRBUS A320-211	NB	LIS	2018-04-08 21:30:00	2018-04-08 22:10:00	2018-04-08 22:21:00	OPO	2018-04-08 22:55:00	2018-04-08 23:01:00	2018-04-08 22:25:00	J	TP	2018-04-08 22:25:59	5.0	89.0	0	9.0	290.0	7.0	6.21		FEW	FEW	M	1200.0	2500.0							8.0	310.0	10.0	5.59		FEW	SCT	BKN	1100.0	1600.0	3000.0					
469594	2018-04-08 00:00:00	202.0	CSTON	332	AIRBUS A330-200	WB	EWR	2018-04-08 21:45:00	2018-04-08 22:29:00	2018-04-08 22:58:00	LIS	2018-04-09 04:59:00	2018-04-09 05:03:00	2018-04-09 04:35:00	J	TP	2018-04-08 23:15:42	36.0	87.0	0		280.0	15.0	10.0	22.0	BKN	M	M	7000.0								7.0	250.0	4.0	6.21		FEW	FEW	M	2500.0	3000.0						
469595	2018-04-08 00:00:00	1909.0	CSTTI	319	AIRBUS A319-111	NB	LIS	2018-04-08 22:05:00	2018-04-08 22:00:00	2018-04-08 22:10:00	FAO	2018-04-08 22:38:00	2018-04-08 22:41:00	2018-04-08 22:50:00	J	TP					9.0	290.0	7.0	6.21		FEW	FEW	M	1200.0	2500.0							11.0	310.0	12.0	6.21		FEW	SCT	M	2000.0	3400.0						
469596	2018-04-08 00:00:00	1232.0	CSTNW	320	AIRBUS A320-211	NB	LIS	2018-04-08 22:10:00	2018-04-08 22:13:00	2018-04-08 22:25:00	DME	2018-04-09 03:30:00	2018-04-09 03:34:00	2018-04-09 03:25:00	J	TP	2018-04-08 22:40:59	3.0	89.0	0	9.0	290.0	7.0	6.21		FEW	FEW	M	1200.0	2500.0							3.0	200.0	3.89	6.21		M	M	M								
469597	2018-04-08 00:00:00	1525.0	CSTNN	320	AIRBUS A320-211	NB	LFW	2018-04-08 22:10:00	2018-04-08 22:25:00	2018-04-08 22:35:00	ACC	2018-04-08 22:56:00	2018-04-08 22:59:00	2018-04-08 22:55:00	J	TP	2018-04-09 03:11:59	15.0	93.0	O	28.0	190.0	5.0	6.21		FEW	M	M	1200.0								27.0	230.0	7.0	6.21		M	M	M								
469598	2018-04-08 00:00:00	1528.0	CSTNY	320	AIRBUS A320-211	NB	ACC	2018-04-08 22:15:00	2018-04-08 22:05:00	2018-04-08 22:17:00	LIS	2018-04-09 03:25:00	2018-04-09 03:30:00	2018-04-09 03:45:00	J	TP					27.0	200.0	8.0	6.21		M	M	M									7.0	220.0	7.0	6.21		FEW	FEW	SCT	2000.0	2500.0	3200.0					
469599	2018-04-08 00:00:00	1928.0	CSTNH	320	AIRBUS A320-211	NB	LIS	2018-04-08 22:15:00	2018-04-08 22:52:00	2018-04-08 23:03:00	OPO	2018-04-08 23:37:00	2018-04-08 23:42:00	2018-04-08 23:10:00	J	TP	2018-04-08 23:03:59	37.0	95.0	A	8.0	290.0	5.0	6.21		FEW	M	M	2800.0								8.0	310.0	8.0	6.21		FEW	SCT	BKN	1100.0	1600.0	3000.0					
469600	2018-04-08 00:00:00	87.0	CSTOG	332	AIRBUS A330-200	WB	LIS	2018-04-08 22:20:00	2018-04-08 22:43:00	2018-04-08 22:58:00	GRU	2018-04-09 08:56:00	2018-04-09 09:13:00	2018-04-09 08:20:00	J	TP	2018-04-08 23:01:59	23.0	91.0	0	8.0	310.0	9.0	6.21		FEW	FEW	M	1600.0	2500.0							17.0	0.0	0.0	6.21		SCT	M	M	1100.0							
469601	2018-04-08 00:00:00	75.0	CSTOP	332	AIRBUS A330-200	WB	LIS	2018-04-08 22:25:00	2018-04-08 22:30:00	2018-04-08 22:44:00	GIG	2018-04-09 08:22:00	2018-04-09 08:26:00	2018-04-09 08:20:00	J	TP	2018-04-08 22:51:59	5.0	91.0	0	8.0	310.0	9.0	6.21		FEW	FEW	M	1600.0	2500.0							23.0	230.0	1.0	6.21		FEW	M	M	2000.0							
469602	2018-04-08 00:00:00	792.0	CSTNS	320	AIRBUS A320-211	NB	LIS	2018-04-08 22:25:00	2018-04-08 22:23:00	2018-04-08 22:37:00	HEL	2018-04-09 02:48:00	2018-04-09 02:52:00	2018-04-09 03:00:00	J	TP					8.0	310.0	9.0	6.21		FEW	FEW	M	1600.0	2500.0							2.0	200.0	7.0	6.21		M	M	M								
469603	2018-04-08 00:00:00	289.0	CSTOA	343	AIRBUS A340-312	WB	LIS	2018-04-08 22:35:00	2018-04-08 22:36:00	2018-04-08 22:50:00	LAD	2018-04-09 05:49:00	2018-04-09 05:57:00	2018-04-09 06:05:00	J	TP	2018-04-08 22:52:59	1.0	89.0	0	8.0	310.0	9.0	6.21		FEW	FEW	M	1600.0	2500.0							26.0		2.0	4.97		SCT	BKN	M	2000.0	8000.0						
469604	2018-04-08 00:00:00	218.0	CSTOQ	332	AIRBUS A330-200	WB	BOS	2018-04-08 22:40:00	2018-04-08 22:37:00	2018-04-08 22:56:00	LIS	2018-04-09 04:40:00	2018-04-09 04:45:00	2018-04-09 05:05:00	J	TP								10.0		OVC	M	M	8500.0								7.0	250.0	5.0	6.21		FEW	FEW	M	2200.0	2500.0						
469605	2018-04-08 00:00:00	2394.0	CSTTS	319	AIRBUS A319-111	NB	LIS	2018-04-08 22:50:00	2018-04-08 22:56:00	2018-04-08 23:06:00	OTP	2018-04-09 02:47:00	2018-04-09 02:54:00	2018-04-09 02:50:00	J	TP	2018-04-08 23:09:59	6.0	41.0	A	8.0	290.0	5.0	6.21		FEW	M	M	2800.0								9.0	360.0	5.0	6.21		M	M	M								
469606	2018-04-08 00:00:00	1525.0	CSTNN	320	AIRBUS A320-211	NB	ACC	2018-04-08 23:55:00	2018-04-09 00:13:00	2018-04-09 00:27:00	LIS	2018-04-09 05:40:00	2018-04-09 05:46:00	2018-04-09 05:20:00	J	TP	2018-04-09 01:37:34	8.0	89.0	0	27.0	250.0	6.0	6.21		SCT	M	M	1900.0								6.0	200.0	8.0	6.21		FEW	M	M	2000.0							
469607	2018-04-09 00:00:00	70.0	CSTOO	332	AIRBUS A330-200	WB	GIG	2018-04-09 00:45:00	2018-04-09 00:48:00	2018-04-09 01:05:00	LIS	2018-04-09 09:47:00	2018-04-09 09:54:00	2018-04-09 10:25:00	J	TP	2018-04-09 01:14:43	3.0	89.0	0	26.0	110.0	8.0	6.21		FEW	M	M	4000.0								12.0	310.0	8.0	6.21		FEW	SCT	M	2200.0	3000.0						
469608	2018-04-09 00:00:00	1538.0	CSTJF	321	AIRBUS A321-211	NB	SID	2018-04-09 00:55:00	2018-04-09 02:39:00	2018-04-09 02:49:00	LIS	2018-04-09 06:15:00	2018-04-09 06:18:00	2018-04-09 04:35:00	J	TP	2018-04-13 08:49:59	19.0	41.0	B	20.0	40.0	17.0	6.21		BKN	SCT	M	1400.0	20000.0							7.0	260.0	4.0	6.21		FEW	M	M	2000.0							
469609	2018-04-09 00:00:00	1532.0	CSTKR	763	BOEING 767-300/300ER		RAI	2018-04-09 01:05:00	2018-04-09 02:45:00	2018-04-09 02:57:00	LIS	2018-04-09 06:28:00	2018-04-09 06:32:00	2018-04-09 05:05:00	J	TP	2018-04-09 19:27:12	35.0	16.0	0	20.0	20.0	18.0	6.21		FEW	M	M	1500.0								7.0	260.0	4.0	6.21		FEW	M	M	2000.0							
469610	2018-04-09 00:00:00	36.0	CSTOK	332	AIRBUS A330-200	WB	FOR	2018-04-09 02:05:00	2018-04-09 01:57:00	2018-04-09 02:16:00	LIS	2018-04-09 08:38:00	2018-04-09 08:42:00	2018-04-09 09:10:00	J	TP					26.0	270.0	3.0	6.21		BKN	M	M	2300.0								10.0	260.0	4.0	6.21		FEW	M	M	2500.0							
469611	2018-04-09 00:00:00	12.0	CSTOE	332	AIRBUS A330-200	WB	REC	2018-04-09 02:10:00	2018-04-09 02:40:00	2018-04-09 02:50:00	LIS	2018-04-09 09:24:00	2018-04-09 09:29:00	2018-04-09 09:35:00	J	TP	2018-04-09 02:56:35	9.0	85.0	B	24.0	160.0	2.0	6.21		FEW	BKN	M	1700.0	7000.0							12.0	270.0	5.0	6.21		SCT	M	M	2500.0							
469612	2018-04-09 00:00:00	21.0	CSTOX	333	AIRBUS A330-300	WB	SSA	2018-04-09 02:20:00	2018-04-09 02:49:00	2018-04-09 02:59:00	LIS	2018-04-09 10:18:00	2018-04-09 10:23:00	2018-04-09 10:25:00	J	TP	2018-04-09 03:16:41	1.0	89.0	0	27.0	120.0	7.0	6.21		SCT	M	M	2300.0								12.0	280.0	6.0	6.21		FEW	SCT	M	2200.0	3000.0						
469613	2018-04-09 00:00:00	208.0	CSTOM	332	AIRBUS A330-200	WB	JFK	2018-04-09 03:25:00	2018-04-09 03:28:00	2018-04-09 03:48:00	LIS	2018-04-09 09:55:00	2018-04-09 10:01:00	2018-04-09 10:15:00	J	TP	2018-04-09 03:51:43	3.0	89.0	0		340.0	14.0	10.0		CLR	M	M									12.0	310.0	8.0	6.21		FEW	SCT	M	2200.0	3000.0						
469614	2018-04-09 00:00:00	1325.0	CSTTS	319	AIRBUS A319-111	NB	OTP	2018-04-09 03:35:00	2018-04-09 03:52:00	2018-04-09 04:03:00	LIS	2018-04-09 08:14:00	2018-04-09 08:18:00	2018-04-09 08:10:00	J	TP	2018-04-09 04:06:41	13.0	41.0	B	8.0	10.0	4.0	6.21		M	M	M									10.0	260.0	4.0	6.21		FEW	M	M	2500.0							
469615	2018-04-09 00:00:00	262.0	CSTOI	332	AIRBUS A330-200	WB	YYZ	2018-04-09 03:55:00	2018-04-09 04:02:00	2018-04-09 04:18:00	LIS	2018-04-09 10:47:00	2018-04-09 10:55:00	2018-04-09 10:50:00	J	TP	2018-04-09 04:26:38	7.0	89.0	0	-4.0	340.0	8.0	15.0		BKN	M	M	25000.0								13.0	270.0	8.0	6.21		FEW	M	M	3000.0							
469616	2018-04-09 00:00:00	473.0	CSTTW	E95	EMBRAER 195	PGA	LYS	2018-04-09 04:00:00	2018-04-09 06:00:00	2018-04-09 06:10:00	LIS	2018-04-09 08:25:00	2018-04-09 08:30:00	2018-04-09 06:30:00	J	NI	2018-04-09 06:17:37	120.0	64.0	0	12.0		3.0	6.21		M	M	M									10.0	260.0	4.0	6.21		FEW	M	M	2500.0							
469617	2018-04-09 00:00:00	527.0	CSTPS	E90	EMBRAER 190	PGA	STR	2018-04-09 04:00:00	2018-04-09 04:00:00	2018-04-09 04:08:00	LIS	2018-04-09 06:40:00	2018-04-09 06:45:00	2018-04-09 07:10:00	J	NI					9.0		1.0	6.21		M	M	M									7.0	260.0	4.0	6.21		FEW	M	M	2000.0							
469618	2018-04-09 00:00:00	531.0	CSTTK	319	AIRBUS A319-111	NB	TXL	2018-04-09 04:00:00	2018-04-09 03:59:00	2018-04-09 04:09:00	LIS	2018-04-09 07:15:00	2018-04-09 07:41:00	2018-04-09 07:40:00	J	TP					6.0		1.0	6.21		M	M	M									8.0	340.0	3.0	6.21		FEW	M	M	1500.0							
469619	2018-04-09 00:00:00	567.0	CSTNR	320	AIRBUS A320-211	NB	HAM	2018-04-09 04:00:00	2018-04-09 04:02:00	2018-04-09 04:12:00	LIS	2018-04-09 07:08:00	2018-04-09 07:11:00	2018-04-09 07:30:00	J	TP	2018-04-09 04:16:38	2.0	89.0	0	11.0	130.0	4.0	6.21		M	M	M									7.0	320.0	4.0	6.21		FEW	M	M	1500.0							
469620	2018-04-09 00:00:00	753.0	CSTNU	320	AIRBUS A320-211	NB	CPH	2018-04-09 04:00:00	2018-04-09 07:17:00	2018-04-09 07:27:00	LIS	2018-04-09 10:49:00	2018-04-09 10:54:00	2018-04-09 07:45:00	J	TP	2018-04-10 08:03:59	47.0	37.0	0	10.0	150.0	6.0	6.21		M	M	M									13.0	270.0	8.0	6.21		FEW	M	M	3000.0							
469621	2018-04-09 00:00:00	553.0	CSTTJ	319	AIRBUS A319-111	NB	MUC	2018-04-09 04:05:00	2018-04-09 04:09:00	2018-04-09 04:24:00	LIS	2018-04-09 07:05:00	2018-04-09 07:11:00	2018-04-09 07:20:00	J	TP	2018-04-09 04:24:35	4.0	63.0	D	3.0	310.0	2.0	6.21		NSC	M	M									7.0	320.0	4.0	6.21		FEW	M	M	1500.0							
469622	2018-04-09 00:00:00	791.0	CSTNS	320	AIRBUS A320-211	NB	HEL	2018-04-09 04:05:00	2018-04-09 04:22:00	2018-04-09 04:34:00	LIS	2018-04-09 09:07:00	2018-04-09 09:13:00	2018-04-09 08:55:00	J	TP	2018-04-09 04:36:35	17.0	87.0	F	3.0		2.0	4.97		NSC	M	M									11.0	290.0	4.0	6.21		FEW	M	M	2500.0							
469623	2018-04-09 00:00:00	949.0	CSTNM	320	AIRBUS A320-211	NB	GVA	2018-04-09 04:10:00	2018-04-09 04:19:00	2018-04-09 04:26:00	LIS	2018-04-09 06:30:00	2018-04-09 06:32:00	2018-04-09 06:45:00	J	TP	2018-04-09 08:28:59	9.0	85.0	C	9.0		1.0	6.21		FEW	BKN	M	9000.0	13000.0							7.0	260.0	4.0	6.21		FEW	M	M	2000.0							
469624	2018-04-09 00:00:00	571.0	CSTJE	321	AIRBUS A321-211	NB	FRA	2018-04-09 04:15:00	2018-04-09 04:12:00	2018-04-09 04:22:00	LIS	2018-04-09 06:56:00	2018-04-09 06:59:00	2018-04-09 07:25:00	J	TP					9.0	50.0	6.0	6.21		M	M	M									7.0	320.0	4.0	6.21		FEW	M	M	1500.0							
469625	2018-04-09 00:00:00	837.0	CSTNQ	320	AIRBUS A320-211	NB	FCO	2018-04-09 04:15:00	2018-04-09 04:15:00	2018-04-09 04:44:00	LIS	2018-04-09 07:21:00	2018-04-09 07:24:00	2018-04-09 07:20:00	J	TP					14.0	120.0	19.0	3.73		FEW	SCT	BKN	1500.0	2500.0	5000.0						8.0	340.0	3.0	6.21		FEW	M	M	1500.0							
469626	2018-04-09 00:00:00	1235.0	CSTNW	320	AIRBUS A320-211	NB	DME	2018-04-09 04:15:00	2018-04-09 04:32:00	2018-04-09 04:43:00	LIS	2018-04-09 10:01:00	2018-04-09 10:07:00	2018-04-09 10:10:00	J	TP	2018-04-23 10:38:59	8.0	19.0	B	5.0	220.0	7.78	6.21		M	M	M									12.0	310.0	8.0	6.21		FEW	SCT	M	2200.0	3000.0						
469627	2018-04-09 00:00:00	1943.0	CSTNX	320	AIRBUS A320-211	NB	OPO	2018-04-09 04:15:00	2018-04-09 04:15:00	2018-04-09 04:25:00	LIS	2018-04-09 04:56:00	2018-04-09 05:01:00	2018-04-09 05:10:00	J	TP					8.0	340.0	7.0	6.21		FEW	BKN	M	1600.0	3500.0							7.0	250.0	4.0	6.21		FEW	FEW	M	2500.0	3000.0						
469628	2018-04-09 00:00:00	641.0	CSTTA	319	AIRBUS A319-111	NB	BRU	2018-04-09 04:20:00	2018-04-09 04:23:00	2018-04-09 04:32:00	LIS	2018-04-09 06:50:00	2018-04-09 06:55:00	2018-04-09 07:10:00	J	TP	2018-04-09 04:39:38	3.0	84.0	0	10.0	310.0	5.0	2.8		NSC	M	M									7.0	320.0	4.0	6.21		FEW	M	M	1500.0							
469629	2018-04-09 00:00:00	929.0	CSTNI	320	AIRBUS A320-211	NB	ZRH	2018-04-09 04:20:00	2018-04-09 04:31:00	2018-04-09 04:41:00	LIS	2018-04-09 07:03:00	2018-04-09 07:08:00	2018-04-09 07:10:00	J	TP	2018-04-09 04:43:29	11.0	63.0	A	7.0	300.0	4.0	6.21		M	M	M									7.0	320.0	4.0	6.21		FEW	M	M	1500.0							
469630	2018-04-09 00:00:00	1095.0	CSDJE	AT7	ATR 72	WI	VLC	2018-04-09 04:20:00	2018-04-09 04:20:00	2018-04-09 04:29:00	LIS	2018-04-09 06:23:00	2018-04-09 06:36:00	2018-04-09 06:35:00	J	WI					13.0	250.0	9.0	6.21		FEW	M	M	6000.0								7.0	260.0	4.0	6.21		FEW	M	M	2000.0							
469631	2018-04-09 00:00:00	587.0	CSTPO	E90	EMBRAER 190	PGA	CGN	2018-04-09 04:25:00	2018-04-09 04:41:00	2018-04-09 04:49:00	LIS	2018-04-09 07:23:00	2018-04-09 07:31:00	2018-04-09 07:35:00	J	NI	2018-04-09 05:11:32	16.0	64.0	0	11.0	70.0	4.0	6.21		M	M	M									8.0	340.0	3.0	6.21		FEW	M	M	1500.0							
469632	2018-04-09 00:00:00	1049.0	CSTPV	E90	EMBRAER 190	PGA	BCN	2018-04-09 04:40:00	2018-04-09 04:36:00	2018-04-09 04:52:00	LIS	2018-04-09 06:25:00	2018-04-09 06:31:00	2018-04-09 06:35:00	J	NI					10.0	10.0	3.0	6.21		FEW	M	M	800.0								7.0	260.0	4.0	6.21		FEW	M	M	2000.0							
469633	2018-04-09 00:00:00	1137.0	CSDJH	AT7	ATR 72	WI	AGP	2018-04-09 04:40:00	2018-04-09 04:57:00	2018-04-09 05:07:00	LIS	2018-04-09 06:20:00	2018-04-09 06:24:00	2018-04-09 06:15:00	J	WI	2018-04-09 05:19:43	17.0	81.0	0	9.0	280.0	6.0	6.21		FEW	SCT	M	2000.0	8000.0							7.0	260.0	4.0	6.21		FEW	M	M	2000.0							
469634	2018-04-09 00:00:00	361.0	CSTTG	319	AIRBUS A319-111	NB	LHR	2018-04-09 05:00:00	2018-04-09 05:26:00	2018-04-09 05:48:00	LIS	2018-04-09 08:08:00	2018-04-09 08:14:00	2018-04-09 07:35:00	J	TP	2018-04-09 06:01:46	1.0	84.0	0	9.0	20.0	4.0	1.99		OVC	M	M	500.0								9.0	290.0	3.0	6.21		FEW	SCT	M	2500.0	4000.0						
469635	2018-04-09 00:00:00	459.0	CSTTB	319	AIRBUS A319-111	NB	ORY	2018-04-09 05:00:00	2018-04-09 05:01:00	2018-04-09 05:11:00	OPO	2018-04-09 06:59:00	2018-04-09 07:07:00	2018-04-09 07:05:00	J	TP	2018-04-09 06:52:39	1.0	89.0	0	12.0	280.0	4.0	6.21		M	M	M									9.0	320.0	6.0	3.73		SCT	BKN	M	500.0	1100.0						
469636	2018-04-09 00:00:00	669.0	FHBIS	320	AIRBUS A320-211	NB	AMS	2018-04-09 05:00:00	2018-04-09 05:15:00	2018-04-09 05:35:00	LIS	2018-04-09 08:19:00	2018-04-09 08:25:00	2018-04-09 08:00:00	J	TP	2018-04-09 05:54:59	15.0	84.0	0	9.0	330.0	5.0	2.3		FEW	M	M	300.0								10.0	260.0	4.0	6.21		FEW	M	M	2500.0							
469637	2018-04-09 00:00:00	1101.0	CSDJA	AT7	ATR 72	WI	SVQ	2018-04-09 05:00:00	2018-04-09 05:00:00	2018-04-09 05:06:00	LIS	2018-04-09 06:03:00	2018-04-09 06:06:00	2018-04-09 06:10:00	J	WI					8.0	260.0	5.0	6.21		M	M	M									6.0	200.0	8.0	6.21		FEW	M	M	2000.0							
469638	2018-04-09 00:00:00	1670.0	CSTJG	321	AIRBUS A321-211	NB	FNC	2018-04-09 05:00:00	2018-04-09 04:59:00	2018-04-09 05:07:00	LIS	2018-04-09 06:33:00	2018-04-09 06:38:00	2018-04-09 06:35:00	J	TP					15.0		10.0	6.21	24.0	SCT	M	M	1500.0								7.0	260.0	4.0	6.21		FEW	M	M	2000.0							
469639	2018-04-09 00:00:00	1900.0	CSTTI	319	AIRBUS A319-111	NB	FAO	2018-04-09 05:00:00	2018-04-09 05:21:00	2018-04-09 05:29:00	LIS	2018-04-09 06:05:00	2018-04-09 06:08:00	2018-04-09 05:45:00	J	TP	2018-04-09 05:44:36	21.0	87.0	0	9.0	310.0	8.0	6.21		FEW	M	M	2000.0								6.0	200.0	8.0	6.21		FEW	M	M	2000.0							
469640	2018-04-09 00:00:00	1711.0	CSTTD	319	AIRBUS A319-111	NB	OPO	2018-04-09 05:05:00	2018-04-09 05:07:00	2018-04-09 05:13:00	FNC	2018-04-09 07:02:00	2018-04-09 07:06:00	2018-04-09 07:00:00	J	TP	2018-04-09 05:20:29	2.0	89.0	0	9.0	340.0	8.0	6.21		FEW	SCT	BKN	900.0	1600.0	4000.0						15.0	350.0	14.0	6.21		SCT	M	M	1500.0							
469641	2018-04-09 00:00:00	1921.0	CSTPT	E90	EMBRAER 190	PGA	OPO	2018-04-09 05:15:00	2018-04-09 05:19:00	2018-04-09 05:26:00	LIS	2018-04-09 05:59:00	2018-04-09 06:05:00	2018-04-09 06:15:00	J	NI	2018-04-09 05:31:41	4.0	84.0	0	9.0	340.0	7.0	6.21		FEW	SCT	BKN	900.0	1600.0	3000.0						6.0	200.0	8.0	6.21		FEW	M	M	2000.0							
469642	2018-04-09 00:00:00	1023.0	CSTTM	319	AIRBUS A319-111	NB	MAD	2018-04-09 05:25:00	2018-04-09 06:46:00	2018-04-09 06:57:00	LIS	2018-04-09 07:54:00	2018-04-09 08:01:00	2018-04-09 06:45:00	J	TP	2018-04-09 19:54:59	16.0	41.0	B	5.0	180.0	9.0	6.21		SCT	BKN	M	2000.0	3300.0							9.0	290.0	3.0	6.21		FEW	SCT	M	2500.0	4000.0						
469643	2018-04-09 00:00:00	436.0	LYCGC	734	BOEING 737-400		LIS	2018-04-09 05:30:00	2018-04-09 06:30:00	2018-04-09 06:42:00	ORY	2018-04-09 08:56:00	2018-04-09 09:00:00	2018-04-09 07:55:00	J	TP	2018-04-13 10:15:59	30.0	41.0	A	7.0	260.0	4.0	6.21		FEW	M	M	2000.0								14.0	290.0	7.0	4.35		NSC	M	M								
469644	2018-04-09 00:00:00	452.0	CSTTH	319	AIRBUS A319-111	NB	OPO	2018-04-09 05:30:00	2018-04-09 05:39:00	2018-04-09 05:47:00	ORY	2018-04-09 07:32:00	2018-04-09 07:37:00	2018-04-09 07:35:00	J	TP	2018-04-09 08:29:59	3.0	89.0	0	9.0	340.0	7.0	6.21		FEW	SCT	BKN	900.0	1600.0	3000.0						13.0	290.0	6.0	4.35		NSC	M	M								
469645	2018-04-09 00:00:00	818.0	FHBAL	319	AIRBUS A319-111	NB	OPO	2018-04-09 05:30:00	2018-04-09 05:35:00	2018-04-09 05:45:00	MXP	2018-04-09 07:53:00	2018-04-09 07:58:00	2018-04-09 08:05:00	J	TP	2018-04-09 08:31:59	3.0	89.0	0	9.0	340.0	7.0	6.21		FEW	SCT	BKN	900.0	1600.0	3000.0						11.0	350.0	9.0	4.97		BKN	M	M	6000.0							
469646	2018-04-09 00:00:00	834.0	CSTJH	321	AIRBUS A321-211	NB	LIS	2018-04-09 05:30:00	2018-04-09 05:36:00	2018-04-09 05:47:00	FCO	2018-04-09 08:22:00	2018-04-09 08:31:00	2018-04-09 08:20:00	J	TP	2018-04-10 08:49:59	6.0	16.0	0	6.0		2.0	6.21		FEW	M	M	2500.0								13.0	160.0	25.0	2.49	37.0	SCT	FEW	BKN	700.0	1200.0	1500.0					
469647	2018-04-09 00:00:00	1030.0	CSTTN	319	AIRBUS A319-111	NB	OPO	2018-04-09 05:30:00	2018-04-09 07:08:00	2018-04-09 07:16:00	BCN	2018-04-09 08:45:00	2018-04-09 08:48:00	2018-04-09 07:15:00	J	TP	2018-04-09 07:21:44	98.0	64.0	0	9.0	320.0	6.0	3.73		SCT	BKN	M	500.0	1100.0							14.0	150.0	4.0	6.21		FEW	BKN	M	1200.0	1700.0						
469648	2018-04-09 00:00:00	1044.0	CSTPR	E90	EMBRAER 190	PGA	LIS	2018-04-09 05:45:00	2018-04-09 05:44:00	2018-04-09 05:59:00	BCN	2018-04-09 07:32:00	2018-04-09 07:39:00	2018-04-09 07:35:00	J	NI					6.0		2.0	6.21		FEW	M	M	2500.0								11.0	330.0	3.0	5.59		BKN	M	M	1000.0							
469649	2018-04-09 00:00:00	443.0	CSTTP	319	AIRBUS A319-111	NB	ORY	2018-04-09 05:50:00	2018-04-09 05:58:00	2018-04-09 06:11:00	LIS	2018-04-09 08:31:00	2018-04-09 08:35:00	2018-04-09 08:20:00	J	TP	2018-04-09 08:29:59	8.0	84.0	0	12.0	280.0	5.0	6.21		M	M	M									10.0	260.0	4.0	6.21		FEW	M	M	2500.0							
469650	2018-04-09 00:00:00	1026.0	CSTNY	320	AIRBUS A320-211	NB	LIS	2018-04-09 05:55:00	2018-04-09 05:51:00	2018-04-09 06:03:00	MAD	2018-04-09 06:59:00	2018-04-09 07:08:00	2018-04-09 07:10:00	J	TP					6.0	200.0	8.0	6.21		FEW	M	M	2000.0								5.0	180.0	9.0	6.21		SCT	BKN	M	2000.0	3300.0						
469651	2018-04-09 00:00:00	344.0	CSTPU	E90	EMBRAER 190	PGA	LIS	2018-04-09 06:00:00	2018-04-09 06:08:00	2018-04-09 06:29:00	LCY	2018-04-09 09:07:00	2018-04-09 09:12:00	2018-04-09 08:40:00	J	NI	2018-04-09 06:30:59	8.0	65.0	0	6.0	200.0	8.0	6.21		FEW	M	M	2000.0								9.0	60.0	6.0	3.73		OVC	M	M	600.0							
469652	2018-04-09 00:00:00	646.0	CSTJF	321	AIRBUS A321-211	NB	LIS	2018-04-09 06:00:00	2018-04-09 07:23:00	2018-04-09 07:38:00	BRU	2018-04-09 10:03:00	2018-04-09 10:08:00	2018-04-09 08:40:00	J	TP	2018-04-09 07:43:59	10.0	89.0	0	8.0	340.0	3.0	6.21		FEW	M	M	1500.0								13.0	320.0	5.0	3.73		NSC	M	M								
469653	2018-04-09 00:00:00	754.0	CSTQD	320	AIRBUS A320-211	NB	LIS	2018-04-09 06:00:00	2018-04-09 06:35:00	2018-04-09 06:45:00	CPH	2018-04-09 10:01:00	2018-04-09 10:09:00	2018-04-09 09:35:00	J	TP	2018-04-09 09:51:59	7.0	82.0	0	7.0	260.0	4.0	6.21		FEW	M	M	2000.0								14.0	190.0	6.0	6.21		M	M	M								
469654	2018-04-09 00:00:00	762.0	CSTNX	320	AIRBUS A320-211	NB	LIS	2018-04-09 06:00:00	2018-04-09 06:03:00	2018-04-09 06:18:00	OSL	2018-04-09 09:50:00	2018-04-09 09:56:00	2018-04-09 10:00:00	J	TP	2018-04-10 09:15:59	3.0	19.0	B	6.0	200.0	8.0	6.21		FEW	M	M	2000.0								2.0	20.0	10.0	6.21		FEW	BKN	M	500.0	1500.0						
469655	2018-04-09 00:00:00	922.0	CSTPW	E90	EMBRAER 190	PGA	OPO	2018-04-09 06:00:00	2018-04-09 06:11:00	2018-04-09 06:21:00	ZRH	2018-04-09 08:41:00	2018-04-09 08:45:00	2018-04-09 08:30:00	J	NI	2018-04-09 06:36:37	11.0	3.0	C	9.0	350.0	3.0	5.59		FEW	SCT	BKN	800.0	1200.0	3000.0						13.0		1.0	6.21		M	M	M								
469656	2018-04-09 00:00:00	1926.0	CSDJB	AT7	ATR 72	WI	LIS	2018-04-09 06:00:00	2018-04-09 05:57:00	2018-04-09 06:08:00	OPO	2018-04-09 07:07:00	2018-04-09 07:11:00	2018-04-09 07:00:00	J	WI					6.0	200.0	8.0	6.21		FEW	M	M	2000.0								9.0	320.0	6.0	3.73		SCT	BKN	M	500.0	1100.0						
469657	2018-04-09 00:00:00	336.0	CSTNG	320	AIRBUS A320-211	NB	LIS	2018-04-09 06:05:00	2018-04-09 06:46:00	2018-04-09 06:58:00	LGW	2018-04-09 09:06:00	2018-04-09 09:11:00	2018-04-09 08:45:00	J	TP	2018-04-09 06:58:59	41.0	84.0	0	7.0	320.0	4.0	6.21		FEW	M	M	1500.0								9.0	50.0	8.0	2.49		BKN	M	M	500.0							
469658	2018-04-09 00:00:00	1672.0	CSTTF	319	AIRBUS A319-111	NB	FNC	2018-04-09 06:05:00	2018-04-09 06:04:00	2018-04-09 06:13:00	LIS	2018-04-09 07:40:00	2018-04-09 07:43:00	2018-04-09 07:45:00	J	TP					15.0	360.0	11.0	6.21	24.0	SCT	M	M	1500.0								8.0	340.0	3.0	6.21		FEW	M	M	1500.0							
469659	2018-04-09 00:00:00	284.0	CSTOL	332	AIRBUS A330-200	WB	MPM	2018-04-09 06:10:00	2018-04-09 06:12:00	2018-04-09 06:25:00	LIS	2018-04-09 16:50:00	2018-04-09 16:56:00	2018-04-09 16:55:00	J	TP	2018-04-09 06:41:46	2.0	86.0	B	23.0	220.0	7.0	6.21		BKN	M	M	2000.0								13.0	260.0	9.0	6.21		SCT	SCT	M	2400.0	4200.0						
469660	2018-04-09 00:00:00	322.0	CSTPP	E90	EMBRAER 190	PGA	LIS	2018-04-09 06:10:00	2018-04-09 06:42:00	2018-04-09 06:53:00	MAN	2018-04-09 09:21:00	2018-04-09 09:28:00	2018-04-09 09:00:00	J	NI	2018-04-09 06:54:59	32.0	84.0	0	7.0	260.0	4.0	6.21		FEW	M	M	2000.0								9.0		3.0	4.97		NSC	M	M								
469661	2018-04-09 00:00:00	1933.0	CSTNH	320	AIRBUS A320-211	NB	OPO	2018-04-09 06:20:00	2018-04-09 06:36:00	2018-04-09 06:48:00	LIS	2018-04-09 07:26:00	2018-04-09 07:32:00	2018-04-09 07:20:00	J	TP	2018-04-09 06:58:39	10.0	89.0	0	9.0	350.0	3.0	4.97		SCT	BKN	M	600.0	1200.0							8.0	340.0	3.0	6.21		FEW	M	M	1500.0							
469662	2018-04-09 00:00:00	1008.0	CSTPQ	E90	EMBRAER 190	PGA	OPO	2018-04-09 06:30:00	2018-04-09 06:29:00	2018-04-09 06:44:00	MAD	2018-04-09 07:37:00	2018-04-09 07:44:00	2018-04-09 07:40:00	J	NI					9.0	350.0	3.0	4.97		SCT	BKN	M	600.0	1200.0							5.0	170.0	8.0	6.21	18.0	SCT	BKN	M	1400.0	2000.0						
469663	2018-04-09 00:00:00	1679.0	CSTNL	320	AIRBUS A320-211	NB	LIS	2018-04-09 06:30:00	2018-04-09 06:57:00	2018-04-09 07:13:00	PXO	2018-04-09 09:05:00	2018-04-09 09:07:00	2018-04-09 08:15:00	J	TP	2018-04-09 07:16:59	27.0	91.0	0	7.0	320.0	4.0	6.21		FEW	M	M	1500.0								16.0	340.0	22.0	6.21		SCT	FEW	M	1500.0	1800.0						
469664	2018-04-09 00:00:00	374.0	CSTTR	319	AIRBUS A319-111	NB	LIS	2018-04-09 06:35:00	2018-04-09 07:09:00	2018-04-09 07:25:00	LHR	2018-04-09 09:44:00	2018-04-09 09:53:00	2018-04-09 09:20:00	J	TP	2018-04-09 07:33:59	34.0	82.0	0	7.0	320.0	4.0	6.21		FEW	M	M	1500.0								8.0	60.0	7.0	2.17		BKN	BKN	OVC	500.0	800.0	3100.0					
469665	2018-04-09 00:00:00	1082.0	CSDJD	AT7	ATR 72	WI	LIS	2018-04-09 06:45:00	2018-04-09 06:45:00	2018-04-09 07:04:00	LCG	2018-04-09 08:28:00	2018-04-09 08:31:00	2018-04-09 08:20:00	J	WI					7.0	260.0	4.0	6.21		FEW	M	M	2000.0								9.0	90.0	4.0	1.86		SCT	BKN	BKN	1400.0	2000.0	2700.0					
469666	2018-04-09 00:00:00	822.0	CSTKR	763	BOEING 767-300/300ER		LIS	2018-04-09 06:50:00	2018-04-09 08:05:00	2018-04-09 08:23:00	MXP	2018-04-09 10:37:00	2018-04-09 10:44:00	2018-04-09 09:30:00	G	WI	2018-04-09 08:32:59	30.0	89.0	0	9.0	290.0	3.0	6.21		FEW	SCT	M	2500.0	4000.0							12.0	360.0	10.0	4.97		BKN	M	M	5000.0							
469667	2018-04-09 00:00:00	1106.0	CSDJF	AT7	ATR 72	WI	LIS	2018-04-09 06:50:00	2018-04-09 06:50:00	2018-04-09 07:07:00	SVQ	2018-04-09 07:59:00	2018-04-09 08:03:00	2018-04-09 08:05:00	J	WI					7.0	320.0	4.0	6.21		FEW	M	M	1500.0								10.0	270.0	7.0	6.21		M	M	M								
469668	2018-04-09 00:00:00	1134.0	CSDJA	AT7	ATR 72	WI	LIS	2018-04-09 06:50:00	2018-04-09 06:57:00	2018-04-09 07:10:00	AGP	2018-04-09 08:25:00	2018-04-09 08:27:00	2018-04-09 08:20:00	J	WI	2018-04-09 07:15:59	7.0	89.0	0	7.0	320.0	4.0	6.21		FEW	M	M	1500.0								13.0	300.0	7.0	6.21	17.0	FEW	M	M	3000.0							
469669	2018-04-09 00:00:00	492.0	CSTTY	E95	EMBRAER 195	PGA	LIS	2018-04-09 06:55:00	2018-04-09 07:13:00	2018-04-09 07:27:00	TLS	2018-04-09 09:01:00	2018-04-09 09:05:00	2018-04-09 08:45:00	J	NI	2018-04-09 07:34:59	18.0	89.0	0	7.0	320.0	4.0	6.21		FEW	M	M	1500.0								13.0	180.0	7.0	6.21		BKN	BKN	BKN	1800.0	4500.0	5400.0					
469670	2018-04-09 00:00:00	434.0	CSTNN	320	AIRBUS A320-211	NB	LIS	2018-04-09 07:00:00	2018-04-09 07:29:00	2018-04-09 07:42:00	ORY	2018-04-09 09:47:00	2018-04-09 09:54:00	2018-04-09 09:25:00	J	TP	2018-04-09 08:00:59	19.0	89.0	0	8.0	340.0	3.0	6.21		FEW	M	M	1500.0								15.0	310.0	7.0	4.35		SCT	BKN	M	3800.0	6900.0						
469671	2018-04-09 00:00:00	1272.0	CSTOF	332	AIRBUS A330-200	WB	LIS	2018-04-09 07:00:00	2018-04-09 07:05:00	2018-04-09 07:22:00	VIE	2018-04-09 10:20:00	2018-04-09 10:27:00	2018-04-09 10:20:00	J	TP	2018-04-09 07:23:59	5.0	81.0	0	7.0	320.0	4.0	6.21		FEW	M	M	1500.0								22.0	140.0	17.0	6.21		M	M	M								
469672	2018-04-09 00:00:00	1828.0	CSTNP	320	AIRBUS A320-211	NB	TER	2018-04-09 07:00:00	2018-04-09 07:09:00	2018-04-09 07:13:00	LIS	2018-04-09 09:22:00	2018-04-09 09:26:00	2018-04-09 09:15:00	J	TP	2018-04-09 07:34:52	9.0	87.0	0	13.0			6.21		FEW	M	M	3000.0								12.0	270.0	5.0	6.21		SCT	M	M	2500.0							
469673	2018-04-09 00:00:00	1864.0	CSTMW	320	AIRBUS A320-211	NB	PDL	2018-04-09 07:00:00	2018-04-09 07:03:00	2018-04-09 07:16:00	LIS	2018-04-09 09:18:00	2018-04-09 09:22:00	2018-04-09 09:10:00	J	TP	2018-04-09 07:31:47	3.0	85.0	E	11.0	320.0	10.0	6.21		FEW	M	M	1800.0								12.0	270.0	5.0	6.21		SCT	M	M	2500.0							
469674	2018-04-09 00:00:00	1924.0	CSDJH	AT7	ATR 72	WI	LIS	2018-04-09 07:00:00	2018-04-09 07:20:00	2018-04-09 07:34:00	OPO	2018-04-09 08:28:00	2018-04-09 08:32:00	2018-04-09 08:00:00	J	WI	2018-04-09 07:35:59	20.0	89.0	0	8.0	340.0	3.0	6.21		FEW	M	M	1500.0								10.0	340.0	7.0	3.11		SCT	BKN	OVC	700.0	1100.0	2700.0					
469675	2018-04-09 00:00:00	2580.0	CSTOH	332	AIRBUS A330-200	WB	POA	2018-04-09 07:00:00	2018-04-09 07:02:00	2018-04-09 07:21:00	LIS	2018-04-09 17:20:00	2018-04-09 17:26:00	2018-04-09 17:40:00	J	TP	2018-04-09 07:26:37	2.0	36.0	0	22.0	100.0	5.0	6.21		M	M	M									12.0	280.0	8.0	6.21		FEW	SCT	M	2200.0	3800.0						
469676	2018-04-09 00:00:00	9336.0	CSTNJ	320	AIRBUS A320-211	NB	LIS	2018-04-09 07:00:00	2018-04-09 07:18:00	2018-04-09 07:32:00	OPO	2018-04-09 08:15:00	2018-04-09 08:20:00	2018-04-09 07:50:00	P	TP					8.0	340.0	3.0	6.21		FEW	M	M	1500.0								10.0	340.0	7.0	3.11		SCT	BKN	OVC	700.0	1100.0	2700.0					
469677	2018-04-09 00:00:00	404.0	CSTPT	E90	EMBRAER 190	PGA	LIS	2018-04-09 07:05:00	2018-04-09 07:50:00	2018-04-09 08:01:00	MRS	2018-04-09 09:57:00	2018-04-09 10:00:00	2018-04-09 09:15:00	J	NI	2018-04-09 08:02:59	45.0	89.0	0	9.0	290.0	3.0	6.21		FEW	SCT	M	2500.0	4000.0							14.0	160.0	10.0	6.21		FEW	BKN	BKN	2700.0	3200.0	5200.0					
469678	2018-04-09 00:00:00	476.0	CSTTW	E95	EMBRAER 195	PGA	LIS	2018-04-09 07:05:00	2018-04-09 09:34:00	2018-04-09 09:49:00	LYS	2018-04-09 11:49:00	2018-04-09 11:52:00	2018-04-09 09:15:00	J	NI	2018-04-13 11:35:59	5.0	93.0	R	12.0	270.0	5.0	6.21		SCT	M	M	2500.0								16.0	190.0	8.0	6.21		FEW	BKN	M	4000.0	11000.0						
469679	2018-04-09 00:00:00	371.0	CSTTO	319	AIRBUS A319-111	NB	LHR	2018-04-09 07:10:00	2018-04-09 07:09:00	2018-04-09 07:22:00	LIS	2018-04-09 09:39:00	2018-04-09 09:44:00	2018-04-09 09:50:00	J	TP					8.0	40.0	5.0	2.36		BKN	OVC	M	500.0	1500.0							12.0	270.0	5.0	6.21		SCT	M	M	2500.0							
469680	2018-04-09 00:00:00	412.0	CSTPV	E90	EMBRAER 190	PGA	LIS	2018-04-09 07:15:00	2018-04-09 07:57:00	2018-04-09 08:10:00	NTE	2018-04-09 09:45:00	2018-04-09 09:49:00	2018-04-09 09:15:00	J	NI	2018-04-09 08:12:59	42.0	89.0	0	9.0	290.0	3.0	6.21		FEW	SCT	M	2500.0	4000.0							12.0		3.0	6.21		BKN	OVC	M	3500.0	4100.0						
469681	2018-04-09 00:00:00	1098.0	CSDJC	AT7	ATR 72	WI	LIS	2018-04-09 07:15:00	2018-04-09 07:59:00	2018-04-09 08:08:00	VLC	2018-04-09 09:53:00	2018-04-09 10:00:00	2018-04-09 09:20:00	J	WI	2018-04-09 08:13:59	44.0	89.0	0	9.0	290.0	3.0	6.21		FEW	SCT	M	2500.0	4000.0							16.0	250.0	20.0	6.21		FEW	M	M	2500.0							
469682	2018-04-09 00:00:00	542.0	CSTTZ	E95	EMBRAER 195	PGA	LIS	2018-04-09 07:30:00	2018-04-09 08:05:00	2018-04-09 08:18:00	DUS	2018-04-09 10:46:00	2018-04-09 10:53:00	2018-04-09 10:25:00	J	NI	2018-04-09 08:18:59	35.0	89.0	0	9.0	290.0	3.0	6.21		FEW	SCT	M	2500.0	4000.0							17.0	330.0	6.0	4.97		NSC	M	M								
469683	2018-04-09 00:00:00	574.0	CSTJG	321	AIRBUS A321-211	NB	LIS	2018-04-09 07:30:00	2018-04-09 07:44:00	2018-04-09 07:59:00	FRA	2018-04-09 10:37:00	2018-04-09 10:46:00	2018-04-09 10:35:00	J	TP	2018-04-09 08:00:59	14.0	15.0	D	8.0	340.0	3.0	6.21		FEW	M	M	1500.0								19.0	60.0	9.0	6.21		M	M	M								
469684	2018-04-09 00:00:00	1941.0	CSDJB	AT7	ATR 72	WI	OPO	2018-04-09 07:30:00	2018-04-09 07:49:00	2018-04-09 07:55:00	LIS	2018-04-09 08:46:00	2018-04-09 08:49:00	2018-04-09 08:30:00	J	WI	2018-04-09 08:02:52	4.0	89.0	0	9.0	360.0	5.0	5.59		SCT	BKN	BKN	900.0	1100.0	2000.0						11.0	290.0	4.0	6.21		FEW	M	M	2500.0							
469685	2018-04-09 00:00:00	694.0	CSTNM	320	AIRBUS A320-211	NB	LIS	2018-04-09 07:35:00	2018-04-09 07:41:00	2018-04-09 07:52:00	LUX	2018-04-09 10:08:00	2018-04-09 10:11:00	2018-04-09 10:15:00	J	TP	2018-04-09 07:52:59	6.0	85.0	C	8.0	340.0	3.0	6.21		FEW	M	M	1500.0								16.0	50.0	11.0	6.21		M	M	M								
469686	2018-04-09 00:00:00	288.0	CSTOA	343	AIRBUS A340-312	WB	LAD	2018-04-09 07:40:00	2018-04-09 08:00:00	2018-04-09 08:09:00	LIS	2018-04-09 15:28:00	2018-04-09 15:33:00	2018-04-09 15:30:00	J	TP	2018-04-09 08:42:58	20.0	85.0	0		210.0	8.0	5.59		SCT	BKN	M	2000.0	8000.0							13.0	280.0	8.0	6.21		FEW	BKN	M	3800.0	4300.0						
469687	2018-04-09 00:00:00	784.0	CSTNT	320	AIRBUS A320-211	NB	LIS	2018-04-09 07:45:00	2018-04-09 07:55:00	2018-04-09 08:04:00	ARN	2018-04-09 11:50:00	2018-04-09 11:55:00	2018-04-09 12:00:00	J	TP	2018-04-09 08:06:59	10.0	89.0	0	9.0	290.0	3.0	6.21		FEW	SCT	M	2500.0	4000.0							4.0	30.0	11.0	3.73		BKN	M	M	600.0							
469688	2018-04-09 00:00:00	1680.0	CSTTD	319	AIRBUS A319-111	NB	FNC	2018-04-09 07:45:00	2018-04-09 07:54:00	2018-04-09 08:01:00	LIS	2018-04-09 09:27:00	2018-04-09 09:32:00	2018-04-09 09:20:00	J	TP	2018-04-09 08:11:53	3.0	16.0	G	16.0	350.0	17.0	6.21	36.0	SCT	M	M	1500.0								12.0	270.0	5.0	6.21		SCT	M	M	2500.0							
469689	2018-04-09 00:00:00	334.0	CSTTB	319	AIRBUS A319-111	NB	OPO	2018-04-09 07:55:00	2018-04-09 08:30:00	2018-04-09 08:37:00	LGW	2018-04-09 10:39:00	2018-04-09 10:43:00	2018-04-09 10:05:00	J	TP	2018-04-09 08:39:54	35.0	84.0	0	10.0	340.0	7.0	3.11		SCT	BKN	OVC	700.0	1100.0	2700.0						10.0	70.0	10.0	1.99		BKN	M	M	400.0							
469690	2018-04-09 00:00:00	488.0	CSTPS	E90	EMBRAER 190	PGA	LIS	2018-04-09 07:55:00	2018-04-09 08:04:00	2018-04-09 08:15:00	NCE	2018-04-09 10:20:00	2018-04-09 10:24:00	2018-04-09 10:15:00	J	NI	2018-04-09 08:17:59	9.0	89.0	0	9.0	290.0	3.0	6.21		FEW	SCT	M	2500.0	4000.0							13.0	280.0	4.0	6.21		BKN	BKN	M	4600.0	5300.0						
469691	2018-04-09 00:00:00	1011.0	CSTNY	320	AIRBUS A320-211	NB	MAD	2018-04-09 07:55:00	2018-04-09 07:55:00	2018-04-09 08:07:00	LIS	2018-04-09 09:04:00	2018-04-09 09:09:00	2018-04-09 09:15:00	J	TP					5.0	190.0	10.0	6.21	21.0	SCT	BKN	M	1400.0	2000.0							11.0	290.0	4.0	6.21		FEW	M	M	2500.0							
469692	2018-04-09 00:00:00	832.0	CSTNQ	320	AIRBUS A320-211	NB	LIS	2018-04-09 08:00:00	2018-04-09 08:39:00	2018-04-09 08:52:00	FCO	2018-04-09 11:25:00	2018-04-09 11:47:00	2018-04-09 10:50:00	J	TP	2018-04-13 11:02:59	5.0	93.0	R	10.0	260.0	4.0	6.21		FEW	M	M	2500.0								13.0	220.0	18.0	1.86		BKN	OVC	M	700.0	1500.0						
469693	2018-04-09 00:00:00	932.0	CSTTA	319	AIRBUS A319-111	NB	LIS	2018-04-09 08:00:00	2018-04-09 08:33:00	2018-04-09 08:47:00	ZRH	2018-04-09 11:06:00	2018-04-09 11:14:00	2018-04-09 10:40:00	J	TP	2018-04-09 08:50:59	25.0	89.0	0	10.0	260.0	4.0	6.21		FEW	M	M	2500.0								17.0	280.0	4.0	6.21		M	M	M								
469694	2018-04-09 00:00:00	1033.0	CSTTN	319	AIRBUS A319-111	NB	BCN	2018-04-09 08:00:00	2018-04-09 09:44:00	2018-04-09 10:02:00	OPO	2018-04-09 11:24:00	2018-04-09 11:29:00	2018-04-09 09:50:00	J	TP	2018-04-13 11:00:59	11.0	81.0	0	14.0	120.0	5.0	6.21		SCT	M	M	1600.0								12.0	360.0	10.0	6.21		SCT	BKN	M	1500.0	1800.0						
469695	2018-04-09 00:00:00	1930.0	CSDJE	AT7	ATR 72	WI	LIS	2018-04-09 08:00:00	2018-04-09 08:32:00	2018-04-09 08:50:00	OPO	2018-04-09 09:41:00	2018-04-09 09:45:00	2018-04-09 09:00:00	J	WI	2018-04-09 08:52:59	32.0	89.0	0	10.0	260.0	4.0	6.21		FEW	M	M	2500.0								10.0	360.0	6.0	6.21		SCT	BKN	BKN	700.0	1500.0	2700.0					
469696	2018-04-09 00:00:00	664.0	CSTTI	319	AIRBUS A319-111	NB	LIS	2018-04-09 08:05:00	2018-04-09 08:19:00	2018-04-09 08:32:00	AMS	2018-04-09 11:06:00	2018-04-09 11:10:00	2018-04-09 11:00:00	J	TP	2018-04-09 08:33:59	14.0	89.0	0	10.0	260.0	4.0	6.21		FEW	M	M	2500.0								12.0	20.0	9.0	4.35		FEW	M	M	1100.0							
469697	2018-04-09 00:00:00	1040.0	CSTTX	E95	EMBRAER 195	PGA	LIS	2018-04-09 08:05:00	2018-04-09 08:22:00	2018-04-09 08:34:00	BCN	2018-04-09 10:07:00	2018-04-09 10:17:00	2018-04-09 09:55:00	J	NI	2018-04-09 08:38:59	17.0	81.0	0	10.0	260.0	4.0	6.21		FEW	M	M	2500.0								15.0	130.0	4.0	6.21		FEW	M	M	1500.0							
469698	2018-04-09 00:00:00	538.0	CSTNI	320	AIRBUS A320-211	NB	LIS	2018-04-09 08:15:00	2018-04-09 08:28:00	2018-04-09 08:37:00	TXL	2018-04-09 11:42:00	2018-04-09 11:46:00	2018-04-09 11:40:00	J	TP	2018-04-09 08:38:59	2.0	15.0	D	10.0	260.0	4.0	6.21		FEW	M	M	2500.0								21.0	120.0	7.0	6.21		M	M	M								
469699	2018-04-09 00:00:00	1016.0	CSTTU	319	AIRBUS A319-111	NB	LIS	2018-04-09 08:15:00	2018-04-09 08:40:00	2018-04-09 08:57:00	MAD	2018-04-09 09:55:00	2018-04-09 10:06:00	2018-04-09 09:25:00	J	TP	2018-04-09 09:05:59	20.0	89.0	0	10.0	260.0	4.0	6.21		FEW	M	M	2500.0								6.0	190.0	8.0	4.97	18.0	SCT	BKN	M	1700.0	2900.0						
469700	2018-04-09 00:00:00	453.0	CSTTH	319	AIRBUS A319-111	NB	ORY	2018-04-09 08:20:00	2018-04-09 08:28:00	2018-04-09 08:37:00	OPO	2018-04-09 10:19:00	2018-04-09 10:24:00	2018-04-09 10:25:00	J	TP	2018-04-09 08:48:55	6.0	89.0	0	14.0	270.0	4.0	4.35		NSC	M	M									12.0	330.0	9.0	6.21		SCT	BKN	M	1300.0	2000.0						
469701	2018-04-09 00:00:00	1005.0	CSTPQ	E90	EMBRAER 190	PGA	MAD	2018-04-09 08:20:00	2018-04-09 08:22:00	2018-04-09 08:39:00	OPO	2018-04-09 09:28:00	2018-04-09 09:33:00	2018-04-09 09:30:00	J	NI	2018-04-09 08:53:47	2.0	93.0	0	5.0	190.0	8.0	4.35		BKN	OVC	M	1400.0	2100.0							10.0	360.0	6.0	6.21		SCT	BKN	BKN	700.0	1500.0	2700.0					
469702	2018-04-09 00:00:00	1553.0	CSTNH	320	AIRBUS A320-211	NB	LIS	2018-04-09 08:20:00	2018-04-09 08:45:00	2018-04-09 09:03:00	VXE	2018-04-09 12:48:00	2018-04-09 12:51:00	2018-04-09 12:40:00	J	TP	2018-04-09 09:08:59	25.0	89.0	0	10.0	260.0	4.0	6.21		FEW	M	M	2500.0								24.0	50.0	30.0	6.21		FEW	M	M	1700.0							
469703	2018-04-09 00:00:00	1041.0	CSTPR	E90	EMBRAER 190	PGA	BCN	2018-04-09 08:25:00	2018-04-09 08:41:00	2018-04-09 08:56:00	LIS	2018-04-09 10:26:00	2018-04-09 10:31:00	2018-04-09 10:20:00	J	NI	2018-04-09 09:11:03	12.0	81.0	0	13.0	80.0	3.0	6.21		FEW	BKN	M	1000.0	1400.0							12.0	280.0	6.0	6.21		FEW	SCT	M	2200.0	3000.0						
469704	2018-04-09 00:00:00	1454.0	CSTTJ	319	AIRBUS A319-111	NB	LIS	2018-04-09 08:25:00	2018-04-09 08:50:00	2018-04-09 09:05:00	RAK	2018-04-09 10:15:00	2018-04-09 10:20:00	2018-04-09 10:00:00	J	TP	2018-04-09 09:05:59	25.0	89.0	0	11.0	290.0	4.0	6.21		FEW	M	M	2500.0								13.0	320.0	8.0	4.97		OVC	M	M	2000.0							
469705	2018-04-09 00:00:00	1531.0	CSTNR	320	AIRBUS A320-211	NB	LIS	2018-04-09 08:25:00	2018-04-09 08:59:00	2018-04-09 09:11:00	RAI	2018-04-09 13:14:00	2018-04-09 13:16:00	2018-04-09 12:45:00	J	TP	2018-04-09 09:14:59	34.0	89.0	0	11.0	290.0	4.0	6.21		FEW	M	M	2500.0								24.0	40.0	25.0	6.21		SCT	M	M	1800.0							
469706	2018-04-09 00:00:00	1907.0	CSTTE	319	AIRBUS A319-111	NB	LIS	2018-04-09 08:30:00	2018-04-09 08:58:00	2018-04-09 09:13:00	FAO	2018-04-09 09:40:00	2018-04-09 09:43:00	2018-04-09 09:15:00	J	TP	2018-04-09 09:13:59	28.0	89.0	0	11.0	290.0	4.0	6.21		FEW	M	M	2500.0								12.0	190.0	5.0	6.21		FEW	M	M	2000.0							
469707	2018-04-09 00:00:00	1927.0	CSDJH	AT7	ATR 72	WI	OPO	2018-04-09 08:30:00	2018-04-09 09:34:00	2018-04-09 09:44:00	LIS	2018-04-09 10:32:00	2018-04-09 10:38:00	2018-04-09 09:30:00	J	WI	2018-04-09 09:47:11	32.0	83.0	0	10.0	360.0	6.0	6.21		SCT	BKN	BKN	700.0	1500.0	2700.0						12.0	280.0	6.0	6.21		FEW	SCT	M	2200.0	3000.0						
469708	2018-04-09 00:00:00	1262.0	CSTTF	319	AIRBUS A319-111	NB	LIS	2018-04-09 08:35:00	2018-04-09 09:06:00	2018-04-09 09:17:00	WAW	2018-04-09 12:56:00	2018-04-09 13:00:00	2018-04-09 12:25:00	J	TP	2018-04-09 09:18:59	31.0	89.0	0	11.0	290.0	4.0	6.21		FEW	M	M	2500.0								26.0	230.0	15.0	6.21		M	M	M								
469709	2018-04-09 00:00:00	437.0	LYCGC	734	BOEING 737-400		ORY	2018-04-09 08:45:00	2018-04-09 10:32:00	2018-04-09 10:41:00	LIS	2018-04-09 12:45:00	2018-04-09 12:55:00	2018-04-09 11:15:00	J	TP	2018-04-09 11:09:35	47.0	34.0	0	15.0	280.0	6.0	6.21		FEW	FEW	BKN	3400.0	4600.0	7000.0						13.0	300.0	7.0	6.21		FEW	SCT	M	3000.0	3500.0						
469710	2018-04-09 00:00:00	1107.0	CSDJF	AT7	ATR 72	WI	SVQ	2018-04-09 08:45:00	2018-04-09 08:42:00	2018-04-09 08:50:00	LIS	2018-04-09 09:51:00	2018-04-09 09:56:00	2018-04-09 09:55:00	J	WI					11.0	260.0	4.0	6.21		M	M	M									12.0	310.0	8.0	6.21		FEW	SCT	M	2200.0	3000.0						
469711	2018-04-09 00:00:00	819.0	FHBAL	319	AIRBUS A319-111	NB	MXP	2018-04-09 08:50:00	2018-04-09 08:47:00	2018-04-09 09:07:00	OPO	2018-04-09 11:16:00	2018-04-09 11:22:00	2018-04-09 11:35:00	J	TP					11.0	330.0	6.0	6.21		BKN	M	M	6000.0								12.0	360.0	10.0	6.21		SCT	BKN	M	1500.0	1800.0						
469712	2018-04-09 00:00:00	938.0	CSTNJ	320	AIRBUS A320-211	NB	OPO	2018-04-09 08:50:00	2018-04-09 09:06:00	2018-04-09 09:14:00	GVA	2018-04-09 11:13:00	2018-04-09 11:17:00	2018-04-09 10:55:00	J	TP	2018-04-09 09:21:02	1.0	89.0	0	10.0	330.0	7.0	6.21		SCT	BKN	OVC	500.0	1400.0	2000.0						18.0	230.0	9.0	6.21		FEW	FEW	BKN	6000.0	7000.0	11000.0					
469713	2018-04-09 00:00:00	440.0	CSTTG	319	AIRBUS A319-111	NB	LIS	2018-04-09 08:55:00	2018-04-09 09:13:00	2018-04-09 09:26:00	ORY	2018-04-09 11:32:00	2018-04-09 11:39:00	2018-04-09 11:20:00	J	TP	2018-04-09 09:32:59	14.0	89.0	0	11.0	290.0	4.0	6.21		FEW	M	M	2500.0								14.0	270.0	9.0	4.97	26.0	FEW	FEW	BKN	3200.0	4500.0	6600.0					
469714	2018-04-09 00:00:00	59.0	CSTOW	333	AIRBUS A330-300	WB	LIS	2018-04-09 09:00:00	2018-04-09 09:46:00	2018-04-09 09:59:00	BSB	2018-04-09 18:56:00	2018-04-09 19:04:00	2018-04-09 18:30:00	J	TP	2018-04-09 10:07:59	9.0	89.0	0	12.0	310.0	8.0	6.21		FEW	SCT	M	2200.0	3000.0							22.0	110.0	4.0	6.21		FEW	FEW	BKN	3500.0	4000.0	10000.0					
469715	2018-04-09 00:00:00	103.0	CSTOU	333	AIRBUS A330-300	WB	LIS	2018-04-09 09:00:00	2018-04-09 09:35:00	2018-04-09 09:45:00	CNF	2018-04-09 18:47:00	2018-04-09 18:52:00	2018-04-09 18:30:00	J	TP	2018-04-09 09:49:59	35.0	89.0	0	12.0	270.0	5.0	6.21		SCT	M	M	2500.0								26.0	80.0	7.0	6.21		SCT	M	M	3700.0							
469716	2018-04-09 00:00:00	1085.0	CSDJD	AT7	ATR 72	WI	LCG	2018-04-09 09:00:00	2018-04-09 09:00:00	2018-04-09 09:08:00	LIS	2018-04-09 10:22:00	2018-04-09 10:26:00	2018-04-09 10:40:00	J	WI					9.0		3.0	3.11		FEW	BKN	BKN	200.0	2500.0	3000.0						12.0	280.0	6.0	6.21		FEW	SCT	M	2200.0	3000.0						
469717	2018-04-09 00:00:00	1133.0	CSDJA	AT7	ATR 72	WI	AGP	2018-04-09 09:00:00	2018-04-09 09:03:00	2018-04-09 09:17:00	LIS	2018-04-09 10:30:00	2018-04-09 10:37:00	2018-04-09 10:40:00	J	WI	2018-04-09 09:33:02	3.0	93.0	0	13.0	320.0	7.0	6.21		FEW	M	M	3000.0								12.0	280.0	6.0	6.21		FEW	SCT	M	2200.0	3000.0						
469718	2018-04-09 00:00:00	1944.0	CSDJB	AT7	ATR 72	WI	LIS	2018-04-09 09:00:00	2018-04-09 09:25:00	2018-04-09 09:41:00	OPO	2018-04-09 10:34:00	2018-04-09 10:37:00	2018-04-09 10:00:00	J	WI	2018-04-09 09:42:59	6.0	89.0	0	12.0	270.0	5.0	6.21		SCT	M	M	2500.0								12.0	330.0	9.0	6.21		SCT	BKN	M	1300.0	2000.0						
469719	2018-04-09 00:00:00	366.0	FHBIS	320	AIRBUS A320-211	NB	LIS	2018-04-09 09:05:00	2018-04-09 09:18:00	2018-04-09 09:32:00	LHR	2018-04-09 12:02:00	2018-04-09 12:11:00	2018-04-09 11:45:00	J	TP	2018-04-09 09:35:59	13.0	82.0	0	12.0	270.0	5.0	6.21		SCT	M	M	2500.0								9.0	70.0	6.0	4.97		OVC	M	M	500.0							
469720	2018-04-09 00:00:00	349.0	CSTPU	E90	EMBRAER 190	PGA	LCY	2018-04-09 09:10:00	2018-04-09 09:59:00	2018-04-09 10:03:00	LIS	2018-04-09 12:22:00	2018-04-09 12:27:00	2018-04-09 11:45:00	J	NI	2018-04-13 11:40:59	24.0	93.0	Q	9.0	70.0	7.0	3.73		OVC	M	M	600.0								13.0	280.0	5.0	6.21		FEW	SCT	M	3000.0	3500.0						
469721	2018-04-09 00:00:00	841.0	CSTJH	321	AIRBUS A321-211	NB	FCO	2018-04-09 09:10:00	2018-04-09 09:41:00	2018-04-09 10:05:00	LIS	2018-04-09 12:46:00	2018-04-09 12:50:00	2018-04-09 12:15:00	J	TP	2018-04-10 09:17:59	8.0	89.0	0	13.0	190.0	23.0	3.11		SCT	FEW	BKN	900.0	1200.0	1500.0						13.0	300.0	7.0	6.21		FEW	SCT	M	3000.0	3500.0						
469722	2018-04-09 00:00:00	923.0	CSTPW	E90	EMBRAER 190	PGA	ZRH	2018-04-09 09:15:00	2018-04-09 09:19:00	2018-04-09 09:32:00	OPO	2018-04-09 11:41:00	2018-04-09 11:47:00	2018-04-09 11:50:00	J	NI	2018-04-10 09:26:59	4.0	93.0	R	14.0		1.0	6.21		M	M	M									13.0	350.0	10.0	6.21		SCT	BKN	M	1700.0	2300.0						
469723	2018-04-09 00:00:00	491.0	CSTTY	E95	EMBRAER 195	PGA	TLS	2018-04-09 09:25:00	2018-04-09 09:53:00	2018-04-09 10:04:00	LIS	2018-04-09 11:34:00	2018-04-09 11:38:00	2018-04-09 11:25:00	J	NI	2018-04-09 10:24:21	8.0	85.0	0	15.0	170.0	4.0	6.21		SCT	BKN	BKN	2200.0	2800.0	3600.0						13.0	280.0	7.0	6.21		FEW	SCT	M	3000.0	3800.0						
469724	2018-04-09 00:00:00	647.0	CSTJF	321	AIRBUS A321-211	NB	BRU	2018-04-09 09:30:00	2018-04-09 11:01:00	2018-04-09 11:11:00	LIS	2018-04-09 13:53:00	2018-04-09 13:58:00	2018-04-09 12:20:00	J	TP	2018-04-13 11:17:59	51.0	93.0	R	14.0	340.0	5.0	3.73		NSC	M	M									14.0	300.0	7.0	6.21		SCT	M	M	4000.0							
469725	2018-04-09 00:00:00	1931.0	CSDJE	AT7	ATR 72	WI	OPO	2018-04-09 09:30:00	2018-04-09 10:14:00	2018-04-09 10:22:00	LIS	2018-04-09 11:07:00	2018-04-09 11:12:00	2018-04-09 10:30:00	J	WI	2018-04-09 10:25:22	44.0	93.0	M	11.0	340.0	8.0	6.21		SCT	BKN	BKN	700.0	1500.0	4500.0						13.0	270.0	8.0	6.21		FEW	M	M	3000.0							
469726	2018-04-09 00:00:00	223.0	CSTOV	333	AIRBUS A330-300	WB	LIS	2018-04-09 09:35:00	2018-04-09 09:42:00	2018-04-09 10:03:00	MIA	2018-04-09 18:36:00	2018-04-09 18:39:00	2018-04-09 18:30:00	J	TP	2018-04-09 10:12:59	7.0	85.0	0	12.0	270.0	5.0	6.21		SCT	M	M	2500.0											10.0		SCT	BKN	M	2700.0	3999.0						
469727	2018-04-09 00:00:00	339.0	CSTNG	320	AIRBUS A320-211	NB	LGW	2018-04-09 09:35:00	2018-04-09 10:10:00	2018-04-09 10:28:00	LIS	2018-04-09 12:39:00	2018-04-09 12:44:00	2018-04-09 12:15:00	J	TP	2018-04-09 11:13:33	9.0	82.0	0	10.0	60.0	7.0	2.3		OVC	M	M	400.0								13.0	280.0	5.0	6.21		FEW	SCT	M	3000.0	3500.0						
469728	2018-04-09 00:00:00	1116.0	CSTPO	E90	EMBRAER 190	PGA	LIS	2018-04-09 09:40:00	2018-04-09 09:43:00	2018-04-09 09:54:00	LPA	2018-04-09 11:53:00	2018-04-09 11:56:00	2018-04-09 12:00:00	J	NI	2018-04-09 10:00:59	3.0	89.0	0	12.0	270.0	5.0	6.21		SCT	M	M	2500.0								19.0	360.0	32.0	6.21	43.0	FEW	M	M	3000.0							
469729	2018-04-09 00:00:00	1671.0	CSTJE	321	AIRBUS A321-211	NB	LIS	2018-04-09 09:40:00	2018-04-09 10:34:00	2018-04-09 10:44:00	LIS	2018-04-09 13:51:00	2018-04-09 13:56:00	2018-04-09 11:25:00	J	TP					12.0	280.0	6.0	6.21		FEW	SCT	M	2200.0	3000.0							14.0	300.0	7.0	6.21		SCT	M	M	4000.0							
469730	2018-04-09 00:00:00	1679.0	CSTNL	320	AIRBUS A320-211	NB	PXO	2018-04-09 09:40:00	2018-04-09 10:49:00	2018-04-09 11:00:00	LIS	2018-04-09 13:01:00	2018-04-09 13:08:00	2018-04-09 10:05:00	J	TP					18.0	350.0	24.0	6.21	35.0	SCT	M	M	1500.0								13.0	300.0	7.0	6.21		FEW	SCT	M	3000.0	3500.0						
469731	2018-04-09 00:00:00	323.0	CSTPP	E90	EMBRAER 190	PGA	MAN	2018-04-09 09:45:00	2018-04-09 10:17:00	2018-04-09 10:29:00	LIS	2018-04-09 12:53:00	2018-04-09 12:59:00	2018-04-09 12:40:00	J	NI	2018-04-09 10:32:25	4.0	87.0	0	12.0	250.0	4.0	6.21		FEW	M	M	3000.0								13.0	300.0	7.0	6.21		FEW	SCT	M	3000.0	3500.0						
469732	2018-04-09 00:00:00	217.0	CSTOQ	332	AIRBUS A330-200	WB	LIS	2018-04-09 09:55:00	2018-04-09 10:09:00	2018-04-09 10:23:00	BOS	2018-04-09 17:08:00	2018-04-09 17:20:00	2018-04-09 17:20:00	J	TP	2018-04-09 10:26:59	14.0	64.0	0	12.0	310.0	8.0	6.21		FEW	SCT	M	2200.0	3000.0								260.0	15.0	10.0		M	M	M								
469733	2018-04-09 00:00:00	413.0	CSTPV	E90	EMBRAER 190	PGA	NTE	2018-04-09 09:55:00	2018-04-09 10:20:00	2018-04-09 10:35:00	LIS	2018-04-09 12:11:00	2018-04-09 12:17:00	2018-04-09 11:55:00	J	NI	2018-04-10 09:26:59	25.0	93.0	0	13.0	50.0	4.0	6.21		FEW	BKN	BKN	2700.0	4000.0	4800.0						13.0	280.0	5.0	6.21		FEW	SCT	M	3000.0	3500.0						
469734	2018-04-09 00:00:00	471.0	CSTTW	E95	EMBRAER 195	PGA	LYS	2018-04-09 09:55:00	2018-04-09 12:32:00	2018-04-09 12:45:00	LIS	2018-04-09 14:54:00	2018-04-09 15:00:00	2018-04-09 12:25:00	J	NI	2018-04-10 09:28:59	157.0	93.0	0	16.0	200.0	10.0	6.21		FEW	BKN	M	4000.0	10000.0							13.0	270.0	9.0	6.21		BKN	M	M	3600.0							
469735	2018-04-09 00:00:00	1038.0	CSTTC	319	AIRBUS A319-111	NB	LIS	2018-04-09 09:55:00	2018-04-09 09:56:00	2018-04-09 10:10:00	BCN	2018-04-09 11:39:00	2018-04-09 11:45:00	2018-04-09 11:45:00	J	TP	2018-04-09 10:16:59	1.0	89.0	0	12.0	310.0	8.0	6.21		FEW	SCT	M	2200.0	3000.0							15.0	140.0	6.0	6.21		FEW	M	M	1500.0							
469736	2018-04-09 00:00:00	403.0	CSTPT	E90	EMBRAER 190	PGA	MRS	2018-04-09 10:00:00	2018-04-09 10:40:00	2018-04-09 10:55:00	LIS	2018-04-09 12:58:00	2018-04-09 13:03:00	2018-04-09 12:15:00	J	NI	2018-04-10 09:29:59	5.0	89.0	0	15.0	150.0	11.0	6.21		BKN	OVC	M	2700.0	3300.0							13.0	300.0	7.0	6.21		FEW	SCT	M	3000.0	3500.0						
469737	2018-04-09 00:00:00	1097.0	CSDJC	AT7	ATR 72	WI	VLC	2018-04-09 10:00:00	2018-04-09 10:40:00	2018-04-09 10:50:00	LIS	2018-04-09 12:38:00	2018-04-09 12:41:00	2018-04-09 12:20:00	J	WI	2018-04-09 11:12:26	40.0	93.0	0	17.0	260.0	15.0	6.21		FEW	M	M	2500.0								13.0	280.0	5.0	6.21		FEW	SCT	M	3000.0	3500.0						
469738	2018-04-09 00:00:00	1867.0	CSTNY	320	AIRBUS A320-211	NB	LIS	2018-04-09 10:00:00	2018-04-09 10:01:00	2018-04-09 10:14:00	PDL	2018-04-09 12:13:00	2018-04-09 12:15:00	2018-04-09 12:25:00	J	TP	2018-04-09 10:17:59	1.0	89.0	0	12.0	310.0	8.0	6.21		FEW	SCT	M	2200.0	3000.0							16.0	300.0	18.0	6.21		FEW	M	M	1800.0							
469739	2018-04-09 00:00:00	1902.0	CSTTE	319	AIRBUS A319-111	NB	FAO	2018-04-09 10:00:00	2018-04-09 10:22:00	2018-04-09 10:29:00	LIS	2018-04-09 10:58:00	2018-04-09 11:02:00	2018-04-09 10:50:00	J	TP	2018-04-09 10:45:22	22.0	93.0	0	13.0	180.0	7.0	6.21		FEW	M	M	2000.0								13.0	270.0	8.0	6.21		FEW	M	M	3000.0							
469740	2018-04-09 00:00:00	1934.0	CSDJH	AT7	ATR 72	WI	LIS	2018-04-09 10:00:00	2018-04-09 11:12:00	2018-04-09 11:22:00	OPO	2018-04-09 12:07:00	2018-04-09 12:12:00	2018-04-09 11:00:00	J	WI	2018-04-09 11:26:59	4.0	89.0	0	13.0	270.0	8.0	6.21		FEW	M	M	3000.0								13.0	350.0	10.0	6.21		SCT	BKN	M	1700.0	2300.0						
469741	2018-04-09 00:00:00	648.0	CSTNP	320	AIRBUS A320-211	NB	LIS	2018-04-09 10:05:00	2018-04-09 10:26:00	2018-04-09 10:36:00	BRU	2018-04-09 12:54:00	2018-04-09 12:58:00	2018-04-09 12:45:00	J	TP	2018-04-09 11:21:59	11.0	15.0	D	12.0	280.0	6.0	6.21		FEW	SCT	M	2200.0	3000.0							16.0	10.0	7.0	5.59		NSC	M	M								
469742	2018-04-09 00:00:00	1019.0	CSTTU	319	AIRBUS A319-111	NB	MAD	2018-04-09 10:10:00	2018-04-09 10:56:00	2018-04-09 11:17:00	LIS	2018-04-09 12:13:00	2018-04-09 12:19:00	2018-04-09 11:30:00	J	TP	2018-04-09 11:23:40	5.0	89.0	0	7.0	220.0	9.0	4.97	22.0	SCT	BKN	M	2800.0	3600.0							13.0	280.0	5.0	6.21		FEW	SCT	M	3000.0	3500.0						
469743	2018-04-09 00:00:00	89.0	CSTON	332	AIRBUS A330-200	WB	LIS	2018-04-09 10:15:00	2018-04-09 10:16:00	2018-04-09 10:28:00	GRU	2018-04-09 20:15:00	2018-04-09 20:21:00	2018-04-09 20:30:00	J	TP	2018-04-09 10:29:59	1.0	89.0	0	12.0	280.0	6.0	6.21		FEW	SCT	M	2200.0	3000.0							24.0	160.0	9.0	6.21		SCT	M	M	2500.0							
469744	2018-04-09 00:00:00	433.0	CSTNN	320	AIRBUS A320-211	NB	ORY	2018-04-09 10:15:00	2018-04-09 10:54:00	2018-04-09 11:04:00	LIS	2018-04-09 13:04:00	2018-04-09 13:10:00	2018-04-09 12:45:00	J	TP	2018-04-13 10:20:59	2.0	19.0	B	15.0	280.0	6.0	6.21		FEW	FEW	BKN	3200.0	4500.0	6100.0						13.0	300.0	7.0	6.21		FEW	SCT	M	3000.0	3500.0						
469745	2018-04-09 00:00:00	827.0	CSTKR	763	BOEING 767-300/300ER		MXP	2018-04-09 10:15:00	2018-04-09 11:45:00	2018-04-09 12:06:00	LIS	2018-04-09 14:35:00	2018-04-09 14:41:00	2018-04-09 13:05:00	G	WI	2018-04-13 09:32:59	60.0	93.0	R	12.0	350.0	10.0	4.97		BKN	M	M	5000.0								14.0	310.0	8.0	6.21		BKN	M	M	3800.0							
469746	2018-04-09 00:00:00	363.0	CSTTR	319	AIRBUS A319-111	NB	LHR	2018-04-09 10:20:00	2018-04-09 10:38:00	2018-04-09 11:05:00	LIS	2018-04-09 13:14:00	2018-04-09 13:20:00	2018-04-09 13:00:00	J	TP	2018-04-10 09:29:59	18.0	93.0	0	9.0	60.0	5.0	1.37		BKN	OVC	M	500.0	900.0							13.0	310.0	9.0	6.21		FEW	SCT	M	3500.0	4000.0						
469747	2018-04-09 00:00:00	757.0	CSTQD	320	AIRBUS A320-211	NB	CPH	2018-04-09 10:20:00	2018-04-09 11:05:00	2018-04-09 11:22:00	LIS	2018-04-09 14:51:00	2018-04-09 14:58:00	2018-04-09 14:10:00	J	TP	2018-04-23 10:36:59	10.0	89.0	0	15.0	200.0	5.0	6.21		M	M	M									13.0	270.0	9.0	6.21		BKN	M	M	3600.0							
469748	2018-04-09 00:00:00	872.0	CSTTS	319	AIRBUS A319-111	NB	LIS	2018-04-09 10:20:00	2018-04-09 10:23:00	2018-04-09 10:35:00	BLQ	2018-04-09 13:02:00	2018-04-09 13:07:00	2018-04-09 13:00:00	J	TP	2018-04-09 10:38:59	3.0	89.0	0	12.0	280.0	6.0	6.21		FEW	SCT	M	2200.0	3000.0							14.0	310.0	8.0	6.21		FEW	BKN	M	3500.0	6000.0						
469749	2018-04-09 00:00:00	1935.0	CSDJB	AT7	ATR 72	WI	OPO	2018-04-09 10:30:00	2018-04-09 11:11:00	2018-04-09 11:18:00	LIS	2018-04-09 12:01:00	2018-04-09 12:04:00	2018-04-09 11:30:00	J	WI	2018-04-09 11:23:42	4.0	89.0	0	12.0	350.0	10.0	6.21		FEW	BKN	M	1500.0	1800.0							13.0	260.0	7.0	6.21		FEW	SCT	M	3000.0	3800.0						
469750	2018-04-09 00:00:00	686.0	CSTTN	319	AIRBUS A319-111	NB	OPO	2018-04-09 10:35:00	2018-04-09 12:30:00	2018-04-09 12:36:00	LUX	2018-04-09 14:43:00	2018-04-09 14:47:00	2018-04-09 12:55:00	J	TP	2018-04-09 13:10:49	16.0	81.0	0	13.0	330.0	10.0	6.21		SCT	BKN	BKN	1700.0	2300.0	4500.0						17.0	170.0	10.0	6.21		FEW	M	M	3500.0							
469751	2018-04-09 00:00:00	1122.0	CSDJF	AT7	ATR 72	WI	LIS	2018-04-09 10:35:00	2018-04-09 10:43:00	2018-04-09 11:05:00	ALC	2018-04-09 13:03:00	2018-04-09 13:10:00	2018-04-09 12:50:00	J	WI	2018-04-09 11:16:59	8.0	39.0	C	12.0	280.0	6.0	6.21		FEW	SCT	M	2200.0	3000.0							19.0	180.0	11.0	6.21		FEW	M	M	4400.0							
469752	2018-04-09 00:00:00	1035.0	CSTTX	E95	EMBRAER 195	PGA	BCN	2018-04-09 10:40:00	2018-04-09 11:05:00	2018-04-09 11:17:00	LIS	2018-04-09 12:51:00	2018-04-09 12:58:00	2018-04-09 12:40:00	J	NI	2018-04-09 11:26:33	3.0	89.0	0	15.0	140.0	5.0	6.21		FEW	M	M	1500.0								13.0	300.0	7.0	6.21		FEW	SCT	M	3000.0	3500.0						
469753	2018-04-09 00:00:00	761.0	CSTNX	320	AIRBUS A320-211	NB	OSL	2018-04-09 10:45:00	2018-04-09 11:04:00	2018-04-09 11:15:00	LIS	2018-04-09 15:14:00	2018-04-09 15:19:00	2018-04-09 14:50:00	J	TP	2018-04-10 09:30:59	19.0	33.0	0		20.0	10.0	6.21		M	M	M									13.0	280.0	8.0	6.21		FEW	BKN	M	3800.0	4300.0						
469754	2018-04-09 00:00:00	1453.0	CSTTJ	319	AIRBUS A319-111	NB	RAK	2018-04-09 10:45:00	2018-04-09 11:07:00	2018-04-09 11:13:00	LIS	2018-04-09 12:25:00	2018-04-09 12:28:00	2018-04-09 12:20:00	J	TP	2018-04-09 11:46:37	2.0	89.0	0	12.0	330.0	8.0	4.97		OVC	M	M	2000.0								13.0	280.0	5.0	6.21		FEW	SCT	M	3000.0	3500.0						
469755	2018-04-09 00:00:00	483.0	CSTPS	E90	EMBRAER 190	PGA	NCE	2018-04-09 10:55:00	2018-04-09 11:13:00	2018-04-09 11:27:00	LIS	2018-04-09 13:43:00	2018-04-09 13:49:00	2018-04-09 13:35:00	J	NI	2018-04-13 11:33:59	9.0	89.0	0	14.0		3.0	6.21		BKN	M	M	4500.0								14.0	300.0	7.0	6.21		SCT	M	M	4000.0							
469756	2018-04-09 00:00:00	331.0	CSTTB	319	AIRBUS A319-111	NB	LGW	2018-04-09 11:00:00	2018-04-09 11:32:00	2018-04-09 11:57:00	OPO	2018-04-09 13:54:00	2018-04-09 14:00:00	2018-04-09 13:20:00	J	TP	2018-04-09 12:00:43	32.0	93.0	0	10.0	60.0	7.0	1.49		OVC	M	M	400.0								14.0	320.0	15.0	6.21		FEW	BKN	M	1500.0	4000.0						
469757	2018-04-09 00:00:00	693.0	CSTNM	320	AIRBUS A320-211	NB	LUX	2018-04-09 11:00:00	2018-04-09 11:01:00	2018-04-09 11:12:00	LIS	2018-04-09 13:38:00	2018-04-09 13:42:00	2018-04-09 13:50:00	J	TP	2018-04-09 11:23:40	1.0	81.0	0	17.0	60.0	7.0	6.21		M	M	M									13.0	310.0	9.0	6.21		FEW	SCT	M	3500.0	4000.0						
469758	2018-04-09 00:00:00	1901.0	CSTTD	319	AIRBUS A319-111	NB	LIS	2018-04-09 11:00:00	2018-04-09 11:05:00	2018-04-09 11:20:00	FAO	2018-04-09 11:50:00	2018-04-09 11:54:00	2018-04-09 11:45:00	J	TP	2018-04-09 11:22:59	5.0	89.0	0	13.0	270.0	8.0	6.21		FEW	M	M	3000.0								14.0	200.0	6.0	6.21		SCT	M	M	2000.0							
469759	2018-04-09 00:00:00	1936.0	CSDJE	AT7	ATR 72	WI	LIS	2018-04-09 11:00:00	2018-04-09 11:50:00	2018-04-09 12:06:00	OPO	2018-04-09 12:47:00	2018-04-09 12:52:00	2018-04-09 12:00:00	J	WI	2018-04-09 12:09:59	8.0	89.0	0	13.0	260.0	7.0	6.21		FEW	SCT	M	3000.0	3800.0							13.0	330.0	9.0	6.21		SCT	M	M	1700.0							
469760	2018-04-09 00:00:00	354.0	CSTPQ	E90	EMBRAER 190	PGA	OPO	2018-04-09 11:05:00	2018-04-09 11:25:00	2018-04-09 11:34:00	LCY	2018-04-09 13:40:00	2018-04-09 13:46:00	2018-04-09 13:20:00	J	NI	2018-04-09 12:26:42	20.0	82.0	0	12.0	360.0	10.0	6.21		SCT	BKN	M	1500.0	1800.0							10.0	90.0	12.0	2.61		OVC	M	M	400.0							
469761	2018-04-09 00:00:00	541.0	CSTTZ	E95	EMBRAER 195	PGA	DUS	2018-04-09 11:05:00	2018-04-09 11:40:00	2018-04-09 11:53:00	LIS	2018-04-09 14:32:00	2018-04-09 14:37:00	2018-04-09 14:10:00	J	NI	2018-04-13 11:19:59	7.0	89.0	0	19.0	10.0	7.0	4.97		NSC	M	M									14.0	310.0	8.0	6.21		BKN	M	M	3800.0							
469762	2018-04-09 00:00:00	658.0	CSTTH	319	AIRBUS A319-111	NB	OPO	2018-04-09 11:15:00	2018-04-09 11:23:00	2018-04-09 11:32:00	AMS	2018-04-09 13:40:00	2018-04-09 13:44:00	2018-04-09 14:00:00	J	TP	2018-04-09 11:46:38	8.0	82.0	0	12.0	360.0	10.0	6.21		SCT	BKN	M	1500.0	1800.0							14.0	40.0	11.0	6.21		M	M	M								
469763	2018-04-09 00:00:00	1102.0	CSDJD	AT7	ATR 72	WI	LIS	2018-04-09 11:20:00	2018-04-09 11:20:00	2018-04-09 11:34:00	SVQ	2018-04-09 12:28:00	2018-04-09 12:32:00	2018-04-09 12:35:00	J	WI					13.0	280.0	7.0	6.21		FEW	SCT	M	3000.0	3800.0							15.0	230.0	10.0	6.21		BKN	M	M	4800.0							
469764	2018-04-09 00:00:00	1140.0	CSDJA	AT7	ATR 72	WI	LIS	2018-04-09 11:20:00	2018-04-09 11:30:00	2018-04-09 11:38:00	VGO	2018-04-09 12:34:00	2018-04-09 12:39:00	2018-04-09 12:40:00	J	WI	2018-04-09 11:39:59	10.0	89.0	0	13.0	280.0	7.0	6.21		FEW	SCT	M	3000.0	3800.0							12.0	70.0	5.0	6.21		SCT	M	M	1500.0							
469765	2018-04-09 00:00:00	1271.0	CSTOF	332	AIRBUS A330-200	WB	VIE	2018-04-09 11:20:00	2018-04-09 11:35:00	2018-04-09 11:47:00	LIS	2018-04-09 14:57:00	2018-04-09 15:01:00	2018-04-09 14:55:00	J	TP	2018-04-10 09:35:59	4.0	92.0	0	23.0	150.0	21.0	6.21		M	M	M									13.0	270.0	9.0	6.21		BKN	M	M	3600.0							
469766	2018-04-09 00:00:00	573.0	CSTJG	321	AIRBUS A321-211	NB	FRA	2018-04-09 11:25:00	2018-04-09 11:53:00	2018-04-09 12:07:00	LIS	2018-04-09 14:48:00	2018-04-09 14:54:00	2018-04-09 14:35:00	J	TP	2018-04-23 10:33:59	9.0	89.0	0	20.0	80.0	7.0	6.21		M	M	M									13.0	270.0	9.0	6.21		BKN	M	M	3600.0							
469767	2018-04-09 00:00:00	836.0	CSTNU	320	AIRBUS A320-211	NB	LIS	2018-04-09 11:25:00	2018-04-09 11:49:00	2018-04-09 11:56:00	FCO	2018-04-09 14:20:00	2018-04-09 14:31:00	2018-04-09 14:15:00	J	TP	2018-04-09 11:57:59	10.0	68.0	0	13.0	260.0	7.0	6.21		FEW	SCT	M	3000.0	3800.0							15.0	220.0	15.0	5.59		SCT	SCT	M	1200.0	2000.0						
469768	2018-04-09 00:00:00	442.0	CSTTO	319	AIRBUS A319-111	NB	LIS	2018-04-09 11:30:00	2018-04-09 11:28:00	2018-04-09 11:36:00	ORY	2018-04-09 13:41:00	2018-04-09 13:45:00	2018-04-09 13:55:00	J	TP					13.0	280.0	7.0	6.21		FEW	SCT	M	3000.0	3800.0							12.0	290.0	7.0	4.35		FEW	BKN	M	4500.0	5800.0						
469769	2018-04-09 00:00:00	931.0	CSTTA	319	AIRBUS A319-111	NB	ZRH	2018-04-09 11:30:00	2018-04-09 12:07:00	2018-04-09 12:20:00	LIS	2018-04-09 14:46:00	2018-04-09 14:50:00	2018-04-09 14:20:00	J	TP	2018-04-09 14:38:08	3.0	89.0	0	19.0	320.0	4.0	6.21		M	M	M									13.0	270.0	9.0	6.21		BKN	M	M	3600.0							
469770	2018-04-09 00:00:00	1937.0	CSDJH	AT7	ATR 72	WI	OPO	2018-04-09 11:30:00	2018-04-09 12:42:00	2018-04-09 12:54:00	LIS	2018-04-09 13:42:00	2018-04-09 13:46:00	2018-04-09 12:30:00	J	WI	2018-04-09 13:01:42	72.0	93.0	R	13.0	330.0	10.0	6.21		SCT	BKN	BKN	1700.0	2300.0	4500.0						14.0	300.0	7.0	6.21		SCT	M	M	4000.0							
469771	2018-04-09 00:00:00	826.0	CSTPR	E90	EMBRAER 190	PGA	LIS	2018-04-09 11:35:00	2018-04-09 11:53:00	2018-04-09 12:06:00	MXP	2018-04-09 14:24:00	2018-04-09 14:31:00	2018-04-09 14:10:00	J	NI	2018-04-09 12:19:59	18.0	16.0	0	13.0	260.0	7.0	6.21		FEW	SCT	M	3000.0	3800.0							13.0	310.0	5.0	6.21		BKN	M	M	5000.0							
469772	2018-04-09 00:00:00	839.0	CSTNQ	320	AIRBUS A320-211	NB	FCO	2018-04-09 11:35:00	2018-04-09 13:39:00	2018-04-09 13:55:00	LIS	2018-04-09 16:33:00	2018-04-09 16:36:00	2018-04-09 14:45:00	J	TP	2018-04-10 09:39:59	15.0	89.0	0	15.0	230.0	17.0	5.59		FEW	M	M	1500.0								13.0	290.0	8.0	6.21		FEW	BKN	M	3000.0	4500.0						
469773	2018-04-09 00:00:00	939.0	CSTNJ	320	AIRBUS A320-211	NB	GVA	2018-04-09 11:40:00	2018-04-09 12:06:00	2018-04-09 12:15:00	OPO	2018-04-09 14:10:00	2018-04-09 14:14:00	2018-04-09 13:55:00	J	TP	2018-04-09 14:13:05	4.0	89.0	0	17.0	210.0	13.0	6.21		FEW	BKN	M	5000.0	8000.0							14.0	320.0	15.0	6.21		FEW	BKN	M	1500.0	4000.0						
469774	2018-04-09 00:00:00	663.0	CSTTI	319	AIRBUS A319-111	NB	AMS	2018-04-09 11:45:00	2018-04-09 12:04:00	2018-04-09 12:20:00	LIS	2018-04-09 15:02:00	2018-04-09 15:06:00	2018-04-09 14:50:00	J	TP	2018-04-13 13:37:59	9.0	81.0	0	13.0	30.0	10.0	5.59		NSC	M	M									13.0	270.0	9.0	6.21		BKN	M	M	3600.0							
469775	2018-04-09 00:00:00	201.0	CSTOM	332	AIRBUS A330-200	WB	LIS	2018-04-09 11:55:00	2018-04-09 12:06:00	2018-04-09 12:17:00	EWR	2018-04-09 19:46:00	2018-04-09 19:52:00	2018-04-09 19:50:00	J	TP	2018-04-09 12:18:59	11.0	89.0	0	13.0	260.0	7.0	6.21		FEW	SCT	M	3000.0	3800.0							8.89	230.0	11.0	10.0	16.0	BKN	M	M	25000.0							
469776	2018-04-09 00:00:00	342.0	CSTTK	319	AIRBUS A319-111	NB	LIS	2018-04-09 11:55:00	2018-04-09 12:14:00	2018-04-09 12:31:00	LGW	2018-04-09 14:36:00	2018-04-09 14:41:00	2018-04-09 14:35:00	J	TP	2018-04-09 12:33:59	19.0	37.0	A	13.0	260.0	7.0	6.21		FEW	SCT	M	3000.0	3800.0							10.0	70.0	7.0	2.17		OVC	M	M	400.0							
469777	2018-04-09 00:00:00	1938.0	CSDJB	AT7	ATR 72	WI	LIS	2018-04-09 12:00:00	2018-04-09 12:52:00	2018-04-09 13:03:00	OPO	2018-04-09 13:47:00	2018-04-09 13:51:00	2018-04-09 13:00:00	J	WI	2018-04-09 13:13:59	18.0	89.0	0	13.0	300.0	7.0	6.21		FEW	SCT	M	3000.0	3500.0							14.0	320.0	15.0	6.21		FEW	BKN	M	1500.0	4000.0						
469778	2018-04-09 00:00:00	73.0	CSTOK	332	AIRBUS A330-200	WB	LIS	2018-04-09 12:05:00	2018-04-09 12:12:00	2018-04-09 12:24:00	GIG	2018-04-09 21:54:00	2018-04-09 21:59:00	2018-04-09 22:00:00	J	TP	2018-04-09 12:24:59	7.0	89.0	0	13.0	260.0	7.0	6.21		FEW	SCT	M	3000.0	3800.0							26.0	150.0	7.0	6.21		BKN	M	M	4000.0							
469779	2018-04-09 00:00:00	439.0	CSTTG	319	AIRBUS A319-111	NB	ORY	2018-04-09 12:10:00	2018-04-09 12:41:00	2018-04-09 12:51:00	LIS	2018-04-09 15:05:00	2018-04-09 15:12:00	2018-04-09 14:35:00	J	TP	2018-04-13 10:22:59	12.0	16.0	H	12.0	280.0	10.0	4.35		FEW	FEW	BKN	3300.0	4900.0	6600.0						13.0	270.0	9.0	6.21		BKN	M	M	3600.0							
469780	2018-04-09 00:00:00	466.0	CSTTY	E95	EMBRAER 195	PGA	LIS	2018-04-09 12:10:00	2018-04-09 12:20:00	2018-04-09 12:35:00	BOD	2018-04-09 14:05:00	2018-04-09 14:10:00	2018-04-09 13:55:00	J	NI	2018-04-09 12:48:59	10.0	93.0	0	13.0	280.0	5.0	6.21		FEW	SCT	M	3000.0	3500.0							14.0	240.0	10.0	6.21		FEW	BKN	M	2300.0	4000.0						
469781	2018-04-09 00:00:00	1028.0	CSTTU	319	AIRBUS A319-111	NB	LIS	2018-04-09 12:20:00	2018-04-09 13:09:00	2018-04-09 13:17:00	MAD	2018-04-09 14:16:00	2018-04-09 14:31:00	2018-04-09 13:35:00	J	TP	2018-04-09 13:51:59	5.0	58.0	A	13.0	300.0	7.0	6.21		FEW	SCT	M	3000.0	3500.0							8.0	210.0	16.0	6.21	34.0	SCT	BKN	M	2000.0	3200.0						
469782	2018-04-09 00:00:00	1861.0	FHBAL	319	AIRBUS A319-111	NB	OPO	2018-04-09 12:20:00	2018-04-09 12:37:00	2018-04-09 12:45:00	PDL	2018-04-09 14:42:00	2018-04-09 14:44:00	2018-04-09 14:45:00	J	TP	2018-04-09 13:02:45	17.0	89.0	0	13.0	330.0	10.0	6.21		SCT	BKN	BKN	1700.0	2300.0	4500.0						16.0	270.0	18.0	6.21		FEW	M	M	2000.0							
469783	2018-04-09 00:00:00	522.0	CSTPU	E90	EMBRAER 190	PGA	LIS	2018-04-09 12:25:00	2018-04-09 13:17:00	2018-04-09 13:31:00	STR	2018-04-09 16:07:00	2018-04-09 16:12:00	2018-04-09 15:15:00	J	NI	2018-04-09 13:35:59	10.0	89.0	0	13.0	310.0	9.0	6.21		FEW	SCT	M	3500.0	4000.0							19.0	260.0	3.0	6.21		M	M	M								
469784	2018-04-09 00:00:00	533.0	CSTNI	320	AIRBUS A320-211	NB	TXL	2018-04-09 12:25:00	2018-04-09 12:54:00	2018-04-09 13:03:00	LIS	2018-04-09 16:18:00	2018-04-09 16:23:00	2018-04-09 16:00:00	J	TP	2018-04-09 14:29:10	13.0	16.0	D	22.0		4.0	6.21		M	M	M									13.0	290.0	8.0	6.21		FEW	BKN	M	3000.0	4500.0						
469785	2018-04-09 00:00:00	926.0	CSTNW	320	AIRBUS A320-211	NB	LIS	2018-04-09 12:30:00	2018-04-09 12:32:00	2018-04-09 12:45:00	ZRH	2018-04-09 15:07:00	2018-04-09 15:10:00	2018-04-09 15:10:00	J	TP	2018-04-09 12:48:59	2.0	15.0	D	13.0	280.0	5.0	6.21		FEW	SCT	M	3000.0	3500.0							19.0	100.0	3.0	6.21		FEW	BKN	M	6200.0	14000.0						
469786	2018-04-09 00:00:00	1039.0	CSTTC	319	AIRBUS A319-111	NB	BCN	2018-04-09 12:30:00	2018-04-09 12:41:00	2018-04-09 12:51:00	LIS	2018-04-09 14:29:00	2018-04-09 14:33:00	2018-04-09 14:25:00	J	TP	2018-04-09 13:21:58	11.0	89.0	A	15.0	200.0	7.0	6.21		FEW	M	M	2000.0								14.0	310.0	8.0	6.21		BKN	M	M	3800.0							
469787	2018-04-09 00:00:00	1906.0	CSTTD	319	AIRBUS A319-111	NB	FAO	2018-04-09 12:30:00	2018-04-09 12:28:00	2018-04-09 12:39:00	LIS	2018-04-09 13:07:00	2018-04-09 13:12:00	2018-04-09 13:15:00	J	TP					15.0	220.0	7.0	6.21		FEW	SCT	M	2000.0	3500.0							13.0	300.0	7.0	6.21		FEW	SCT	M	3000.0	3500.0						
469788	2018-04-09 00:00:00	1939.0	CSDJE	AT7	ATR 72	WI	OPO	2018-04-09 12:30:00	2018-04-09 13:39:00	2018-04-09 13:49:00	LIS	2018-04-09 14:40:00	2018-04-09 14:44:00	2018-04-09 13:30:00	J	WI	2018-04-09 14:08:53	7.0	95.0	0	13.0	320.0	11.0	6.21		SCT	BKN	M	1500.0	3000.0							14.0	310.0	8.0	6.21		BKN	M	M	3800.0							
469789	2018-04-09 00:00:00	359.0	FHBIS	320	AIRBUS A320-211	NB	LHR	2018-04-09 12:45:00	2018-04-09 14:18:00	2018-04-09 14:40:00	LIS	2018-04-09 16:58:00	2018-04-09 17:04:00	2018-04-09 15:30:00	J	TP	2018-04-09 14:54:16	77.0	16.0	C	9.0	100.0	8.0	1.49		BKN	M	M	400.0								13.0	260.0	9.0	6.21		SCT	SCT	M	2400.0	4200.0						
469790	2018-04-09 00:00:00	402.0	CSTPV	E90	EMBRAER 190	PGA	LIS	2018-04-09 12:45:00	2018-04-09 13:03:00	2018-04-09 13:15:00	MRS	2018-04-09 15:11:00	2018-04-09 15:15:00	2018-04-09 15:00:00	J	NI	2018-04-09 13:17:59	6.0	85.0	C	13.0	300.0	7.0	6.21		FEW	SCT	M	3000.0	3500.0							17.0	150.0	16.0	6.21		FEW	M	M	2500.0							
469791	2018-04-09 00:00:00	924.0	CSTPW	E90	EMBRAER 190	PGA	OPO	2018-04-09 12:45:00	2018-04-09 12:49:00	2018-04-09 12:58:00	ZRH	2018-04-09 15:15:00	2018-04-09 15:22:00	2018-04-09 15:15:00	J	NI	2018-04-09 13:16:54	4.0	81.0	0	13.0	330.0	9.0	6.21		SCT	M	M	1700.0								19.0	100.0	3.0	6.21		FEW	BKN	M	6200.0	14000.0						
469792	2018-04-09 00:00:00	1119.0	CSTPO	E90	EMBRAER 190	PGA	LPA	2018-04-09 12:45:00	2018-04-09 12:44:00	2018-04-09 13:02:00	LIS	2018-04-09 15:00:00	2018-04-09 15:03:00	2018-04-09 15:00:00	J	NI					20.0	360.0	26.0	6.21	37.0	FEW	M	M	3000.0								13.0	270.0	9.0	6.21		BKN	M	M	3600.0							
469793	2018-04-09 00:00:00	783.0	CSTNT	320	AIRBUS A320-211	NB	ARN	2018-04-09 12:50:00	2018-04-09 12:54:00	2018-04-09 13:08:00	LIS	2018-04-09 17:16:00	2018-04-09 17:21:00	2018-04-09 17:15:00	J	TP	2018-04-09 13:14:49	4.0	82.0	0	3.0	10.0	12.0	3.73		OVC	M	M	600.0								12.0	280.0	8.0	6.21		FEW	SCT	M	2200.0	3800.0						
469794	2018-04-09 00:00:00	1428.0	CSDJC	AT7	ATR 72	WI	LIS	2018-04-09 13:00:00	2018-04-09 13:30:00	2018-04-09 13:42:00	FEZ	2018-04-09 15:20:00	2018-04-09 15:22:00	2018-04-09 14:55:00	J	WI	2018-04-09 13:56:59	19.0	63.0	A	13.0	310.0	9.0	6.21		FEW	SCT	M	3500.0	4000.0							12.0	270.0	7.0	6.21		SCT	BKN	M	1300.0	3000.0						
469795	2018-04-09 00:00:00	1946.0	CSDJH	AT7	ATR 72	WI	LIS	2018-04-09 13:00:00	2018-04-09 14:31:00	2018-04-09 14:41:00	OPO	2018-04-09 15:25:00	2018-04-09 15:29:00	2018-04-09 14:00:00	J	WI	2018-04-17 09:17:59	15.0	89.0	0	14.0	310.0	8.0	6.21		BKN	M	M	3800.0								14.0	320.0	15.0	6.21		SCT	M	M	1600.0							
469796	2018-04-09 00:00:00	1042.0	CSTMW	320	AIRBUS A320-211	NB	LIS	2018-04-09 13:05:00	2018-04-09 13:14:00	2018-04-09 13:27:00	BCN	2018-04-09 14:55:00	2018-04-09 15:01:00	2018-04-09 14:55:00	J	TP	2018-04-09 13:29:59	9.0	39.0	C	13.0	300.0	7.0	6.21		FEW	SCT	M	3000.0	3500.0							16.0	210.0	12.0	6.21		FEW	M	M	2000.0							
469797	2018-04-09 00:00:00	484.0	CSTTW	E95	EMBRAER 195	PGA	LIS	2018-04-09 13:10:00	2018-04-09 15:49:00	2018-04-09 16:10:00	NCE	2018-04-09 18:09:00	2018-04-09 18:12:00	2018-04-09 15:35:00	J	NI	2018-04-09 16:27:59	9.0	19.0	A	14.0	280.0	8.0	6.21		FEW	BKN	M	3200.0	4800.0							13.0	0.0	0.0	6.21		BKN	BKN	M	2000.0	3300.0						
469798	2018-04-09 00:00:00	948.0	CSTJH	321	AIRBUS A321-211	NB	LIS	2018-04-09 13:10:00	2018-04-09 13:56:00	2018-04-09 14:10:00	GVA	2018-04-09 16:18:00	2018-04-09 16:21:00	2018-04-09 15:30:00	J	TP	2018-04-09 14:12:59	6.0	15.0	D	14.0	300.0	7.0	6.21		SCT	M	M	4000.0								16.0	220.0	10.0	6.21		FEW	BKN	M	5000.0	8000.0						
469799	2018-04-09 00:00:00	1265.0	CSTTF	319	AIRBUS A319-111	NB	WAW	2018-04-09 13:10:00	2018-04-09 13:58:00	2018-04-09 14:09:00	LIS	2018-04-09 17:58:00	2018-04-09 18:03:00	2018-04-09 17:25:00	J	TP	2018-04-09 14:58:20	13.0	87.0	0	26.0	220.0	12.0	6.21		M	M	M									12.0	290.0	6.0	6.21		SCT	M	M	2200.0							
469800	2018-04-09 00:00:00	1450.0	CSTTJ	319	AIRBUS A319-111	NB	LIS	2018-04-09 13:10:00	2018-04-09 13:12:00	2018-04-09 13:25:00	RAK	2018-04-09 14:37:00	2018-04-09 14:43:00	2018-04-09 14:45:00	J	TP	2018-04-09 13:30:59	2.0	93.0	O	13.0	300.0	7.0	6.21		FEW	SCT	M	3000.0	3500.0							13.0	300.0	8.0	6.21		OVC	M	M	2000.0							
469801	2018-04-09 00:00:00	1105.0	CSDJD	AT7	ATR 72	WI	SVQ	2018-04-09 13:15:00	2018-04-09 13:06:00	2018-04-09 13:13:00	LIS	2018-04-09 14:12:00	2018-04-09 14:15:00	2018-04-09 14:25:00	J	WI					16.0	270.0	9.0	6.21		BKN	M	M	4800.0								14.0	300.0	7.0	6.21		SCT	M	M	4000.0							
469802	2018-04-09 00:00:00	1434.0	CSTPT	E90	EMBRAER 190	PGA	LIS	2018-04-09 13:15:00	2018-04-09 13:54:00	2018-04-09 14:06:00	CMN	2018-04-09 15:07:00	2018-04-09 15:11:00	2018-04-09 14:55:00	J	NI	2018-04-09 14:08:59	5.0	89.0	0	14.0	300.0	7.0	6.21		SCT	M	M	4000.0								16.0	280.0	12.0	6.21		SCT	M	M	2000.0							
469803	2018-04-09 00:00:00	1868.0	CSTNY	320	AIRBUS A320-211	NB	PDL	2018-04-09 13:15:00	2018-04-09 13:04:00	2018-04-09 13:14:00	LIS	2018-04-09 15:19:00	2018-04-09 15:22:00	2018-04-09 15:30:00	J	TP					16.0	280.0	19.0	6.21		FEW	M	M	1800.0								13.0	280.0	8.0	6.21		FEW	BKN	M	3800.0	4300.0						
469804	2018-04-09 00:00:00	472.0	CSTPP	E90	EMBRAER 190	PGA	LIS	2018-04-09 13:20:00	2018-04-09 13:38:00	2018-04-09 13:50:00	LYS	2018-04-09 15:46:00	2018-04-09 15:49:00	2018-04-09 15:35:00	J	NI	2018-04-09 13:58:59	18.0	93.0	M	13.0	310.0	9.0	6.21		FEW	SCT	M	3500.0	4000.0							16.0	200.0	13.0	6.21		FEW	BKN	M	4100.0	6500.0						
469805	2018-04-09 00:00:00	586.0	CSTTX	E95	EMBRAER 195	PGA	LIS	2018-04-09 13:20:00	2018-04-09 13:46:00	2018-04-09 14:01:00	CGN	2018-04-09 16:41:00	2018-04-09 16:47:00	2018-04-09 16:10:00	J	NI	2018-04-09 14:12:59	8.0	85.0	C	14.0	300.0	7.0	6.21		SCT	M	M	4000.0								20.0	70.0	1.0	6.21		M	M	M								
469806	2018-04-09 00:00:00	1141.0	CSDJA	AT7	ATR 72	WI	VGO	2018-04-09 13:20:00	2018-04-09 13:16:00	2018-04-09 13:21:00	LIS	2018-04-09 14:28:00	2018-04-09 14:32:00	2018-04-09 14:40:00	J	WI					14.0	340.0	5.0	6.21		SCT	M	M	2500.0								14.0	310.0	8.0	6.21		BKN	M	M	3800.0							
469807	2018-04-09 00:00:00	1274.0	CSTJF	321	AIRBUS A321-211	NB	LIS	2018-04-09 13:25:00	2018-04-09 14:49:00	2018-04-09 15:01:00	VIE	2018-04-09 18:06:00	2018-04-09 18:12:00	2018-04-09 16:45:00	J	TP	2018-04-09 15:09:59	6.0	89.0	0	13.0	270.0	9.0	6.21		BKN	M	M	3600.0								19.0	130.0	8.0	6.21		M	M	M								
469808	2018-04-09 00:00:00	643.0	CSTNP	320	AIRBUS A320-211	NB	BRU	2018-04-09 13:30:00	2018-04-09 13:49:00	2018-04-09 14:01:00	LIS	2018-04-09 16:27:00	2018-04-09 16:31:00	2018-04-09 16:20:00	J	TP	2018-04-09 14:09:56	6.0	89.0	0	16.0	360.0	6.0	6.21		M	M	M									13.0	290.0	8.0	6.21		FEW	BKN	M	3000.0	4500.0						
469809	2018-04-09 00:00:00	1123.0	CSDJF	AT7	ATR 72	WI	ALC	2018-04-09 13:30:00	2018-04-09 13:46:00	2018-04-09 13:59:00	LIS	2018-04-09 15:53:00	2018-04-09 15:59:00	2018-04-09 16:00:00	J	WI	2018-04-09 14:04:56	16.0	93.0	0	17.0	170.0	15.0	6.21	26.0	FEW	M	M	4400.0								14.0	280.0	8.0	6.21		FEW	BKN	M	3200.0	4800.0						
469810	2018-04-09 00:00:00	1558.0	CSTNH	320	AIRBUS A320-211	NB	VXE	2018-04-09 13:30:00	2018-04-09 13:41:00	2018-04-09 13:52:00	LIS	2018-04-09 17:23:00	2018-04-09 17:28:00	2018-04-09 17:25:00	J	TP	2018-04-13 08:49:59	11.0	93.0	M	25.0	60.0	29.0	6.21	40.0	SCT	M	M	1700.0								12.0	280.0	8.0	6.21		FEW	SCT	M	2200.0	3800.0						
469811	2018-04-09 00:00:00	1947.0	CSDJB	AT7	ATR 72	WI	OPO	2018-04-09 13:30:00	2018-04-09 14:28:00	2018-04-09 14:34:00	LIS	2018-04-09 15:23:00	2018-04-09 15:31:00	2018-04-09 14:30:00	J	WI	2018-04-09 14:43:01	7.0	89.0	0	14.0	310.0	13.0	6.21		FEW	BKN	M	1400.0	4000.0							13.0	280.0	8.0	6.21		FEW	BKN	M	3800.0	4300.0						
469812	2018-04-09 00:00:00	1300.0	CSTKR	763	BOEING 767-300/300ER		LIS	2018-04-09 13:35:00	2018-04-09 16:07:00	2018-04-09 16:26:00	PRG	2018-04-09 19:34:00	2018-04-09 19:40:00	2018-04-09 16:50:00	J	TP	2018-04-13 10:55:59	30.0	93.0	R	14.0	280.0	8.0	6.21		FEW	BKN	M	3200.0	4800.0							15.0	340.0	5.0	6.21		M	M	M								
469813	2018-04-09 00:00:00	1530.0	CSTNR	320	AIRBUS A320-211	NB	RAI	2018-04-09 13:35:00	2018-04-09 14:01:00	2018-04-09 14:09:00	LIS	2018-04-09 17:50:00	2018-04-09 17:56:00	2018-04-09 17:30:00	J	TP	2018-04-13 08:50:59	26.0	93.0	M	24.0	30.0	24.0	6.21		SCT	M	M	1800.0								12.0	290.0	6.0	6.21		SCT	M	M	2200.0							
469814	2018-04-09 00:00:00	687.0	CSTTN	319	AIRBUS A319-111	NB	LUX	2018-04-09 13:40:00	2018-04-09 15:25:00	2018-04-09 15:37:00	OPO	2018-04-09 17:42:00	2018-04-09 17:46:00	2018-04-09 16:10:00	J	TP	2018-04-09 15:46:29	105.0	93.0	R	17.0	190.0	9.0	6.21		FEW	M	M	3300.0								13.0	320.0	10.0	6.21		BKN	M	M	1400.0							
469815	2018-04-09 00:00:00	576.0	CSTNN	320	AIRBUS A320-211	NB	LIS	2018-04-09 13:45:00	2018-04-09 14:07:00	2018-04-09 14:18:00	FRA	2018-04-09 17:01:00	2018-04-09 17:12:00	2018-04-09 16:50:00	J	TP	2018-04-09 14:20:59	5.0	19.0	A	14.0	300.0	7.0	6.21		SCT	M	M	4000.0								20.0	200.0	7.0	6.21		M	M	M								
469816	2018-04-09 00:00:00	871.0	CSTTS	319	AIRBUS A319-111	NB	BLQ	2018-04-09 13:45:00	2018-04-09 13:53:00	2018-04-09 14:02:00	LIS	2018-04-09 16:35:00	2018-04-09 16:42:00	2018-04-09 16:45:00	J	TP	2018-04-09 14:59:24	1.0	89.0	0	14.0	320.0	6.0	6.21		FEW	BKN	M	3500.0	6500.0							13.0	290.0	8.0	6.21		FEW	BKN	M	3000.0	4500.0						
469817	2018-04-09 00:00:00	353.0	CSTPQ	E90	EMBRAER 190	PGA	LCY	2018-04-09 13:50:00	2018-04-09 16:14:00	2018-04-09 16:19:00	OPO	2018-04-09 18:23:00	2018-04-09 18:30:00	2018-04-09 16:10:00	J	NI	2018-04-13 13:22:59	6.0	93.0	Q	9.0	90.0	11.0	0.68		OVC	M	M	100.0								13.0	310.0	10.0	6.21		BKN	M	M	1400.0							
469818	2018-04-09 00:00:00	432.0	CSTTQ	319	AIRBUS A319-111	NB	LIS	2018-04-09 13:55:00	2018-04-09 13:59:00	2018-04-09 14:15:00	ORY	2018-04-09 16:31:00	2018-04-09 16:37:00	2018-04-09 16:20:00	J	TP	2018-04-09 14:19:59	4.0	16.0	D	14.0	300.0	7.0	6.21		SCT	M	M	4000.0								12.0	310.0	2.0	6.21		SCT	SCT	BKN	700.0	3300.0	6600.0					
469819	2018-04-09 00:00:00	554.0	CSTJE	321	AIRBUS A321-211	NB	LIS	2018-04-09 13:55:00	2018-04-09 15:20:00	2018-04-09 15:32:00	MUC	2018-04-09 18:10:00	2018-04-09 18:15:00	2018-04-09 16:55:00	J	TP	2018-04-13 09:07:59	22.0	89.0	0	13.0	280.0	8.0	6.21		FEW	BKN	M	3800.0	4300.0							15.0		1.0	6.21		M	M	M								
469820	2018-04-09 00:00:00	662.0	CSTTP	319	AIRBUS A319-111	NB	LIS	2018-04-09 13:55:00	2018-04-09 13:59:00	2018-04-09 14:13:00	AMS	2018-04-09 16:40:00	2018-04-09 16:45:00	2018-04-09 16:50:00	J	TP	2018-04-09 14:24:59	4.0	15.0	D	14.0	300.0	7.0	6.21		SCT	M	M	4000.0								13.0	20.0	11.0	6.21		M	M	M								
469821	2018-04-09 00:00:00	1952.0	CSDJE	AT7	ATR 72	WI	LIS	2018-04-09 14:00:00	2018-04-09 15:28:00	2018-04-09 15:38:00	OPO	2018-04-09 16:21:00	2018-04-09 16:25:00	2018-04-09 15:00:00	J	WI	2018-04-09 15:38:59	14.0	89.0	0	13.0	280.0	8.0	6.21		FEW	BKN	M	3800.0	4300.0							14.0	310.0	11.0	6.21		BKN	M	M	1500.0							
469822	2018-04-09 00:00:00	3835.0	CSTNS	320	AIRBUS A320-211	NB	LIS	2018-04-09 14:00:00	2018-04-09 15:07:00	2018-04-09 15:16:00	FNC	2018-04-09 16:40:00	2018-04-09 16:49:00	2018-04-09 15:45:00	J	TP	2018-04-09 15:33:59	67.0	72.0	0	13.0	270.0	9.0	6.21		BKN	M	M	3600.0								17.0	350.0	11.0	6.21	23.0	BKN	M	M	1600.0							
469823	2018-04-09 00:00:00	356.0	LYPGC	737	BOEING 737 ALL SERIES		LIS	2018-04-09 14:05:00	2018-04-09 15:50:00	2018-04-09 16:07:00	LHR	2018-04-09 18:32:00	2018-04-09 18:40:00	2018-04-09 16:45:00	J	TP	2018-04-09 16:12:59	45.0	82.0	0	14.0	280.0	8.0	6.21		FEW	BKN	M	3200.0	4800.0							9.0	90.0	8.0	1.49		BKN	OVC	M	300.0	700.0						
469824	2018-04-09 00:00:00	496.0	CSTPS	E90	EMBRAER 190	PGA	LIS	2018-04-09 14:15:00	2018-04-09 14:35:00	2018-04-09 14:45:00	TLS	2018-04-09 16:20:00	2018-04-09 16:25:00	2018-04-09 16:05:00	J	NI	2018-04-13 11:26:59	6.0	89.0	0	14.0	310.0	8.0	6.21		BKN	M	M	3800.0								17.0	90.0	7.0	6.21		FEW	SCT	BKN	4200.0	5000.0	7000.0					
469825	2018-04-09 00:00:00	1027.0	CSTTU	319	AIRBUS A319-111	NB	MAD	2018-04-09 14:30:00	2018-04-09 15:22:00	2018-04-09 15:31:00	LIS	2018-04-09 16:24:00	2018-04-09 16:28:00	2018-04-09 15:50:00	J	TP	2018-04-09 15:49:20	6.0	16.0	0	8.0	210.0	17.0	6.21		SCT	BKN	M	2000.0	3300.0							13.0	290.0	8.0	6.21		FEW	BKN	M	3000.0	4500.0						
469826	2018-04-09 00:00:00	1949.0	CSDJH	AT7	ATR 72	WI	OPO	2018-04-09 14:30:00	2018-04-09 16:10:00	2018-04-09 16:20:00	LIS	2018-04-09 17:07:00	2018-04-09 17:11:00	2018-04-09 15:30:00	J	WI	2018-04-09 16:27:22	7.0	89.0	0	14.0	310.0	12.0	6.21		BKN	M	M	1500.0								13.0	260.0	9.0	6.21		SCT	SCT	M	2400.0	4200.0						
469827	2018-04-09 00:00:00	467.0	CSTTY	E95	EMBRAER 195	PGA	BOD	2018-04-09 14:35:00	2018-04-09 14:51:00	2018-04-09 14:59:00	LIS	2018-04-09 16:30:00	2018-04-09 16:34:00	2018-04-09 16:30:00	J	NI	2018-04-13 08:49:59	1.0	89.0	0	14.0	240.0	11.0	6.21		FEW	BKN	BKN	2200.0	4200.0	4800.0						13.0	290.0	8.0	6.21		FEW	BKN	M	3000.0	4500.0						
469828	2018-04-09 00:00:00	842.0	CSTNL	320	AIRBUS A320-211	NB	LIS	2018-04-09 14:35:00	2018-04-09 15:50:00	2018-04-09 15:59:00	FCO	2018-04-09 18:18:00	2018-04-09 18:28:00	2018-04-09 17:25:00	J	TP	2018-04-13 09:36:59	8.0	89.0	0	14.0	280.0	8.0	6.21		FEW	BKN	M	3200.0	4800.0							14.0	200.0	8.0	6.21		SCT	M	M	2000.0							
469829	2018-04-09 00:00:00	862.0	CSTTM	319	AIRBUS A319-111	NB	LIS	2018-04-09 14:35:00	2018-04-09 14:41:00	2018-04-09 14:50:00	VCE	2018-04-09 17:21:00	2018-04-09 17:26:00	2018-04-09 17:25:00	J	TP	2018-04-09 14:58:59	6.0	19.0	A	14.0	310.0	8.0	6.21		BKN	M	M	3800.0								14.0	20.0	10.0	6.21		BKN	M	M	5000.0							
469830	2018-04-09 00:00:00	441.0	CSTTO	319	AIRBUS A319-111	NB	ORY	2018-04-09 14:40:00	2018-04-09 14:51:00	2018-04-09 14:59:00	LIS	2018-04-09 17:02:00	2018-04-09 17:06:00	2018-04-09 17:10:00	J	TP	2018-04-09 15:22:26	5.0	89.0	0	12.0		3.0	4.97		FEW	SCT	BKN	700.0	2400.0	6000.0						13.0	260.0	9.0	6.21		SCT	SCT	M	2400.0	4200.0						
469831	2018-04-09 00:00:00	659.0	CSTTH	319	AIRBUS A319-111	NB	AMS	2018-04-09 14:45:00	2018-04-09 14:40:00	2018-04-09 14:51:00	OPO	2018-04-09 17:05:00	2018-04-09 17:09:00	2018-04-09 17:30:00	J	TP					14.0	30.0	11.0	6.21		M	M	M									14.0	320.0	11.0	6.21		SCT	M	M	1500.0							
469832	2018-04-09 00:00:00	824.0	CSTJG	321	AIRBUS A321-211	NB	LIS	2018-04-09 14:50:00	2018-04-09 15:57:00	2018-04-09 16:12:00	MXP	2018-04-09 18:29:00	2018-04-09 18:36:00	2018-04-09 17:25:00	J	TP	2018-04-09 16:23:59	7.0	89.0	0	14.0	280.0	8.0	6.21		FEW	BKN	M	3200.0	4800.0							11.0		2.0	6.21		BKN	M	M	5000.0							
469833	2018-04-09 00:00:00	644.0	CSTNG	320	AIRBUS A320-211	NB	LIS	2018-04-09 14:55:00	2018-04-09 15:16:00	2018-04-09 15:27:00	BRU	2018-04-09 17:48:00	2018-04-09 17:55:00	2018-04-09 17:35:00	J	TP	2018-04-09 15:29:59	16.0	89.0	0	13.0	280.0	8.0	6.21		FEW	BKN	M	3800.0	4300.0							16.0	30.0	5.0	6.21		M	M	M								
469834	2018-04-09 00:00:00	823.0	CSTPR	E90	EMBRAER 190	PGA	MXP	2018-04-09 15:00:00	2018-04-09 15:18:00	2018-04-09 15:32:00	LIS	2018-04-09 18:03:00	2018-04-09 18:08:00	2018-04-09 17:45:00	J	NI	2018-04-09 15:44:27	7.0	19.0	B	13.0	320.0	3.0	6.21		BKN	M	M	5000.0								12.0	290.0	6.0	6.21		SCT	M	M	2200.0							
469835	2018-04-09 00:00:00	1960.0	CSDJB	AT7	ATR 72	WI	LIS	2018-04-09 15:00:00	2018-04-09 16:20:00	2018-04-09 16:34:00	OPO	2018-04-09 17:17:00	2018-04-09 17:21:00	2018-04-09 16:00:00	J	WI	2018-04-09 16:34:59	19.0	89.0	0	13.0	290.0	8.0	6.21		FEW	BKN	M	3000.0	4500.0							13.0	320.0	10.0	6.21		FEW	BKN	M	1200.0	1400.0						
469836	2018-04-09 00:00:00	456.0	CSTTB	319	AIRBUS A319-111	NB	OPO	2018-04-09 15:05:00	2018-04-09 15:00:00	2018-04-09 15:11:00	ORY	2018-04-09 17:01:00	2018-04-09 17:25:00	2018-04-09 17:10:00	J	TP					14.0	320.0	13.0	6.21		SCT	BKN	M	1400.0	4000.0							12.0	80.0	4.0	6.21		SCT	SCT	BKN	800.0	3600.0	6600.0					
469837	2018-04-09 00:00:00	833.0	CSTNU	320	AIRBUS A320-211	NB	FCO	2018-04-09 15:05:00	2018-04-09 15:37:00	2018-04-09 15:49:00	LIS	2018-04-09 18:28:00	2018-04-09 18:32:00	2018-04-09 18:10:00	J	TP	2018-04-13 09:36:59	11.0	89.0	0	15.0	220.0	12.0	6.21		FEW	BKN	M	1800.0	4000.0							12.0	290.0	6.0	6.21		SCT	BKN	M	1800.0	2800.0						
469838	2018-04-09 00:00:00	1066.0	CSDJD	AT7	ATR 72	WI	LIS	2018-04-09 15:05:00	2018-04-09 15:20:00	2018-04-09 15:34:00	BIO	2018-04-09 17:22:00	2018-04-09 17:27:00	2018-04-09 17:10:00	J	WI	2018-04-09 15:33:59	15.0	89.0	0	13.0	280.0	8.0	6.21		FEW	BKN	M	3800.0	4300.0							9.0	0.0	0.0	6.21		BKN	BKN	M	2500.0	3000.0						
469839	2018-04-09 00:00:00	1687.0	CSTNM	320	AIRBUS A320-211	NB	LIS	2018-04-09 15:05:00	2018-04-09 15:45:00	2018-04-09 15:56:00	FNC	2018-04-09 17:24:00	2018-04-09 17:27:00	2018-04-09 16:50:00	J	TP	2018-04-09 16:06:59	20.0	89.0	0	13.0	280.0	8.0	6.21		FEW	BKN	M	3800.0	4300.0							17.0		10.0	6.21		SCT	M	M	1600.0							
469840	2018-04-09 00:00:00	364.0	CSTTE	319	AIRBUS A319-111	NB	LIS	2018-04-09 15:10:00	2018-04-09 16:14:00	2018-04-09 16:29:00	LHR	2018-04-09 18:44:00	2018-04-09 18:52:00	2018-04-09 17:50:00	J	TP	2018-04-09 19:54:59	16.0	82.0	0	14.0	280.0	8.0	6.21		FEW	BKN	M	3200.0	4800.0							9.0	90.0	8.0	1.49		BKN	OVC	M	300.0	700.0						
469841	2018-04-09 00:00:00	942.0	CSTNJ	320	AIRBUS A320-211	NB	OPO	2018-04-09 15:15:00	2018-04-09 15:18:00	2018-04-09 15:28:00	GVA	2018-04-09 17:29:00	2018-04-09 17:32:00	2018-04-09 17:20:00	J	TP	2018-04-09 15:34:20	3.0	16.0	H	14.0	320.0	15.0	6.21		SCT	M	M	1600.0								15.0	210.0	12.0	6.21		FEW	SCT	BKN	4000.0	7000.0	10000.0					
469842	2018-04-09 00:00:00	1024.0	CSTTR	319	AIRBUS A319-111	NB	LIS	2018-04-09 15:20:00	2018-04-09 15:35:00	2018-04-09 15:46:00	MAD	2018-04-09 16:53:00	2018-04-09 17:04:00	2018-04-09 16:35:00	J	TP	2018-04-09 15:48:59	15.0	89.0	0	13.0	280.0	8.0	6.21		FEW	BKN	M	3800.0	4300.0							8.0	220.0	13.0	6.21		FEW	BKN	M	2600.0	3300.0						
469843	2018-04-09 00:00:00	1092.0	CSDJA	AT7	ATR 72	WI	LIS	2018-04-09 15:20:00	2018-04-09 15:35:00	2018-04-09 15:51:00	VLC	2018-04-09 17:37:00	2018-04-09 17:41:00	2018-04-09 17:25:00	J	WI	2018-04-09 15:59:59	15.0	89.0	0	13.0	280.0	8.0	6.21		FEW	BKN	M	3800.0	4300.0							15.0	270.0	20.0	6.21	30.0	FEW	M	M	2500.0							
469844	2018-04-09 00:00:00	341.0	CSTTK	319	AIRBUS A319-111	NB	LGW	2018-04-09 15:25:00	2018-04-09 15:37:00	2018-04-09 15:53:00	LIS	2018-04-09 18:08:00	2018-04-09 18:14:00	2018-04-09 18:05:00	J	TP	2018-04-13 08:04:59	2.0	93.0	R	11.0	80.0	6.0	2.17		OVC	M	M	400.0								12.0	290.0	6.0	6.21		SCT	M	M	2200.0							
469845	2018-04-09 00:00:00	1903.0	CSTTD	319	AIRBUS A319-111	NB	LIS	2018-04-09 15:25:00	2018-04-09 15:43:00	2018-04-09 15:54:00	FAO	2018-04-09 16:24:00	2018-04-09 16:28:00	2018-04-09 16:10:00	J	TP	2018-04-09 16:03:59	18.0	64.0	0	13.0	280.0	8.0	6.21		FEW	BKN	M	3800.0	4300.0							15.0	240.0	8.0	6.21		FEW	M	M	2200.0							
469846	2018-04-09 00:00:00	1036.0	CSTNQ	320	AIRBUS A320-211	NB	LIS	2018-04-09 15:30:00	2018-04-09 17:27:00	2018-04-09 17:37:00	BCN	2018-04-09 19:04:00	2018-04-09 19:07:00	2018-04-09 17:20:00	J	TP	2018-04-13 09:36:59	6.0	89.0	0	12.0	280.0	8.0	6.21		FEW	SCT	M	2200.0	3800.0							14.0	210.0	8.0	6.21		FEW	M	M	2500.0							
469847	2018-04-09 00:00:00	1451.0	CSTTJ	319	AIRBUS A319-111	NB	RAK	2018-04-09 15:30:00	2018-04-09 15:35:00	2018-04-09 15:42:00	LIS	2018-04-09 16:53:00	2018-04-09 16:58:00	2018-04-09 16:55:00	J	TP	2018-04-13 08:56:59	5.0	89.0	0	14.0	250.0	5.0	4.97		BKN	FEW	M	2000.0	3000.0							13.0	260.0	9.0	6.21		SCT	SCT	M	2400.0	4200.0						
469848	2018-04-09 00:00:00	1951.0	CSDJE	AT7	ATR 72	WI	OPO	2018-04-09 15:30:00	2018-04-09 17:06:00	2018-04-09 17:12:00	LIS	2018-04-09 18:07:00	2018-04-09 18:09:00	2018-04-09 16:30:00	J	WI	2018-04-09 17:17:39	11.0	85.0	C	14.0	320.0	11.0	6.21		SCT	M	M	1500.0								12.0	290.0	6.0	6.21		SCT	M	M	2200.0							
469849	2018-04-09 00:00:00	1427.0	CSDJC	AT7	ATR 72	WI	FEZ	2018-04-09 15:35:00	2018-04-09 16:07:00	2018-04-09 16:17:00	LIS	2018-04-09 18:18:00	2018-04-09 18:23:00	2018-04-09 17:40:00	J	WI	2018-04-09 17:17:55	10.0	89.0	0	12.0	270.0	9.0	6.21		SCT	BKN	M	1300.0	3000.0							12.0	290.0	6.0	6.21		SCT	BKN	M	1800.0	2800.0						
469850	2018-04-09 00:00:00	1443.0	CSTPT	E90	EMBRAER 190	PGA	CMN	2018-04-09 15:35:00	2018-04-09 16:02:00	2018-04-09 16:25:00	LIS	2018-04-09 17:29:00	2018-04-09 17:31:00	2018-04-09 17:15:00	J	NI	2018-04-09 17:17:25	6.0	89.0	0	16.0	280.0	15.0	6.21		SCT	M	M	2000.0								12.0	280.0	8.0	6.21		FEW	SCT	M	2200.0	3800.0						
469851	2018-04-09 00:00:00	1866.0	FHBAL	319	AIRBUS A319-111	NB	PDL	2018-04-09 15:35:00	2018-04-09 15:37:00	2018-04-09 15:48:00	OPO	2018-04-09 18:00:00	2018-04-09 18:04:00	2018-04-09 17:50:00	J	TP	2018-04-17 13:43:59	2.0	89.0	0	16.0	280.0	18.0	6.21		FEW	M	M	2000.0								13.0	320.0	10.0	6.21		BKN	M	M	1400.0							
469852	2018-04-09 00:00:00	401.0	CSTPV	E90	EMBRAER 190	PGA	MRS	2018-04-09 15:40:00	2018-04-09 15:56:00	2018-04-09 16:09:00	LIS	2018-04-09 18:12:00	2018-04-09 18:17:00	2018-04-09 18:05:00	J	NI	2018-04-13 11:37:59	1.0	89.0	0	16.0	150.0	14.0	6.21		FEW	M	M	1500.0								12.0	290.0	6.0	6.21		SCT	BKN	M	1800.0	2800.0						
469853	2018-04-09 00:00:00	438.0	CSTTI	319	AIRBUS A319-111	NB	LIS	2018-04-09 15:40:00	2018-04-09 16:04:00	2018-04-09 16:16:00	ORY	2018-04-09 18:20:00	2018-04-09 18:27:00	2018-04-09 18:05:00	J	TP	2018-04-09 16:17:59	13.0	89.0	0	14.0	280.0	8.0	6.21		FEW	BKN	M	3200.0	4800.0							12.0	20.0	4.0	5.59		NSC	M	M								
469854	2018-04-09 00:00:00	1037.0	CSTMW	320	AIRBUS A320-211	NB	BCN	2018-04-09 15:40:00	2018-04-09 15:51:00	2018-04-09 16:01:00	LIS	2018-04-09 17:34:00	2018-04-09 17:38:00	2018-04-09 17:35:00	J	TP	2018-04-09 16:43:01	5.0	89.0	0	15.0	210.0	14.0	6.21		FEW	M	M	2000.0								12.0	280.0	8.0	6.21		FEW	SCT	M	2200.0	3800.0						
469855	2018-04-09 00:00:00	1523.0	CSTNX	320	AIRBUS A320-211	NB	LIS	2018-04-09 15:40:00	2018-04-09 16:27:00	2018-04-09 16:37:00	LFW	2018-04-09 21:56:00	2018-04-09 22:01:00	2018-04-09 21:20:00	J	TP	2018-04-09 16:46:59	11.0	89.0	0	13.0	290.0	8.0	6.21		FEW	BKN	M	3000.0	4500.0							28.0	210.0	8.0	6.21		FEW	M	M	1200.0							
469856	2018-04-09 00:00:00	22.0	CSTOX	333	AIRBUS A330-300	WB	LIS	2018-04-09 15:45:00	2018-04-09 16:03:00	2018-04-09 16:20:00	SSA	2018-04-10 00:17:00	2018-04-10 00:27:00	2018-04-10 00:20:00	J	TP	2018-04-09 16:31:59	13.0	89.0	0	14.0	280.0	8.0	6.21		FEW	BKN	M	3200.0	4800.0							25.0	170.0	5.0	5.59		FEW	FEW	BKN	1700.0	2300.0	6000.0					
469857	2018-04-09 00:00:00	523.0	CSTPU	E90	EMBRAER 190	PGA	STR	2018-04-09 15:55:00	2018-04-09 19:05:00	2018-04-09 19:17:00	LIS	2018-04-09 21:45:00	2018-04-09 21:50:00	2018-04-09 19:05:00	J	NI	2018-04-09 19:21:05	133.0	41.0	0	16.0		2.0	6.21		M	M	M									12.0	260.0	4.0	6.21		FEW	SCT	M	1200.0	1800.0						
469858	2018-04-09 00:00:00	921.0	CSTPW	E90	EMBRAER 190	PGA	ZRH	2018-04-09 16:00:00	2018-04-09 16:07:00	2018-04-09 16:21:00	OPO	2018-04-09 18:31:00	2018-04-09 18:37:00	2018-04-09 18:35:00	J	NI	2018-04-09 16:28:22	7.0	19.0	A	19.0	100.0	4.0	6.21		M	M	M									13.0	310.0	10.0	6.21		BKN	M	M	1400.0							
469859	2018-04-09 00:00:00	927.0	CSTNW	320	AIRBUS A320-211	NB	ZRH	2018-04-09 16:00:00	2018-04-09 16:03:00	2018-04-09 16:18:00	LIS	2018-04-09 18:38:00	2018-04-09 18:41:00	2018-04-09 18:50:00	J	TP	2018-04-09 16:20:24	3.0	89.0	0	19.0	80.0	4.0	6.21		FEW	SCT	BKN	6200.0	15000.0	18000.0						12.0	290.0	6.0	6.21		SCT	BKN	M	1800.0	2800.0						
469860	2018-04-09 00:00:00	1962.0	CSDJH	AT7	ATR 72	WI	LIS	2018-04-09 16:00:00	2018-04-09 17:52:00	2018-04-09 18:02:00	LIS	2018-04-09 20:15:00	2018-04-09 20:20:00	2018-04-09 17:00:00	J	WI					12.0	290.0	6.0	6.21		SCT	M	M	2200.0								12.0	240.0	6.0	6.21		FEW	BKN	M	1700.0	3600.0						
469861	2018-04-09 00:00:00	11.0	CSTOI	332	AIRBUS A330-200	WB	LIS	2018-04-09 16:05:00	2018-04-09 16:23:00	2018-04-09 16:39:00	REC	2018-04-10 00:04:00	2018-04-10 00:07:00	2018-04-09 23:45:00	J	TP	2018-04-09 16:41:59	10.0	89.0	0	13.0	290.0	8.0	6.21		FEW	BKN	M	3000.0	4500.0							27.0	140.0	8.0	6.21		SCT	M	M	2300.0							
469862	2018-04-09 00:00:00	35.0	CSTOE	332	AIRBUS A330-200	WB	LIS	2018-04-09 16:05:00	2018-04-09 16:41:00	2018-04-09 16:52:00	FOR	2018-04-09 23:54:00	2018-04-10 00:01:00	2018-04-09 23:40:00	J	TP	2018-04-09 16:53:59	36.0	89.0	0	13.0	290.0	8.0	6.21		FEW	BKN	M	3000.0	4500.0							26.0	100.0	4.0	6.21		M	M	M								
469863	2018-04-09 00:00:00	209.0	CSTOO	332	AIRBUS A330-200	WB	LIS	2018-04-09 16:10:00	2018-04-09 16:35:00	2018-04-09 16:46:00	JFK	2018-04-10 00:09:00	2018-04-10 00:21:00	2018-04-10 00:00:00	J	TP	2018-04-09 17:03:59	10.0	89.0	0	13.0	290.0	8.0	6.21		FEW	BKN	M	3000.0	4500.0								180.0	12.0	10.0		BKN	OVC	M	7000.0	9000.0						
469864	2018-04-09 00:00:00	477.0	CSTPP	E90	EMBRAER 190	PGA	LYS	2018-04-09 16:15:00	2018-04-09 16:36:00	2018-04-09 16:47:00	LIS	2018-04-09 18:49:00	2018-04-09 18:54:00	2018-04-09 18:45:00	J	NI	2018-04-13 08:56:59	7.0	89.0	0	15.0	180.0	9.0	6.21		FEW	BKN	M	5100.0	6500.0							11.0	280.0	6.0	6.21		SCT	BKN	M	1400.0	2800.0						
469865	2018-04-09 00:00:00	487.0	CSTTW	E95	EMBRAER 195	PGA	NCE	2018-04-09 16:15:00	2018-04-09 19:25:00	2018-04-09 19:35:00	LIS	2018-04-09 21:44:00	2018-04-09 21:50:00	2018-04-09 18:50:00	J	NI	2018-04-13 09:00:59	4.0	93.0	R	13.0	100.0	6.0	6.21		BKN	M	M	2000.0								12.0	260.0	4.0	6.21		FEW	SCT	M	1200.0	1800.0						
469866	2018-04-09 00:00:00	947.0	CSTJH	321	AIRBUS A321-211	NB	GVA	2018-04-09 16:20:00	2018-04-09 17:29:00	2018-04-09 17:44:00	LIS	2018-04-09 19:48:00	2018-04-09 19:52:00	2018-04-09 18:55:00	J	TP	2018-04-09 17:49:58	9.0	15.0	D	15.0	210.0	12.0	6.21		FEW	SCT	BKN	4000.0	7000.0	10000.0						11.0	270.0	5.0	6.21		FEW	M	M	1400.0							
469867	2018-04-09 00:00:00	1689.0	CSTTA	319	AIRBUS A319-111	NB	LIS	2018-04-09 16:30:00	2018-04-09 16:48:00	2018-04-09 16:57:00	FNC	2018-04-09 18:15:00	2018-04-09 18:19:00	2018-04-09 18:15:00	J	TP	2018-04-09 17:00:59	10.0	89.0	0	13.0	260.0	9.0	6.21		SCT	SCT	M	2400.0	4200.0							16.0		10.0	6.21		SCT	M	M	1600.0							
469868	2018-04-09 00:00:00	1953.0	CSDJB	AT7	ATR 72	WI	OPO	2018-04-09 16:30:00	2018-04-09 17:53:00	2018-04-09 18:02:00	LIS	2018-04-09 18:45:00	2018-04-09 18:48:00	2018-04-09 17:30:00	J	WI	2018-04-09 18:07:01	2.0	89.0	0	13.0	320.0	10.0	6.21		BKN	M	M	1400.0								11.0	280.0	6.0	6.21		SCT	BKN	M	1400.0	2800.0						
469869	2018-04-09 00:00:00	3834.0	CSTNS	320	AIRBUS A320-211	NB	FNC	2018-04-09 16:30:00	2018-04-09 17:46:00	2018-04-09 17:53:00	LIS	2018-04-09 19:17:00	2018-04-09 19:21:00	2018-04-09 18:05:00	J	TP	2018-04-09 17:56:03	12.0	16.0	G	16.0		12.0	6.21	24.0	SCT	M	M	1600.0								11.0	270.0	5.0	6.21		FEW	M	M	1400.0							
469870	2018-04-09 00:00:00	1112.0	CSDJF	AT7	ATR 72	WI	LIS	2018-04-09 16:40:00	2018-04-09 17:04:00	2018-04-09 17:18:00	OVD	2018-04-09 18:51:00	2018-04-09 18:55:00	2018-04-09 18:30:00	J	WI	2018-04-09 18:00:59	24.0	93.0	R	13.0	260.0	9.0	6.21		SCT	SCT	M	2400.0	4200.0							10.0	290.0	7.0	6.21		FEW	M	M	1500.0							
469871	2018-04-09 00:00:00	493.0	CSTPS	E90	EMBRAER 190	PGA	TLS	2018-04-09 16:45:00	2018-04-09 17:08:00	2018-04-09 17:17:00	LIS	2018-04-09 18:55:00	2018-04-09 19:01:00	2018-04-09 18:45:00	J	NI	2018-04-13 09:02:59	3.0	89.0	0	16.0	140.0	11.0	6.21		FEW	BKN	BKN	3200.0	4200.0	6200.0						11.0	280.0	6.0	6.21		SCT	BKN	M	1400.0	2800.0						
469872	2018-04-09 00:00:00	589.0	CSTTX	E95	EMBRAER 195	PGA	CGN	2018-04-09 16:50:00	2018-04-09 17:31:00	2018-04-09 17:40:00	LIS	2018-04-09 20:09:00	2018-04-09 20:15:00	2018-04-09 20:00:00	J	NI	2018-04-09 19:34:06	4.0	87.0	F	19.0	50.0	4.0	6.21		M	M	M									11.0	270.0	5.0	6.21		FEW	M	M	1400.0							
469873	2018-04-09 00:00:00	816.0	CSTTH	319	AIRBUS A319-111	NB	OPO	2018-04-09 16:55:00	2018-04-09 18:07:00	2018-04-09 18:13:00	MXP	2018-04-09 20:20:00	2018-04-09 20:27:00	2018-04-09 19:30:00	J	TP	2018-04-13 11:06:59	13.0	63.0	0	13.0	320.0	10.0	6.21		BKN	M	M	1400.0								11.0		2.0	4.97		BKN	M	M	3500.0							
469874	2018-04-09 00:00:00	1904.0	CSTTD	319	AIRBUS A319-111	NB	FAO	2018-04-09 16:55:00	2018-04-09 17:01:00	2018-04-09 17:09:00	LIS	2018-04-09 17:39:00	2018-04-09 17:43:00	2018-04-09 17:40:00	J	TP	2018-04-13 08:03:59	6.0	93.0	J	15.0	230.0	8.0	6.21		FEW	M	M	2200.0								12.0	280.0	8.0	6.21		FEW	SCT	M	2200.0	3800.0						
469875	2018-04-09 00:00:00	566.0	CSTNY	320	AIRBUS A320-211	NB	LIS	2018-04-09 17:00:00	2018-04-09 16:59:00	2018-04-09 17:13:00	HAM	2018-04-09 20:05:00	2018-04-09 20:08:00	2018-04-09 20:15:00	J	TP					13.0	260.0	9.0	6.21		SCT	SCT	M	2400.0	4200.0							14.0	60.0	10.0	4.97		NSC	M	M								
469876	2018-04-09 00:00:00	1964.0	CSDJE	AT7	ATR 72	WI	LIS	2018-04-09 17:00:00	2018-04-09 18:54:00	2018-04-09 19:12:00	LIS	2018-04-09 20:52:00	2018-04-09 20:53:00	2018-04-09 18:00:00	J	WI					11.0	280.0	6.0	6.21		SCT	BKN	M	1400.0	2800.0							12.0	230.0	6.0	6.21		FEW	BKN	M	1200.0	2000.0						
469877	2018-04-09 00:00:00	431.0	CSTTQ	319	AIRBUS A319-111	NB	ORY	2018-04-09 17:05:00	2018-04-09 17:18:00	2018-04-09 17:29:00	LIS	2018-04-09 19:27:00	2018-04-09 19:33:00	2018-04-09 19:35:00	J	TP	2018-04-13 08:44:59	13.0	93.0	Q	12.0	80.0	4.0	6.21		SCT	SCT	BKN	800.0	3600.0	6600.0						11.0	270.0	5.0	6.21		FEW	M	M	1400.0							
469878	2018-04-09 00:00:00	532.0	CSTNP	320	AIRBUS A320-211	NB	LIS	2018-04-09 17:05:00	2018-04-09 17:33:00	2018-04-09 17:43:00	TXL	2018-04-09 20:41:00	2018-04-09 20:45:00	2018-04-09 20:30:00	J	TP	2018-04-13 11:24:59	5.0	93.0	A	12.0	280.0	8.0	6.21		FEW	SCT	M	2200.0	3800.0							16.0	70.0	5.0	6.21		M	M	M								
469879	2018-04-09 00:00:00	3.0	CSTOL	332	AIRBUS A330-200	WB	LIS	2018-04-09 17:10:00	2018-04-09 19:13:00	2018-04-09 19:24:00	NAT	2018-04-10 02:37:00	2018-04-10 02:44:00	2018-04-10 00:40:00	J	TP	2018-04-18 12:38:59	26.0	89.0	0	11.0	280.0	6.0	6.21		SCT	BKN	M	1400.0	2800.0							24.0	200.0	5.0	6.21		FEW	M	M	3000.0							
469880	2018-04-09 00:00:00	338.0	CSTPW	E90	EMBRAER 190	PGA	OPO	2018-04-09 17:10:00	2018-04-09 19:26:00	2018-04-09 19:35:00	LGW	2018-04-09 21:38:00	2018-04-09 21:44:00	2018-04-09 19:25:00	J	NI	2018-04-13 10:48:59	2.0	93.0	A	12.0	310.0	8.0	6.21		SCT	BKN	M	1400.0	2000.0							10.0	80.0	5.0	1.55		BKN	M	M	300.0							
469881	2018-04-09 00:00:00	448.0	CSTTU	319	AIRBUS A319-111	NB	LIS	2018-04-09 17:10:00	2018-04-09 17:14:00	2018-04-09 17:25:00	ORY	2018-04-09 19:28:00	2018-04-09 19:33:00	2018-04-09 19:35:00	J	TP	2018-04-09 17:27:59	4.0	93.0	R	13.0	260.0	9.0	6.21		SCT	SCT	M	2400.0	4200.0							12.0	150.0	4.0	3.11		BKN	BKN	BKN	700.0	1200.0	7000.0					
469882	2018-04-09 00:00:00	572.0	CSTNI	320	AIRBUS A320-211	NB	LIS	2018-04-09 17:20:00	2018-04-09 17:24:00	2018-04-09 17:32:00	FRA	2018-04-09 20:15:00	2018-04-09 20:25:00	2018-04-09 20:20:00	J	TP	2018-04-09 17:33:59	4.0	19.0	A	12.0	280.0	8.0	6.21		FEW	SCT	M	2200.0	3800.0							15.0	210.0	5.0	6.21		M	M	M								
469883	2018-04-09 00:00:00	752.0	FHBIS	320	AIRBUS A320-211	NB	LIS	2018-04-09 17:20:00	2018-04-09 17:56:00	2018-04-09 18:10:00	CPH	2018-04-09 21:23:00	2018-04-09 21:29:00	2018-04-09 20:50:00	J	TP	2018-04-09 18:15:59	7.0	89.0	0	12.0	290.0	6.0	6.21		SCT	M	M	2200.0								8.0	360.0	12.0	6.21		M	M	M								
469884	2018-04-09 00:00:00	1029.0	CSTTR	319	AIRBUS A319-111	NB	MAD	2018-04-09 17:20:00	2018-04-09 17:52:00	2018-04-09 18:07:00	LIS	2018-04-09 19:00:00	2018-04-09 19:04:00	2018-04-09 18:40:00	J	TP	2018-04-09 18:15:02	3.0	89.0	0	8.0	230.0	16.0	6.21		FEW	BKN	M	2600.0	7000.0							11.0	280.0	6.0	6.21		SCT	BKN	M	1400.0	2800.0						
469885	2018-04-09 00:00:00	259.0	CSTOF	332	AIRBUS A330-200	WB	LIS	2018-04-09 17:25:00	2018-04-09 18:05:00	2018-04-09 18:07:00	YYZ	2018-04-10 01:39:00	2018-04-10 01:55:00	2018-04-10 01:35:00	J	TP	2018-04-09 18:15:59	12.0	89.0	0	12.0	290.0	6.0	6.21		SCT	M	M	2200.0								1.0	340.0	8.0	15.0		FEW	BKN	OVC	3500.0	5000.0	6300.0					
469886	2018-04-09 00:00:00	579.0	CSTNN	320	AIRBUS A320-211	NB	FRA	2018-04-09 17:35:00	2018-04-09 18:02:00	2018-04-09 18:18:00	LIS	2018-04-09 20:59:00	2018-04-09 21:12:00	2018-04-09 20:45:00	J	TP	2018-04-23 10:35:59	3.0	87.0	0	19.0	200.0	5.0	6.21		M	M	M									12.0	230.0	6.0	6.21		FEW	BKN	M	1200.0	2000.0						
469887	2018-04-09 00:00:00	668.0	CSTTC	319	AIRBUS A319-111	NB	LIS	2018-04-09 17:35:00	2018-04-09 17:59:00	2018-04-09 18:19:00	AMS	2018-04-09 20:43:00	2018-04-09 20:47:00	2018-04-09 20:30:00	J	TP	2018-04-09 19:55:59	13.0	89.0	0	12.0	290.0	6.0	6.21		SCT	M	M	2200.0								10.0	40.0	12.0	6.21		M	M	M								
469888	2018-04-09 00:00:00	1305.0	CSTKR	763	BOEING 767-300/300ER		PRG	2018-04-09 17:35:00	2018-04-09 21:10:00	2018-04-09 21:29:00	LIS	2018-04-10 00:24:00	2018-04-10 00:28:00	2018-04-09 21:05:00	J	TP	2018-04-13 10:52:59	30.0	93.0	R	14.0	80.0	3.0	6.21		M	M	M									11.0	250.0	7.0	6.21		FEW	SCT	M	1200.0	1500.0						
469889	2018-04-09 00:00:00	1686.0	CSTNM	320	AIRBUS A320-211	NB	FNC	2018-04-09 17:35:00	2018-04-09 18:26:00	2018-04-09 18:34:00	LIS	2018-04-09 20:02:00	2018-04-09 20:06:00	2018-04-09 19:10:00	J	TP	2018-04-09 18:35:03	14.0	16.0	G	16.0		10.0	6.21		SCT	M	M	1600.0								11.0	270.0	5.0	6.21		FEW	M	M	1400.0							
469890	2018-04-09 00:00:00	551.0	CSTJE	321	AIRBUS A321-211	NB	MUC	2018-04-09 17:40:00	2018-04-09 19:25:00	2018-04-09 19:41:00	LIS	2018-04-09 22:26:00	2018-04-09 22:35:00	2018-04-09 20:55:00	J	TP	2018-04-13 09:06:59	22.0	93.0	M	12.0	90.0	3.0	6.21		M	M	M									12.0	290.0	7.0	6.21		SCT	M	M	1200.0							
469891	2018-04-09 00:00:00	661.0	CSTTP	319	AIRBUS A319-111	NB	AMS	2018-04-09 17:40:00	2018-04-09 17:45:00	2018-04-09 17:56:00	LIS	2018-04-09 20:30:00	2018-04-09 20:35:00	2018-04-09 20:45:00	J	TP	2018-04-13 13:38:59	5.0	89.0	0	12.0	20.0	7.0	6.21		M	M	M									12.0	240.0	6.0	6.21		FEW	BKN	M	1700.0	3600.0						
469892	2018-04-09 00:00:00	369.0	LYPGC	737	BOEING 737 ALL SERIES		LHR	2018-04-09 17:45:00	2018-04-09 19:38:00	2018-04-09 20:07:00	LIS	2018-04-09 22:17:00	2018-04-09 22:25:00	2018-04-09 20:25:00	J	TP	2018-04-09 20:30:11	8.0	89.0	0	9.0	90.0	10.0	1.8		OVC	M	M	300.0								12.0	290.0	7.0	6.21		SCT	M	M	1200.0							
469893	2018-04-09 00:00:00	1273.0	CSTJF	321	AIRBUS A321-211	NB	VIE	2018-04-09 17:45:00	2018-04-09 19:29:00	2018-04-09 19:35:00	LIS	2018-04-09 22:34:00	2018-04-09 22:39:00	2018-04-09 21:20:00	J	TP	2018-04-09 19:48:13	5.0	89.0	0	18.0	170.0	11.0	6.21		M	M	M									12.0	290.0	7.0	6.21		SCT	M	M	1200.0							
469894	2018-04-09 00:00:00	1067.0	CSDJD	AT7	ATR 72	WI	BIO	2018-04-09 17:50:00	2018-04-09 17:57:00	2018-04-09 18:08:00	LIS	2018-04-09 19:45:00	2018-04-09 19:50:00	2018-04-09 20:00:00	J	WI	2018-04-09 18:11:09	7.0	93.0	0	9.0	220.0	5.0	6.21		FEW	SCT	BKN	2500.0	3000.0	4500.0						11.0	270.0	5.0	6.21		FEW	M	M	1400.0							
469895	2018-04-09 00:00:00	457.0	CSTTB	319	AIRBUS A319-111	NB	ORY	2018-04-09 17:55:00	2018-04-09 18:15:00	2018-04-09 18:28:00	OPO	2018-04-09 20:17:00	2018-04-09 20:25:00	2018-04-09 20:00:00	J	TP	2018-04-13 08:46:59	5.0	16.0	H	12.0	30.0	5.0	6.21		NSC	M	M									12.0	310.0	8.0	6.21		SCT	BKN	M	1400.0	3000.0						
469896	2018-04-09 00:00:00	928.0	CSTNT	320	AIRBUS A320-211	NB	LIS	2018-04-09 18:00:00	2018-04-09 18:29:00	2018-04-09 18:46:00	ZRH	2018-04-09 21:06:00	2018-04-09 21:10:00	2018-04-09 20:40:00	J	TP	2018-04-09 18:52:59	11.0	89.0	0	12.0	290.0	6.0	6.21		SCT	BKN	M	1800.0	2800.0							13.0	280.0	6.0	6.21		M	M	M								
469897	2018-04-09 00:00:00	1018.0	CSTPT	E90	EMBRAER 190	PGA	LIS	2018-04-09 18:00:00	2018-04-09 18:20:00	2018-04-09 18:39:00	MAD	2018-04-09 19:49:00	2018-04-09 20:00:00	2018-04-09 19:20:00	J	NI	2018-04-09 18:51:59	9.0	89.0	0	12.0	290.0	6.0	6.21		SCT	BKN	M	1800.0	2800.0							7.0	230.0	14.0	6.21		SCT	BKN	M	1800.0	5500.0						
469898	2018-04-09 00:00:00	1046.0	CSTTJ	319	AIRBUS A319-111	NB	LIS	2018-04-09 18:00:00	2018-04-09 18:06:00	2018-04-09 18:21:00	BCN	2018-04-09 19:49:00	2018-04-09 19:54:00	2018-04-09 19:50:00	J	TP	2018-04-09 18:22:59	6.0	89.0	0	12.0	290.0	6.0	6.21		SCT	M	M	2200.0								14.0	220.0	9.0	6.21		FEW	FEW	M	2000.0	2500.0						
469899	2018-04-09 00:00:00	1966.0	CSDJB	AT7	ATR 72	WI	LIS	2018-04-09 18:00:00	2018-04-09 19:29:00	2018-04-09 19:43:00	OPO	2018-04-09 20:30:00	2018-04-09 20:33:00	2018-04-09 19:00:00	J	WI	2018-04-09 20:03:59	11.0	89.0	0	11.0	270.0	5.0	6.21		FEW	M	M	1400.0								12.0	310.0	8.0	6.21		SCT	BKN	M	1400.0	3000.0						
469900	2018-04-09 00:00:00	937.0	CSTNJ	320	AIRBUS A320-211	NB	GVA	2018-04-09 18:05:00	2018-04-09 18:18:00	2018-04-09 18:30:00	OPO	2018-04-09 20:24:00	2018-04-09 20:29:00	2018-04-09 20:20:00	J	TP	2018-04-09 18:38:07	1.0	89.0	0	14.0	220.0	9.0	6.21		FEW	SCT	BKN	6000.0	7500.0	9500.0						12.0	310.0	8.0	6.21		SCT	BKN	M	1400.0	3000.0						
469901	2018-04-09 00:00:00	1045.0	CSTNQ	320	AIRBUS A320-211	NB	BCN	2018-04-09 18:05:00	2018-04-09 19:52:00	2018-04-09 20:05:00	LIS	2018-04-09 21:30:00	2018-04-09 21:35:00	2018-04-09 20:00:00	J	TP	2018-04-09 20:11:20	107.0	93.0	M	14.0	220.0	9.0	6.21		FEW	FEW	M	2000.0	2500.0							12.0	240.0	7.0	6.21		FEW	BKN	M	1200.0	1500.0						
469902	2018-04-09 00:00:00	1093.0	CSDJA	AT7	ATR 72	WI	VLC	2018-04-09 18:05:00	2018-04-09 18:21:00	2018-04-09 18:32:00	LIS	2018-04-09 20:19:00	2018-04-09 20:24:00	2018-04-09 20:20:00	J	WI	2018-04-09 18:33:59	16.0	93.0	0	12.0	270.0	21.0	6.21		FEW	M	M	2500.0								12.0	240.0	6.0	6.21		FEW	BKN	M	1700.0	3600.0						
469903	2018-04-09 00:00:00	358.0	CSTTO	319	AIRBUS A319-111	NB	LIS	2018-04-09 18:10:00	2018-04-09 18:28:00	2018-04-09 18:42:00	LHR	2018-04-09 20:58:00	2018-04-09 21:08:00	2018-04-09 20:45:00	J	TP	2018-04-09 20:10:59	18.0	82.0	0	12.0	290.0	6.0	6.21		SCT	BKN	M	1800.0	2800.0							9.0	80.0	7.0	1.68		SCT	SCT	BKN	300.0	3100.0	4200.0					
469904	2018-04-09 00:00:00	524.0	CSTTY	E95	EMBRAER 195	PGA	LIS	2018-04-09 18:10:00	2018-04-09 19:25:00	2018-04-09 19:34:00	STR	2018-04-09 22:03:00	2018-04-09 22:07:00	2018-04-09 20:50:00	J	NI	2018-04-09 20:17:59	39.0	89.0	0	11.0	270.0	5.0	6.21		FEW	M	M	1400.0								13.0		2.0	6.21		M	M	M								
469905	2018-04-09 00:00:00	861.0	CSTTM	319	AIRBUS A319-111	NB	VCE	2018-04-09 18:10:00	2018-04-09 18:12:00	2018-04-09 18:22:00	LIS	2018-04-09 21:05:00	2018-04-09 21:08:00	2018-04-09 21:20:00	J	TP	2018-04-09 18:28:03	2.0	89.0	0	13.0	20.0	10.0	6.21		BKN	M	M	2600.0								12.0	230.0	6.0	6.21		FEW	BKN	M	1200.0	2000.0						
469906	2018-04-09 00:00:00	829.0	CSTJG	321	AIRBUS A321-211	NB	MXP	2018-04-09 18:15:00	2018-04-09 19:44:00	2018-04-09 19:56:00	LIS	2018-04-09 22:10:00	2018-04-09 22:13:00	2018-04-09 21:10:00	J	TP	2018-04-09 20:13:13	12.0	15.0	A	11.0	340.0	4.0	4.97		BKN	M	M	4500.0								12.0	260.0	4.0	6.21		FEW	SCT	M	1200.0	1800.0						
469907	2018-04-09 00:00:00	843.0	CSTNL	320	AIRBUS A320-211	NB	FCO	2018-04-09 18:15:00	2018-04-09 19:32:00	2018-04-09 19:44:00	LIS	2018-04-09 22:22:00	2018-04-09 22:30:00	2018-04-09 21:20:00	J	TP	2018-04-09 20:32:15	14.0	49.0	0	14.0	190.0	6.0	6.21		SCT	SCT	M	2000.0	3500.0							12.0	290.0	7.0	6.21		SCT	M	M	1200.0							
469908	2018-04-09 00:00:00	552.0	CSTTD	319	AIRBUS A319-111	NB	LIS	2018-04-09 18:25:00	2018-04-09 18:37:00	2018-04-09 18:48:00	MUC	2018-04-09 21:26:00	2018-04-09 21:31:00	2018-04-09 21:20:00	J	TP	2018-04-09 18:52:59	12.0	89.0	0	12.0	290.0	6.0	6.21		SCT	BKN	M	1800.0	2800.0							9.0		1.0	6.21		M	M	M								
469909	2018-04-09 00:00:00	649.0	CSTNG	320	AIRBUS A320-211	NB	BRU	2018-04-09 18:25:00	2018-04-09 18:47:00	2018-04-09 18:57:00	LIS	2018-04-09 21:15:00	2018-04-09 21:21:00	2018-04-09 21:15:00	J	TP	2018-04-09 22:13:38	7.0	89.0	0	14.0	360.0	4.0	6.21		M	M	M									12.0	240.0	7.0	6.21		FEW	BKN	M	1200.0	1500.0						
469910	2018-04-09 00:00:00	1677.0	CSTNH	320	AIRBUS A320-211	NB	LIS	2018-04-09 18:25:00	2018-04-09 18:40:00	2018-04-09 18:54:00	FNC	2018-04-09 20:13:00	2018-04-09 20:17:00	2018-04-09 20:10:00	J	TP	2018-04-09 19:09:59	10.0	89.0	0	12.0	290.0	6.0	6.21		SCT	BKN	M	1800.0	2800.0							16.0		6.0	6.21	16.0	BKN	M	M	1500.0							
469911	2018-04-09 00:00:00	82.0	CSTOG	332	AIRBUS A330-200	WB	GRU	2018-04-09 18:30:00	2018-04-09 18:24:00	2018-04-09 18:36:00	LIS	2018-04-10 03:47:00	2018-04-10 03:51:00	2018-04-10 04:20:00	J	TP					27.0	270.0	4.0	6.21		BKN	M	M	4500.0								11.0	230.0	14.0	4.35		FEW	BKN	M	400.0	600.0						
469912	2018-04-09 00:00:00	1507.0	CSTNR	320	AIRBUS A320-211	NB	LIS	2018-04-09 18:30:00	2018-04-09 19:21:00	2018-04-09 19:30:00	ABJ	2018-04-10 00:18:00	2018-04-10 00:21:00	2018-04-09 23:50:00	J	TP	2018-04-09 20:09:59	21.0	89.0	0	11.0	270.0	5.0	6.21		FEW	M	M	1400.0								28.0	240.0	5.0	6.21		FEW	M	M	1200.0							
469913	2018-04-09 00:00:00	1034.0	FHBAL	319	AIRBUS A319-111	NB	OPO	2018-04-09 18:35:00	2018-04-09 18:51:00	2018-04-09 18:59:00	BCN	2018-04-09 20:30:00	2018-04-09 20:36:00	2018-04-09 20:20:00	J	TP	2018-04-09 19:05:10	2.0	89.0	0	12.0	320.0	10.0	6.21		SCT	BKN	M	1200.0	3000.0							12.0	330.0	12.0	6.21		FEW	SCT	M	2000.0	3500.0						
469914	2018-04-09 00:00:00	74.0	CSTOP	332	AIRBUS A330-200	WB	GIG	2018-04-09 18:40:00	2018-04-09 18:44:00	2018-04-09 19:00:00	LIS	2018-04-10 04:09:00	2018-04-10 04:14:00	2018-04-10 04:20:00	J	TP	2018-04-09 19:09:15	4.0	89.0	0	27.0	140.0	13.0	6.21		SCT	M	M	3000.0								11.0	230.0	14.0	4.35		FEW	BKN	M	400.0	600.0						
469915	2018-04-09 00:00:00	446.0	CSTTG	319	AIRBUS A319-111	NB	LIS	2018-04-09 18:40:00	2018-04-09 19:03:00	2018-04-09 19:14:00	ORY	2018-04-09 21:14:00	2018-04-09 21:19:00	2018-04-09 21:05:00	J	TP	2018-04-09 19:15:59	23.0	89.0	0	11.0	280.0	6.0	6.21		SCT	BKN	M	1400.0	2800.0							11.0	120.0	4.0	2.49		SCT	BKN	BKN	400.0	1000.0	4800.0					
469916	2018-04-09 00:00:00	838.0	CSTMW	320	AIRBUS A320-211	NB	LIS	2018-04-09 18:45:00	2018-04-09 19:12:00	2018-04-09 19:20:00	FCO	2018-04-09 21:46:00	2018-04-09 21:54:00	2018-04-09 21:35:00	J	TP	2018-04-09 19:32:59	27.0	89.0	0	11.0	280.0	6.0	6.21		SCT	BKN	M	1400.0	2800.0							12.0	120.0	5.0	6.21		FEW	M	M	2500.0							
469917	2018-04-09 00:00:00	367.0	CSTTE	319	AIRBUS A319-111	NB	LHR	2018-04-09 18:50:00	2018-04-09 20:08:00	2018-04-09 20:33:00	LIS	2018-04-09 22:39:00	2018-04-09 22:43:00	2018-04-09 21:30:00	J	TP	2018-04-13 08:43:59	16.0	89.0	0	9.0	90.0	9.0	1.62		BKN	OVC	M	300.0	700.0							12.0	290.0	7.0	6.21		SCT	M	M	1200.0							
469918	2018-04-09 00:00:00	458.0	CSTTN	319	AIRBUS A319-111	NB	OPO	2018-04-09 18:50:00	2018-04-09 19:07:00	2018-04-09 19:17:00	ORY	2018-04-09 21:04:00	2018-04-09 21:09:00	2018-04-09 20:55:00	J	TP	2018-04-09 19:21:04	17.0	16.0	0	12.0	320.0	10.0	6.21		SCT	BKN	M	1200.0	3000.0							11.0	150.0	5.0	2.49		SCT	BKN	OVC	500.0	1000.0	6600.0					
469919	2018-04-09 00:00:00	449.0	CSTTI	319	AIRBUS A319-111	NB	ORY	2018-04-09 18:55:00	2018-04-09 19:27:00	2018-04-09 19:37:00	LIS	2018-04-09 21:34:00	2018-04-09 21:37:00	2018-04-09 21:20:00	J	TP	2018-04-13 10:28:59	7.0	89.0	0	12.0	150.0	4.0	3.11		BKN	BKN	BKN	700.0	1200.0	7000.0						12.0	240.0	7.0	6.21		FEW	BKN	M	1200.0	1500.0						
469920	2018-04-09 00:00:00	584.0	CSTPR	E90	EMBRAER 190	PGA	LIS	2018-04-09 19:00:00	2018-04-09 19:29:00	2018-04-09 19:41:00	CGN	2018-04-09 22:13:00	2018-04-09 22:18:00	2018-04-09 21:50:00	J	NI	2018-04-09 19:57:59	29.0	89.0	0	11.0	270.0	5.0	6.21		FEW	M	M	1400.0								15.0	180.0	7.0	6.21		M	M	M								
469921	2018-04-09 00:00:00	642.0	CSTNS	320	AIRBUS A320-211	NB	LIS	2018-04-09 19:00:00	2018-04-09 20:05:00	2018-04-09 20:16:00	BRU	2018-04-09 22:31:00	2018-04-09 22:36:00	2018-04-09 21:35:00	J	TP	2018-04-09 20:16:59	65.0	93.0	R	11.0	270.0	5.0	6.21		FEW	M	M	1400.0								12.0	0.0	0.0	4.97		NSC	M	M								
469922	2018-04-09 00:00:00	1714.0	CSTTA	319	AIRBUS A319-111	NB	FNC	2018-04-09 19:00:00	2018-04-09 19:09:00	2018-04-09 19:16:00	OPO	2018-04-09 21:10:00	2018-04-09 21:14:00	2018-04-09 20:50:00	J	TP	2018-04-13 08:08:59	5.0	89.0	0	16.0		10.0	6.21	28.0	SCT	M	M	1600.0								12.0	310.0	9.0	6.21		BKN	BKN	M	1500.0	2500.0						
469923	2018-04-09 00:00:00	1970.0	CSDJH	AT7	ATR 72	WI	LIS	2018-04-09 19:00:00	2018-04-09 22:13:00	2018-04-09 22:28:00	OPO	2018-04-09 23:18:00	2018-04-09 23:21:00	2018-04-09 20:00:00	J	WI	2018-04-09 22:36:59	23.0	72.0	0	12.0	260.0	4.0	6.21		FEW	SCT	M	1200.0	1800.0							12.0	260.0	7.0	6.21		SCT	BKN	M	1500.0	2000.0						
469924	2018-04-09 00:00:00	1113.0	CSDJF	AT7	ATR 72	WI	OVD	2018-04-09 19:10:00	2018-04-09 19:20:00	2018-04-09 19:28:00	LIS	2018-04-09 20:53:00	2018-04-09 20:58:00	2018-04-09 20:55:00	J	WI	2018-04-09 19:29:15	10.0	93.0	Q	9.0	300.0	4.0	6.21		FEW	M	M	1500.0								12.0	230.0	6.0	6.21		FEW	BKN	M	1200.0	2000.0						
469925	2018-04-09 00:00:00	1006.0	CSTPQ	E90	EMBRAER 190	PGA	OPO	2018-04-09 19:15:00	2018-04-09 22:17:00	2018-04-09 22:25:00	MAD	2018-04-09 23:10:00	2018-04-09 23:22:00	2018-04-09 20:25:00	J	NI	2018-04-09 22:32:31	182.0	95.0	B	12.0	270.0	6.0	6.21		BKN	BKN	M	1700.0	4500.0							7.0	230.0	14.0	6.21		SCT	BKN	M	1500.0	5000.0						
469926	2018-04-09 00:00:00	1060.0	CSDJC	AT7	ATR 72	WI	LIS	2018-04-09 19:15:00	2018-04-09 19:12:00	2018-04-09 19:22:00	BIO	2018-04-09 21:10:00	2018-04-09 21:15:00	2018-04-09 21:10:00	J	WI					11.0	280.0	6.0	6.21		SCT	BKN	M	1400.0	2800.0							9.0		2.0	4.97		BKN	BKN	M	2500.0	4500.0						
469927	2018-04-09 00:00:00	362.0	CSTTR	319	AIRBUS A319-111	NB	LIS	2018-04-09 19:25:00	2018-04-09 19:57:00	2018-04-09 20:07:00	LHR	2018-04-09 22:15:00	2018-04-09 22:30:00	2018-04-09 21:55:00	J	TP	2018-04-09 20:31:59	8.0	19.0	B	11.0	270.0	5.0	6.21		FEW	M	M	1400.0								9.0	90.0	7.0	1.74		BKN	M	M	300.0							
469928	2018-04-09 00:00:00	946.0	CSTTK	319	AIRBUS A319-111	NB	LIS	2018-04-09 19:25:00	2018-04-09 19:35:00	2018-04-09 19:49:00	GVA	2018-04-09 21:49:00	2018-04-09 21:53:00	2018-04-09 21:45:00	J	TP	2018-04-09 20:20:59	10.0	89.0	0	11.0	270.0	5.0	6.21		FEW	M	M	1400.0								10.0	250.0	5.0	6.21		M	M	M								
469929	2018-04-09 00:00:00	1959.0	CSDJB	AT7	ATR 72	WI	OPO	2018-04-09 19:30:00	2018-04-09 21:28:00	2018-04-09 21:36:00	LIS	2018-04-09 22:20:00	2018-04-09 22:24:00	2018-04-09 20:30:00	J	WI	2018-04-09 21:43:32	25.0	16.0	G	12.0	300.0	6.0	6.21		BKN	BKN	M	1500.0	3700.0							12.0	290.0	7.0	6.21		SCT	M	M	1200.0							
469930	2018-04-09 00:00:00	1547.0	CSTNU	320	AIRBUS A320-211	NB	LIS	2018-04-09 19:45:00	2018-04-09 20:01:00	2018-04-09 20:11:00	SID	2018-04-09 23:54:00	2018-04-09 23:59:00	2018-04-09 23:55:00	J	TP	2018-04-09 22:42:59	6.0	89.0	0	11.0	270.0	5.0	6.21		FEW	M	M	1400.0								20.0	50.0	15.0	4.97		BKN	BKN	M	1400.0	10000.0						
469931	2018-04-09 00:00:00	1485.0	CSTJH	321	AIRBUS A321-211	NB	LIS	2018-04-09 19:50:00	2018-04-09 21:07:00	2018-04-09 21:27:00	DSS	2018-04-10 01:01:00	2018-04-10 01:05:00	2018-04-09 23:50:00	J	TP	2018-04-09 21:35:59	22.0	15.0	A	12.0	230.0	6.0	6.21		FEW	BKN	M	1200.0	2000.0							20.0	360.0	18.0	3.73		NSC	M	M								
469932	2018-04-09 00:00:00	828.0	CSTTS	319	AIRBUS A319-111	NB	LIS	2018-04-09 19:55:00	2018-04-09 21:10:00	2018-04-09 21:29:00	MXP	2018-04-09 23:37:00	2018-04-09 23:43:00	2018-04-09 22:30:00	J	TP	2018-04-09 21:40:59	19.0	89.0	0	12.0	230.0	6.0	6.21		FEW	BKN	M	1200.0	2000.0							10.0	250.0	6.0	2.49		SCT	BKN	M	300.0	1500.0						
469933	2018-04-09 00:00:00	58.0	CSTOW	333	AIRBUS A330-300	WB	BSB	2018-04-09 20:00:00	2018-04-09 20:41:00	2018-04-09 20:59:00	LIS	2018-04-10 05:34:00	2018-04-10 05:39:00	2018-04-10 05:00:00	J	TP	2018-04-11 11:44:59	34.0	93.0	R		100.0	14.0	6.21		FEW	SCT	FEW	1000.0	3500.0	4000.0						12.0	250.0	14.0	5.59	24.0	FEW	BKN	M	600.0	900.0						
469934	2018-04-09 00:00:00	104.0	CSTOU	333	AIRBUS A330-300	WB	CNF	2018-04-09 20:00:00	2018-04-09 20:25:00	2018-04-09 20:35:00	LIS	2018-04-10 05:21:00	2018-04-10 05:25:00	2018-04-10 05:10:00	J	TP	2018-04-09 21:05:18	3.0	89.0	0	25.0	90.0	7.0	6.21		FEW	M	M	4000.0								12.0	250.0	14.0	5.59	24.0	FEW	BKN	M	600.0	900.0						
469935	2018-04-09 00:00:00	1533.0	CSTNW	320	AIRBUS A320-211	NB	LIS	2018-04-09 20:00:00	2018-04-09 21:23:00	2018-04-09 21:38:00	RAI	2018-04-10 01:23:00	2018-04-10 01:28:00	2018-04-10 00:15:00	J	TP	2018-04-09 21:48:59	63.0	15.0	A	12.0	240.0	7.0	6.21		FEW	BKN	M	1200.0	1500.0							20.0	30.0	18.0	6.21		FEW	M	M	1600.0							
469936	2018-04-09 00:00:00	494.0	CSTPO	E90	EMBRAER 190	PGA	LIS	2018-04-09 20:05:00	2018-04-09 20:46:00	2018-04-09 20:58:00	TLS	2018-04-09 22:34:00	2018-04-09 22:39:00	2018-04-09 21:55:00	J	NI	2018-04-09 20:58:59	41.0	64.0	0	12.0	230.0	6.0	6.21		FEW	BKN	M	1200.0	2000.0							8.0	220.0	5.0	6.21		FEW	BKN	BKN	1700.0	6800.0	15000.0					
469937	2018-04-09 00:00:00	1021.0	CSTPT	E90	EMBRAER 190	PGA	MAD	2018-04-09 20:05:00	2018-04-09 20:38:00	2018-04-09 20:49:00	LIS	2018-04-09 21:41:00	2018-04-09 21:47:00	2018-04-09 21:25:00	J	NI	2018-04-09 20:56:16	33.0	93.0	0	7.0	220.0	14.0	6.21		SCT	BKN	M	1800.0	5500.0							12.0	260.0	4.0	6.21		FEW	SCT	M	1200.0	1800.0						
469938	2018-04-09 00:00:00	337.0	CSTPW	E90	EMBRAER 190	PGA	LGW	2018-04-09 20:10:00	2018-04-09 22:22:00	2018-04-09 22:50:00	OPO	2018-04-10 00:40:00	2018-04-10 00:42:00	2018-04-09 22:30:00	J	NI	2018-04-09 22:55:41	132.0	93.0	0	10.0	80.0	5.0	1.55		BKN	M	M	400.0								10.0	230.0	8.0	6.21		SCT	OVC	M	1400.0	4900.0						
469939	2018-04-09 00:00:00	1090.0	CSDJD	AT7	ATR 72	WI	LIS	2018-04-09 20:10:00	2018-04-09 22:13:00	2018-04-09 22:25:00	VLC	2018-04-10 00:01:00	2018-04-10 00:04:00	2018-04-09 22:15:00	J	WI	2018-04-17 09:33:59	43.0	36.0	A	12.0	260.0	4.0	6.21		FEW	SCT	M	1200.0	1800.0							11.0	230.0	8.0	6.21		FEW	M	M	5000.0							
469940	2018-04-09 00:00:00	224.0	CSTOV	333	AIRBUS A330-300	WB	MIA	2018-04-09 20:15:00	2018-04-09 20:42:00	2018-04-09 21:00:00	LIS	2018-04-10 04:24:00	2018-04-10 04:30:00	2018-04-10 04:20:00	J	TP	2018-04-09 21:09:26	27.0	19.0	0				10.0		SCT	M	M	5000.0								11.0	230.0	17.0	5.59		FEW	BKN	M	400.0	700.0						
469941	2018-04-09 00:00:00	1968.0	CSTPS	E90	EMBRAER 190	PGA	LIS	2018-04-09 20:15:00	2018-04-09 20:49:00	2018-04-09 21:00:00	OPO	2018-04-09 21:34:00	2018-04-09 21:38:00	2018-04-09 21:10:00	J	NI	2018-04-09 21:47:59	9.0	89.0	0	12.0	230.0	6.0	6.21		FEW	BKN	M	1200.0	2000.0							12.0	300.0	6.0	6.21		BKN	BKN	M	1500.0	3700.0						
469942	2018-04-09 00:00:00	817.0	CSTTH	319	AIRBUS A319-111	NB	MXP	2018-04-09 20:20:00	2018-04-09 21:08:00	2018-04-09 21:19:00	OPO	2018-04-09 23:29:00	2018-04-09 23:33:00	2018-04-09 23:05:00	J	TP	2018-04-09 21:23:23	48.0	93.0	R	11.0	350.0	6.0	4.97		BKN	M	M	3500.0								12.0	260.0	7.0	6.21		SCT	BKN	M	1500.0	2000.0						
469943	2018-04-09 00:00:00	1048.0	CSTTQ	319	AIRBUS A319-111	NB	LIS	2018-04-09 20:30:00	2018-04-09 21:08:00	2018-04-09 21:25:00	BCN	2018-04-09 22:51:00	2018-04-09 22:58:00	2018-04-09 22:20:00	J	TP	2018-04-09 21:27:59	13.0	83.0	0	12.0	230.0	6.0	6.21		FEW	BKN	M	1200.0	2000.0							10.0	300.0	7.0	6.21		FEW	M	M	2000.0							
469944	2018-04-09 00:00:00	1971.0	CSDJH	AT7	ATR 72	WI	OPO	2018-04-09 20:30:00	2018-04-09 23:48:00	2018-04-09 23:56:00	LIS	2018-04-10 00:36:00	2018-04-10 00:40:00	2018-04-09 21:30:00	J	WI	2018-04-10 00:00:33	198.0	93.0	R	12.0	260.0	7.0	6.21		SCT	BKN	M	1500.0	2000.0							11.0	250.0	7.0	6.21		FEW	SCT	M	1200.0	1500.0						
469945	2018-04-09 00:00:00	1022.0	CSTPP	E90	EMBRAER 190	PGA	LIS	2018-04-09 20:35:00	2018-04-09 20:30:00	2018-04-09 20:39:00	MAD	2018-04-09 21:34:00	2018-04-09 21:49:00	2018-04-09 21:50:00	J	NI					12.0	240.0	6.0	6.21		FEW	BKN	M	1700.0	3600.0							7.0	220.0	11.0	6.21		SCT	BKN	M	1500.0	5000.0						
469946	2018-04-09 00:00:00	1047.0	CSTTJ	319	AIRBUS A319-111	NB	BCN	2018-04-09 20:35:00	2018-04-09 20:55:00	2018-04-09 21:21:00	LIS	2018-04-09 22:50:00	2018-04-09 22:53:00	2018-04-09 22:30:00	J	TP	2018-04-09 21:38:28	16.0	32.0	A	12.0	340.0	8.0	6.21		FEW	M	M	2000.0								12.0	290.0	6.0	6.21		FEW	BKN	M	1200.0	1400.0						
469947	2018-04-09 00:00:00	478.0	CSTTX	E95	EMBRAER 195	PGA	LIS	2018-04-09 20:40:00	2018-04-09 20:52:00	2018-04-09 21:04:00	LYS	2018-04-09 23:02:00	2018-04-09 23:06:00	2018-04-09 22:55:00	J	NI	2018-04-09 21:25:59	12.0	93.0	R	12.0	230.0	6.0	6.21		FEW	BKN	M	1200.0	2000.0							12.0	100.0	4.0	6.21		FEW	SCT	BKN	2200.0	7000.0	19000.0					
469948	2018-04-09 00:00:00	1136.0	CSDJB	AT7	ATR 72	WI	LIS	2018-04-09 20:40:00	2018-04-09 23:15:00	2018-04-09 23:25:00	AGP	2018-04-10 00:26:00	2018-04-10 00:29:00	2018-04-09 22:10:00	J	WI	2018-04-09 23:27:59	11.0	36.0	A	12.0	290.0	6.0	6.21		FEW	BKN	M	1200.0	1400.0							10.0		2.0	6.21		FEW	M	M	6500.0							
469949	2018-04-09 00:00:00	1691.0	CSTJG	321	AIRBUS A321-211	NB	LIS	2018-04-09 20:50:00	2018-04-10 00:02:00	2018-04-10 00:09:00	FNC	2018-04-10 01:25:00	2018-04-10 01:28:00	2018-04-09 22:35:00	J	TP	2018-04-10 00:21:59	64.0	16.0	0	11.0	250.0	6.0	6.21		FEW	M	M	1200.0								15.0		10.0	6.21	21.0	SCT	M	M	1500.0							
469950	2018-04-09 00:00:00	1713.0	CSTTB	319	AIRBUS A319-111	NB	OPO	2018-04-09 20:50:00	2018-04-09 21:16:00	2018-04-09 21:24:00	FNC	2018-04-09 22:56:00	2018-04-09 22:59:00	2018-04-09 22:50:00	J	TP	2018-04-09 21:32:19	6.0	14.0	A	12.0	300.0	6.0	6.21		BKN	BKN	M	1500.0	3700.0							15.0	340.0	9.0	6.21	19.0	BKN	M	M	1500.0							
469951	2018-04-09 00:00:00	1688.0	CSTNH	320	AIRBUS A320-211	NB	FNC	2018-04-09 20:55:00	2018-04-09 21:10:00	2018-04-09 21:20:00	LIS	2018-04-09 22:54:00	2018-04-09 22:59:00	2018-04-09 22:30:00	J	TP	2018-04-09 21:21:21	8.0	16.0	G	15.0		8.0	6.21	23.0	BKN	M	M	1500.0								12.0	290.0	6.0	6.21		FEW	BKN	M	1200.0	1400.0						
469952	2018-04-09 00:00:00	1009.0	CSTPQ	E90	EMBRAER 190	PGA	MAD	2018-04-09 21:05:00	2018-04-10 00:02:00	2018-04-10 00:24:00	OPO	2018-04-10 01:16:00	2018-04-10 01:19:00	2018-04-09 22:20:00	J	NI	2018-04-10 00:26:42	177.0	93.0	0	8.0	220.0	10.0	6.21		SCT	BKN	M	1500.0	5000.0							10.0	220.0	13.0	6.21		SCT	BKN	BKN	800.0	1200.0	3300.0					
469953	2018-04-09 00:00:00	1031.0	FHBAL	319	AIRBUS A319-111	NB	BCN	2018-04-09 21:05:00	2018-04-09 21:12:00	2018-04-09 21:30:00	OPO	2018-04-09 22:56:00	2018-04-09 23:02:00	2018-04-09 22:55:00	J	TP	2018-04-13 09:36:59	7.0	93.0	M	12.0	340.0	8.0	6.21		FEW	M	M	2000.0								12.0	260.0	7.0	6.21		BKN	FEW	BKN	1500.0	2000.0	4000.0					
469954	2018-04-09 00:00:00	1104.0	CSDJA	AT7	ATR 72	WI	LIS	2018-04-09 21:05:00	2018-04-09 21:00:00	2018-04-09 21:09:00	SVQ	2018-04-09 22:01:00	2018-04-09 22:04:00	2018-04-09 22:15:00	J	WI					12.0	230.0	6.0	6.21		FEW	BKN	M	1200.0	2000.0							12.0	250.0	6.0	6.21		M	M	M								
469955	2018-04-09 00:00:00	1432.0	CSDJE	AT7	ATR 72	WI	LIS	2018-04-09 21:10:00	2018-04-09 21:51:00	2018-04-09 22:03:00	TNG	2018-04-09 23:10:00	2018-04-09 23:16:00	2018-04-09 22:40:00	J	WI	2018-04-17 09:12:59	41.0	96.0	B	12.0	260.0	4.0	6.21		FEW	SCT	M	1200.0	1800.0							13.0	200.0	7.0	4.97		SCT	M	M	1600.0							
469956	2018-04-09 00:00:00	1823.0	CSTTF	319	AIRBUS A319-111	NB	LIS	2018-04-09 21:10:00	2018-04-09 21:06:00	2018-04-09 21:21:00	TER	2018-04-09 23:33:00	2018-04-09 23:39:00	2018-04-09 23:40:00	J	TP					12.0	230.0	6.0	6.21		FEW	BKN	M	1200.0	2000.0							17.0			6.21		FEW	BKN	M	1800.0	2500.0						
469957	2018-04-09 00:00:00	1958.0	CSTNN	320	AIRBUS A320-211	NB	LIS	2018-04-09 21:30:00	2018-04-09 22:24:00	2018-04-09 22:33:00	OPO	2018-04-09 23:05:00	2018-04-09 23:10:00	2018-04-09 22:25:00	J	TP	2018-04-09 22:54:59	7.0	89.0	0	12.0	290.0	7.0	6.21		SCT	M	M	1200.0								12.0	260.0	7.0	6.21		BKN	FEW	BKN	1500.0	2000.0	4000.0					
469958	2018-04-09 00:00:00	1865.0	CSTTP	319	AIRBUS A319-111	NB	LIS	2018-04-09 21:35:00	2018-04-09 21:50:00	2018-04-09 21:59:00	PDL	2018-04-09 23:58:00	2018-04-09 23:59:00	2018-04-09 23:55:00	J	TP	2018-04-09 21:59:59	7.0	89.0	0	12.0	260.0	4.0	6.21		FEW	SCT	M	1200.0	1800.0							16.0	290.0	17.0	6.21		FEW	SCT	M	600.0	1100.0						
469959	2018-04-09 00:00:00	202.0	CSTOM	332	AIRBUS A330-200	WB	EWR	2018-04-09 21:45:00	2018-04-09 22:06:00	2018-04-09 22:32:00	LIS	2018-04-10 04:29:00	2018-04-10 04:34:00	2018-04-10 04:35:00	J	TP	2018-04-09 22:58:31	11.0	89.0	0		150.0	10.0	10.0		OVC	M	M	9000.0								11.0	230.0	17.0	5.59		FEW	BKN	M	400.0	700.0						
469960	2018-04-09 00:00:00	1909.0	CSTTM	319	AIRBUS A319-111	NB	LIS	2018-04-09 22:05:00	2018-04-09 22:02:00	2018-04-09 22:12:00	FAO	2018-04-09 22:37:00	2018-04-09 22:41:00	2018-04-09 22:50:00	J	TP					12.0	260.0	4.0	6.21		FEW	SCT	M	1200.0	1800.0							11.0	330.0	8.0	6.21		M	M	M								
469961	2018-04-09 00:00:00	1232.0	CSTNG	320	AIRBUS A320-211	NB	LIS	2018-04-09 22:10:00	2018-04-09 22:12:00	2018-04-09 22:30:00	DME	2018-04-10 03:24:00	2018-04-10 03:29:00	2018-04-10 03:25:00	J	TP	2018-04-09 22:31:59	2.0	89.0	0	12.0	260.0	4.0	6.21		FEW	SCT	M	1200.0	1800.0							8.0	200.0	5.83	6.21		M	M	M								
469962	2018-04-09 00:00:00	1523.0	CSTNX	320	AIRBUS A320-211	NB	LFW	2018-04-09 22:10:00	2018-04-09 22:30:00	2018-04-09 22:41:00	ACC	2018-04-09 23:04:00	2018-04-09 23:08:00	2018-04-09 22:55:00	J	TP	2018-04-13 08:56:59	20.0	93.0	0	28.0	210.0	8.0	6.21		FEW	M	M	1200.0								28.0	220.0	11.0	6.21		FEW	M	M	1900.0							
469963	2018-04-09 00:00:00	1693.0	CSTJE	321	AIRBUS A321-211	NB	LIS	2018-04-09 22:10:00	2018-04-09 23:29:00	2018-04-09 23:41:00	FNC	2018-04-10 00:57:00	2018-04-10 01:04:00	2018-04-09 23:55:00	J	TP	2018-04-09 23:50:59	9.0	87.0	C	12.0	280.0	6.0	6.21		FEW	SCT	M	1200.0	4000.0							15.0		7.0	6.21	21.0	SCT	M	M	1500.0							
469964	2018-04-09 00:00:00	1928.0	CSTTE	319	AIRBUS A319-111	NB	LIS	2018-04-09 22:15:00	2018-04-10 00:04:00	2018-04-10 00:12:00	OPO	2018-04-10 00:44:00	2018-04-10 00:49:00	2018-04-09 23:10:00	J	TP	2018-04-10 00:24:59	36.0	16.0	0	11.0	250.0	6.0	6.21		FEW	M	M	1200.0								11.0	220.0	11.0	6.21		FEW	SCT	BKN	1000.0	1300.0	2000.0					
469965	2018-04-09 00:00:00	87.0	CSTOA	343	AIRBUS A340-312	WB	LIS	2018-04-09 22:20:00	2018-04-09 23:06:00	2018-04-09 23:21:00	GRU	2018-04-10 08:53:00	2018-04-10 09:09:00	2018-04-10 08:20:00	J	TP	2018-04-09 23:25:59	46.0	91.0	0	12.0	290.0	6.0	6.21		FEW	BKN	M	1200.0	1400.0							19.0	70.0	6.0	6.21		BKN	M	M	900.0							
469966	2018-04-09 00:00:00	75.0	CSTOH	332	AIRBUS A330-200	WB	LIS	2018-04-09 22:25:00	2018-04-09 23:01:00	2018-04-09 23:19:00	GIG	2018-04-10 08:55:00	2018-04-10 09:00:00	2018-04-10 08:20:00	J	TP	2018-04-09 23:24:59	36.0	91.0	0	12.0	290.0	6.0	6.21		FEW	BKN	M	1200.0	1400.0							22.0	80.0	2.0	6.21		M	M	M								
469967	2018-04-09 00:00:00	792.0	CSTTI	319	AIRBUS A319-111	NB	LIS	2018-04-09 22:25:00	2018-04-09 22:36:00	2018-04-09 22:49:00	HEL	2018-04-10 03:00:00	2018-04-10 03:11:00	2018-04-10 03:00:00	J	TP	2018-04-09 22:54:59	11.0	37.0	A	12.0	290.0	7.0	6.21		SCT	M	M	1200.0								-1.0	320.0	6.0	6.21		M	M	M								
469968	2018-04-09 00:00:00	289.0	CSTOB	343	AIRBUS A340-312	WB	LIS	2018-04-09 22:35:00	2018-04-09 22:42:00	2018-04-09 22:57:00	LAD	2018-04-10 06:03:00	2018-04-10 06:12:00	2018-04-10 06:05:00	J	TP	2018-04-09 23:04:59	7.0	89.0	0	12.0	290.0	7.0	6.21		SCT	M	M	1200.0								23.0	90.0	8.0	4.35		BKN	M	M	700.0							
469969	2018-04-09 00:00:00	218.0	CSTOQ	332	AIRBUS A330-200	WB	BOS	2018-04-09 22:40:00	2018-04-09 22:37:00	2018-04-09 22:50:00	LIS	2018-04-10 04:51:00	2018-04-10 04:57:00	2018-04-10 05:05:00	J	TP						300.0	8.0	10.0		M	M	M									11.0	240.0	15.0	4.35		FEW	BKN	M	500.0	600.0						
469970	2018-04-09 00:00:00	2394.0	CSTNM	320	AIRBUS A320-211	NB	LIS	2018-04-09 22:50:00	2018-04-09 22:57:00	2018-04-09 23:06:00	OTP	2018-04-10 02:39:00	2018-04-10 02:44:00	2018-04-10 02:50:00	J	TP	2018-04-09 23:22:59	7.0	15.0	D	12.0	290.0	6.0	6.21		FEW	BKN	M	1200.0	1400.0							8.0	30.0	4.0	6.21		M	M	M								
469971	2018-04-09 00:00:00	1523.0	CSTNX	320	AIRBUS A320-211	NB	ACC	2018-04-09 23:55:00	2018-04-10 00:02:00	2018-04-10 00:15:00	LIS	2018-04-10 05:28:00	2018-04-10 05:33:00	2018-04-10 05:20:00	J	TP	2018-04-13 10:41:59	7.0	36.0	A	28.0	220.0	8.0	6.21		FEW	M	M	1600.0								12.0	250.0	14.0	5.59	24.0	FEW	BKN	M	600.0	900.0						
469972	2018-04-10 00:00:00	88.0	CSTON	332	AIRBUS A330-200	WB	GRU	2018-04-10 00:40:00	2018-04-10 00:35:00	2018-04-10 00:49:00	LIS	2018-04-10 10:12:00	2018-04-10 10:15:00	2018-04-10 10:30:00	J	TP					21.0	110.0	4.0	6.21		BKN	M	M	1500.0								12.0	270.0	12.0	5.59	22.0	SCT	BKN	M	1100.0	1600.0						
469973	2018-04-10 00:00:00	1484.0	CSTJH	321	AIRBUS A321-211	NB	DSS	2018-04-10 00:50:00	2018-04-10 02:19:00	2018-04-10 02:32:00	LIS	2018-04-10 06:11:00	2018-04-10 06:14:00	2018-04-10 04:45:00	J	TP	2018-04-16 08:20:59	55.0	93.0	R	20.0	10.0	19.0	3.73		NSC	M	M									12.0	280.0	11.0	6.21		FEW	SCT	M	800.0	1200.0						
469974	2018-04-10 00:00:00	1508.0	CSTNR	320	AIRBUS A320-211	NB	ABJ	2018-04-10 00:50:00	2018-04-10 01:27:00	2018-04-10 01:39:00	LIS	2018-04-10 06:58:00	2018-04-10 07:02:00	2018-04-10 05:55:00	J	TP	2018-04-23 11:04:59	16.0	93.0	0	28.0	240.0	4.0	6.21		FEW	M	M	1200.0								12.0	300.0	5.0	3.73		FEW	BKN	M	800.0	1200.0						
469975	2018-04-10 00:00:00	1538.0	CSTNU	320	AIRBUS A320-211	NB	SID	2018-04-10 00:55:00	2018-04-10 01:05:00	2018-04-10 01:11:00	LIS	2018-04-10 04:59:00	2018-04-10 05:02:00	2018-04-10 04:35:00	J	TP	2018-04-23 11:05:59	7.0	16.0	H	20.0	50.0	15.0	4.35		SCT	BKN	M	1400.0	10000.0							11.0	240.0	15.0	4.35		FEW	BKN	M	500.0	600.0						
469976	2018-04-10 00:00:00	1532.0	CSTNW	320	AIRBUS A320-211	NB	RAI	2018-04-10 01:05:00	2018-04-10 02:29:00	2018-04-10 02:40:00	LIS	2018-04-10 06:35:00	2018-04-10 06:40:00	2018-04-10 05:05:00	J	TP	2018-04-16 08:22:59	10.0	93.0	R	20.0	30.0	17.0	6.21		FEW	M	M	1500.0								11.0	280.0	8.0	5.59		FEW	BKN	M	1000.0	1400.0						
469977	2018-04-10 00:00:00	36.0	CSTOE	332	AIRBUS A330-200	WB	FOR	2018-04-10 02:05:00	2018-04-10 01:53:00	2018-04-10 02:03:00	LIS	2018-04-10 08:50:00	2018-04-10 08:54:00	2018-04-10 09:10:00	J	TP					26.0	160.0	4.0	6.21		FEW	M	M	1700.0								11.0	280.0	11.0	5.59	21.0	FEW	BKN	M	900.0	1400.0						
469978	2018-04-10 00:00:00	12.0	CSTOI	332	AIRBUS A330-200	WB	REC	2018-04-10 02:10:00	2018-04-10 02:12:00	2018-04-10 02:25:00	LIS	2018-04-10 09:18:00	2018-04-10 09:28:00	2018-04-10 09:25:00	J	TP	2018-04-10 02:26:53	2.0	89.0	0	26.0	160.0	8.0	6.21		SCT	M	M	2300.0								12.0	280.0	10.0	4.97	20.0	SCT	BKN	M	1000.0	1500.0						
469979	2018-04-10 00:00:00	78.0	CSTOK	332	AIRBUS A330-200	WB	GIG	2018-04-10 02:10:00	2018-04-10 02:12:00	2018-04-10 02:27:00	OPO	2018-04-10 11:39:00	2018-04-10 11:54:00	2018-04-10 12:05:00	J	TP	2018-04-10 02:47:55	2.0	89.0	0	25.0	100.0	9.0	6.21		M	M	M									11.0	280.0	8.0	6.21		FEW	BKN	M	2000.0	3000.0						
469980	2018-04-10 00:00:00	21.0	CSTOX	333	AIRBUS A330-300	WB	SSA	2018-04-10 02:20:00	2018-04-10 02:27:00	2018-04-10 02:36:00	LIS	2018-04-10 10:15:00	2018-04-10 10:18:00	2018-04-10 10:25:00	J	TP	2018-04-10 02:50:43	7.0	86.0	0	27.0	110.0	7.0	6.21		FEW	BKN	M	2000.0	7000.0							12.0	270.0	12.0	3.73	22.0	FEW	BKN	M	1200.0	1600.0						
469981	2018-04-10 00:00:00	4.0	CSTOL	332	AIRBUS A330-200	WB	NAT	2018-04-10 03:15:00	2018-04-10 04:14:00	2018-04-10 04:25:00	LIS	2018-04-10 10:59:00	2018-04-10 11:08:00	2018-04-10 10:15:00	J	TP	2018-04-10 04:35:55	59.0	93.0	0	24.0	200.0	4.0	6.21		FEW	M	M	3000.0								11.0	270.0	12.0	6.21		FEW	BKN	M	1000.0	1400.0						
469982	2018-04-10 00:00:00	208.0	CSTOO	332	AIRBUS A330-200	WB	JFK	2018-04-10 03:25:00	2018-04-10 03:14:00	2018-04-10 03:31:00	LIS	2018-04-10 09:34:00	2018-04-10 10:12:00	2018-04-10 10:15:00	J	TP						230.0	9.0	10.0		BKN	BKN	OVC	5000.0	7000.0	9000.0						12.0	270.0	12.0	5.59	22.0	SCT	BKN	M	1100.0	1600.0						
469983	2018-04-10 00:00:00	1325.0	CSTNM	320	AIRBUS A320-211	NB	OTP	2018-04-10 03:35:00	2018-04-10 03:37:00	2018-04-10 03:53:00	FAO	2018-04-10 08:35:00	2018-04-10 08:40:00	2018-04-10 08:10:00	J	TP	2018-04-10 08:12:59	2.0	89.0	0	7.0	20.0	3.0	6.21		NCD	M	M									13.0	230.0	21.0	4.97		BKN	BKN	M	1200.0	2200.0						
469984	2018-04-10 00:00:00	262.0	CSTOF	332	AIRBUS A330-200	WB	YYZ	2018-04-10 03:55:00	2018-04-10 04:14:00	2018-04-10 04:41:00	LIS	2018-04-10 11:02:00	2018-04-10 11:07:00	2018-04-10 10:50:00	J	TP	2018-04-10 04:43:47	9.0	89.0	0	0.0	340.0	9.0	10.0		FEW	OVC	M	1200.0	2700.0							11.0	270.0	12.0	6.21		FEW	BKN	M	1000.0	1400.0						
469985	2018-04-10 00:00:00	473.0	CSTTX	E95	EMBRAER 195	PGA	LYS	2018-04-10 04:00:00	2018-04-10 04:09:00	2018-04-10 04:20:00	LIS	2018-04-10 06:21:00	2018-04-10 06:27:00	2018-04-10 06:30:00	J	NI	2018-04-10 04:31:47	9.0	14.0	0	6.0	210.0	28.0	4.97	40.0	FEW	BKN	M	3000.0	8300.0							11.0	280.0	8.0	5.59		FEW	BKN	M	1000.0	1400.0						
469986	2018-04-10 00:00:00	527.0	CSTTY	E95	EMBRAER 195	PGA	STR	2018-04-10 04:00:00	2018-04-10 04:12:00	2018-04-10 04:28:00	LIS	2018-04-10 07:22:00	2018-04-10 07:26:00	2018-04-10 07:10:00	J	NI	2018-04-10 08:31:59	2.0	89.0	0	10.0	70.0	5.0	6.21		M	M	M									11.0	300.0	10.0	4.35		FEW	BKN	M	800.0	1200.0						
469987	2018-04-10 00:00:00	531.0	CSTNP	320	AIRBUS A320-211	NB	TXL	2018-04-10 04:00:00	2018-04-10 04:06:00	2018-04-10 04:14:00	LIS	2018-04-10 07:48:00	2018-04-10 07:52:00	2018-04-10 07:40:00	J	TP	2018-04-10 08:16:59	6.0	83.0	0	12.0	60.0	5.0	6.21		M	M	M									11.0	270.0	6.0	4.97		FEW	BKN	M	900.0	1200.0						
469988	2018-04-10 00:00:00	567.0	CSTNY	320	AIRBUS A320-211	NB	HAM	2018-04-10 04:00:00	2018-04-10 04:11:00	2018-04-10 04:21:00	LIS	2018-04-10 07:31:00	2018-04-10 07:34:00	2018-04-10 07:30:00	J	TP	2018-04-10 04:33:52	11.0	14.0	A	9.0	60.0	12.0	4.35		NSC	M	M									11.0	300.0	10.0	4.35		FEW	BKN	M	800.0	1200.0						
469989	2018-04-10 00:00:00	753.0	FHBIS	320	AIRBUS A320-211	NB	CPH	2018-04-10 04:00:00	2018-04-10 04:02:00	2018-04-10 04:15:00	LIS	2018-04-10 07:52:00	2018-04-10 07:54:00	2018-04-10 07:45:00	J	TP	2018-04-10 08:22:59	2.0	89.0	0	7.0	360.0	10.0	6.21		M	M	M									11.0	270.0	6.0	4.97		FEW	BKN	M	900.0	1200.0						
469990	2018-04-10 00:00:00	553.0	CSTTD	319	AIRBUS A319-111	NB	MUC	2018-04-10 04:05:00	2018-04-10 04:25:00	2018-04-10 04:37:00	LIS	2018-04-10 07:40:00	2018-04-10 07:45:00	2018-04-10 07:20:00	J	TP	2018-04-10 04:37:58	10.0	83.0	0	5.0	230.0	3.0	6.21		M	M	M									11.0	300.0	10.0	4.35		FEW	BKN	M	800.0	1200.0						
469991	2018-04-10 00:00:00	791.0	CSTTI	319	AIRBUS A319-111	NB	HEL	2018-04-10 04:05:00	2018-04-10 04:17:00	2018-04-10 04:31:00	LIS	2018-04-10 09:06:00	2018-04-10 09:10:00	2018-04-10 08:55:00	J	TP	2018-04-10 05:38:59	12.0	87.0	0	-1.0	320.0	6.0	6.21		M	M	M									11.0	280.0	11.0	5.59	21.0	FEW	BKN	M	900.0	1400.0						
469992	2018-04-10 00:00:00	821.0	CSTTS	319	AIRBUS A319-111	NB	MXP	2018-04-10 04:05:00	2018-04-10 04:02:00	2018-04-10 04:15:00	LIS	2018-04-10 06:50:00	2018-04-10 06:53:00	2018-04-10 07:00:00	J	TP					10.0	150.0	2.0	2.49		BKN	BKN	M	2500.0	5000.0							12.0	300.0	5.0	3.73		FEW	BKN	M	800.0	1200.0						
469993	2018-04-10 00:00:00	9337.0	INEOT	738	BOEING 737-800		VRN	2018-04-10 04:05:00	2018-04-10 04:03:00	2018-04-10 04:12:00	LIS	2018-04-10 07:06:00	2018-04-10 07:11:00	2018-04-10 07:15:00	P	NO					11.0	210.0	2.0	0.93		SCT	BKN	M	200.0	7000.0							12.0	300.0	5.0	3.73		FEW	BKN	M	800.0	1200.0						
469994	2018-04-10 00:00:00	949.0	CSTTK	319	AIRBUS A319-111	NB	GVA	2018-04-10 04:10:00	2018-04-10 04:07:00	2018-04-10 04:19:00	LIS	2018-04-10 06:25:00	2018-04-10 06:28:00	2018-04-10 06:45:00	J	TP					6.0		1.0	6.21		BKN	BKN	M	6500.0	20000.0							11.0	280.0	8.0	5.59		FEW	BKN	M	1000.0	1400.0						
469995	2018-04-10 00:00:00	499.0	CSTPO	E90	EMBRAER 190	PGA	TLS	2018-04-10 04:15:00	2018-04-10 04:25:00	2018-04-10 04:40:00	LIS	2018-04-10 06:15:00	2018-04-10 06:20:00	2018-04-10 06:15:00	J	NI	2018-04-10 08:31:59	10.0	81.0	0	7.0	150.0	9.0	4.97		SCT	BKN	OVC	2400.0	3000.0	3600.0						11.0	280.0	8.0	5.59		FEW	BKN	M	1000.0	1400.0						
469996	2018-04-10 00:00:00	571.0	CSTNI	320	AIRBUS A320-211	NB	FRA	2018-04-10 04:15:00	2018-04-10 04:08:00	2018-04-10 04:19:00	LIS	2018-04-10 07:08:00	2018-04-10 07:14:00	2018-04-10 07:25:00	J	TP					9.0	140.0	2.0	6.21		M	M	M									12.0	300.0	5.0	3.73		FEW	BKN	M	800.0	1200.0						
469997	2018-04-10 00:00:00	837.0	CSTMW	320	AIRBUS A320-211	NB	FCO	2018-04-10 04:15:00	2018-04-10 04:15:00	2018-04-10 04:28:00	LIS	2018-04-10 07:34:00	2018-04-10 07:39:00	2018-04-10 07:20:00	J	TP					10.0	100.0	5.0	5.59		FEW	M	M	4000.0								11.0	300.0	10.0	4.35		FEW	BKN	M	800.0	1200.0						
469998	2018-04-10 00:00:00	1235.0	CSTNG	320	AIRBUS A320-211	NB	DME	2018-04-10 04:15:00	2018-04-10 04:30:00	2018-04-10 04:51:00	LIS	2018-04-10 10:09:00	2018-04-10 10:13:00	2018-04-10 10:10:00	J	TP	2018-04-23 11:02:59	5.0	89.0	0	9.0	210.0	9.72	6.21		M	M	M									12.0	270.0	12.0	5.59	22.0	SCT	BKN	M	1100.0	1600.0						
469999	2018-04-10 00:00:00	1943.0	CSTTE	319	AIRBUS A319-111	NB	OPO	2018-04-10 04:15:00	2018-04-10 04:17:00	2018-04-10 04:26:00	LIS	2018-04-10 04:56:00	2018-04-10 05:03:00	2018-04-10 05:10:00	J	TP	2018-04-10 04:28:43	2.0	89.0	0	10.0	300.0	12.0	4.97		SCT	SCT	BKN	1200.0	1900.0	3700.0						11.0	240.0	15.0	4.35		FEW	BKN	M	500.0	600.0						
